1751369530235 1.0 0
1751369729400 2.0 0
1751369927396 3.0 0
1751370123475 4.0 0
1751370319744 5.0 0
1751370515792 6.0 0
1751370715524 7.0 0
1751370913991 8.0 0
1751371110972 9.0 0
1751371315731 10.0 0
1751371514422 11.0 0
1751371713013 12.0 0
1751371908244 13.0 0
1751372124537 14.0 0
1751372322259 15.0 0
1751372522728 16.0 0
1751372721805 17.0 0
1751372918514 18.0 0
1751373116417 19.0 0
1751373317564 20.0 0
1751373519450 21.0 0
1751373718444 22.0 0
1751373916425 23.0 0
1751374116278 24.0 0
1751374319127 25.0 0
1751374518626 26.0 0
1751374914725 28.0 0
1751375119088 29.0 0
1751375321233 30.0 0
1751375519072 31.0 0
1751375717859 32.0 0
1751375919292 33.0 0
1751376121717 34.0 0
1751376319973 35.0 0
1751376519191 36.0 0
1751376719230 37.0 0
1751376929579 38.0 0
1751377128762 39.0 0
1751377328338 40.0 0
1751377526882 41.0 0
1751377729712 42.0 0
1751377929301 43.0 0
1751378127027 44.0 0
1751378325142 45.0 0
1751378528837 46.0 0
1751378730758 47.0 0
1751379129919 49.0 0
1751379534257 51.0 0
1751379732889 52.0 0
1751379934680 53.0 0
1751380133464 54.0 0
1751380333089 55.0 0
1751380531735 56.0 0
1751380732597 57.0 0
1751380960854 58.0 0
1751381371155 60.0 0
1751381569599 61.0 0
1751381768431 62.0 0
1751381964772 63.0 0
1751382363226 65.0 0
1751382561464 66.0 0
1751383157325 69.0 0
1751384542586 76.0 0
1751384941078 78.0 0
1751385138204 79.0 0
