1751369408206 0.39173 1
1751369683184 0.164 2
1751369879638 0.0824 3
1751370078461 0.05378 4
1751370275816 0.0417 5
1751370471782 0.0356 6
1751370667774 0.03217 7
1751370867103 0.02998 8
1751371066858 0.0286 9
1751371265757 0.02754 10
1751371468124 0.02682 11
1751371665555 0.02621 12
1751371864086 0.02575 13
1751372079635 0.02539 14
1751372278220 0.02506 15
1751372474934 0.02474 16
1751372674481 0.02451 17
1751372874329 0.02426 18
1751373072225 0.02404 19
1751373270332 0.02382 20
1751373470715 0.02361 21
1751373673500 0.02338 22
1751373871935 0.02324 23
1751374070014 0.02306 24
1751374269768 0.02289 25
1751374472879 0.0227 26
1751374672118 0.02252 27
1751374869865 0.02235 28
1751375071257 0.0221 29
1751375273554 0.022 30
1751375474763 0.02182 31
1751375673367 0.02163 32
1751375872155 0.02145 33
1751376072503 0.02131 34
1751376274949 0.02117 35
1751376474697 0.02092 36
1751376673317 0.02079 37
1751376880595 0.02061 38
1751377083531 0.02049 39
1751377283796 0.02034 40
1751377481322 0.02018 41
1751377680503 0.02003 42
1751377882663 0.01989 43
1751378082648 0.01977 44
1751378280787 0.01964 45
1751378481485 0.01949 46
1751378682423 0.01939 47
1751378886234 0.01929 48
1751379085344 0.01917 49
1751379285349 0.01904 50
1751379485323 0.01899 51
1751379687184 0.01888 52
1751379887723 0.01879 53
1751380088750 0.01871 54
1751380285456 0.01867 55
1751380484886 0.01851 56
1751380686468 0.01852 57
1751380910278 0.01845 58
1751381124608 0.01837 59
1751381322436 0.01832 60
1751381523589 0.01828 61
1751381724199 0.01818 62
1751381920359 0.01814 63
1751382116953 0.01811 64
1751382316659 0.0181 65
1751382517374 0.01803 66
1751382713392 0.01796 67
1751382908276 0.01793 68
1751383107748 0.01788 69
1751383310847 0.01787 70
1751383509454 0.01783 71
1751383705465 0.01779 72
1751383901720 0.01779 73
1751384101280 0.01776 74
1751384301117 0.01772 75
1751384498355 0.01768 76
1751384695066 0.01771 77
1751384893280 0.01766 78
1751385092094 0.01762 79
1751385293850 0.01759 80
1751385489947 0.01757 81
1751385691016 0.01759 82
1751385889217 0.01756 83
1751386093721 0.01751 84
1751386293273 0.01755 85
1751386491092 0.01749 86
1751386690180 0.01748 87
1751386888985 0.01747 88
