1752859805472 1.0 0
1752859838874 2.0 0
1752859871539 3.0 0
1752859903398 4.0 0
1752859936697 5.0 0
1752859969017 6.0 0
1752860001111 7.0 0
1752860033158 8.0 0
1752860065319 9.0 0
1752860097690 10.0 0
1752860130508 11.0 0
1752860162562 12.0 0
1752860194622 13.0 0
1752860226398 14.0 0
1752860258979 15.0 0
1752860291210 16.0 0
1752860324202 17.0 0
1752860357146 18.0 0
1752860389716 19.0 0
1752860422720 20.0 0
1752860455203 21.0 0
1752860487689 22.0 0
1752860521071 23.0 0
1752860553885 24.0 0
1752860586873 25.0 0
1752860619648 26.0 0
1752860651775 27.0 0
1752860684917 28.0 0
1752860717718 29.0 0
1752860750480 30.0 0
1752860783159 31.0 0
1752860849482 33.0 0
1752860881964 34.0 0
1752860914299 35.0 0
1752860947336 36.0 0
1752860980387 37.0 0
1752861012608 38.0 0
1752861045658 39.0 0
1752861078720 40.0 0
1752861112067 41.0 0
1752861144760 42.0 0
1752861177798 43.0 0
1752861210536 44.0 0
1752861243858 45.0 0
1752861276920 46.0 0
1752861375665 49.0 0
1752861441425 51.0 0
1752861474344 52.0 0
1752861638250 57.0 0
1752861933841 66.0 0
