1752859787666 0.55607 1
1752859820905 0.4626 2
1752859854253 0.42849 3
1752859886782 0.38919 4
1752859918727 0.34612 5
1752859951984 0.30213 6
1752859984288 0.26636 7
1752860016345 0.2345 8
1752860048419 0.20682 9
1752860080540 0.18324 10
1752860112914 0.16291 11
1752860145722 0.14531 12
1752860177775 0.1299 13
1752860209845 0.11724 14
1752860241625 0.10559 15
1752860274178 0.09498 16
1752860306423 0.086 17
1752860339542 0.07848 18
1752860372361 0.07177 19
1752860405000 0.06592 20
1752860437940 0.061 21
1752860470407 0.05657 22
1752860502906 0.05284 23
1752860536440 0.04949 24
1752860569111 0.04655 25
1752860602238 0.04405 26
1752860634984 0.04186 27
1752860667031 0.04027 28
1752860700134 0.03869 29
1752860733058 0.03667 30
1752860765800 0.03497 31
1752860798659 0.03367 32
1752860831812 0.03247 33
1752860864904 0.03145 34
1752860897341 0.03047 35
1752860929659 0.02968 36
1752860962655 0.02887 37
1752860995632 0.02817 38
1752861027999 0.02766 39
1752861061058 0.02699 40
1752861094194 0.02645 41
1752861127289 0.02597 42
1752861160151 0.02549 43
1752861193100 0.02511 44
1752861225937 0.02468 45
1752861259230 0.02434 46
1752861292161 0.02407 47
1752861325246 0.02369 48
1752861358026 0.02341 49
1752861391046 0.02316 50
1752861423870 0.02293 51
1752861456769 0.02269 52
1752861489680 0.02252 53
1752861522678 0.0223 54
1752861555778 0.0221 55
1752861588609 0.02196 56
1752861620875 0.02181 57
1752861653562 0.02159 58
1752861686355 0.02145 59
1752861719205 0.02129 60
1752861751830 0.02116 61
1752861785035 0.02104 62
1752861817953 0.02091 63
1752861850638 0.02078 64
1752861883704 0.02069 65
1752861916419 0.0206 66
1752861949256 0.02049 67
1752861982273 0.02039 68
1752862015159 0.02031 69
1752862047977 0.0202 70
1752862081320 0.02016 71
1752862113657 0.02005 72
1752862146898 0.02 73
1752862179267 0.01983 74
1752862212142 0.01987 75
1752862245323 0.01971 76
