1753250394053 1.0 0
1753250411406 2.0 0
1753250428035 3.0 0
1753250444776 4.0 0
1753250461709 5.0 0
1753250478329 6.0 0
1753250494961 7.0 0
1753250511652 8.0 0
1753250528364 9.0 0
1753250545388 10.0 0
1753250562061 11.0 0
1753250578655 12.0 0
1753250595648 13.0 0
1753250612385 14.0 0
1753250628850 15.0 0
1753250645371 16.0 0
1753250662345 17.0 0
1753250679067 18.0 0
1753250695675 19.0 0
1753250712540 20.0 0
1753250729041 21.0 0
1753250762111 23.0 0
1753250778776 24.0 0
1753250795656 25.0 0
1753250828733 27.0 0
1753250845450 28.0 0
1753250878627 30.0 0
1753250895167 31.0 0
1753250911984 32.0 0
1753250928493 33.0 0
1753250945274 34.0 0
1753250961948 35.0 0
1753250978527 36.0 0
1753251011724 38.0 0
1753251028233 39.0 0
1753251078235 42.0 0
1753251144852 46.0 0
1753251161836 47.0 0
1753251211947 50.0 0
1753251245162 52.0 0
1753251278425 54.0 0
