1753250381970 0.52417 1
1753250399816 0.38216 2
1753250417134 0.30784 3
1753250433830 0.24902 4
1753250450506 0.20146 5
1753250467384 0.16415 6
1753250484047 0.13483 7
1753250500649 0.11251 8
1753250517369 0.09502 9
1753250534098 0.08156 10
1753250550996 0.07108 11
1753250567712 0.06262 12
1753250584420 0.05602 13
1753250601327 0.05065 14
1753250617998 0.04635 15
1753250634558 0.04273 16
1753250651130 0.03975 17
1753250668073 0.03724 18
1753250684774 0.03511 19
1753250701378 0.03301 20
1753250718139 0.03056 21
1753250734696 0.02921 22
1753250751253 0.02815 23
1753250767798 0.02726 24
1753250784499 0.02639 25
1753250801287 0.02573 26
1753250817874 0.02512 27
1753250834368 0.02457 28
1753250851046 0.02403 29
1753250867817 0.02355 30
1753250884313 0.02317 31
1753250900854 0.02279 32
1753250917641 0.02246 33
1753250934277 0.02218 34
1753250950881 0.02189 35
1753250967664 0.02163 36
1753250984202 0.02139 37
1753251000773 0.02125 38
1753251017345 0.02103 39
1753251033945 0.02091 40
1753251050750 0.02072 41
1753251067296 0.02067 42
1753251083957 0.02043 43
1753251100908 0.02037 44
1753251117439 0.02018 45
1753251133989 0.02011 46
1753251150527 0.01992 47
1753251167597 0.01988 48
1753251184103 0.01977 49
1753251200743 0.01968 50
1753251217655 0.01953 51
1753251234219 0.01945 52
1753251250899 0.0194 53
1753251267476 0.01937 54
1753251284174 0.01935 55
1753251300977 0.0193 56
1753251317582 0.01914 57
1753251334190 0.01907 58
1753251350880 0.01905 59
1753251367624 0.01899 60
1753251384316 0.019 61
1753251400748 0.01906 62
1753251417448 0.01888 63
1753251433948 0.01886 64
1753251450470 0.0188 65
1753251467369 0.01876 66
1753251483880 0.01878 67
1753251500475 0.01868 68
1753251516942 0.01864 69
1753251533661 0.01861 70
1753251550407 0.01865 71
1753251566924 0.01855 72
1753251583452 0.01854 73
1753251600344 0.01857 74
1753251616927 0.01841 75
1753251633395 0.01836 76
1753251650044 0.01839 77
1753251666949 0.01837 78
1753251683509 0.01833 79
1753251700034 0.01831 80
1753251717150 0.0183 81
1753251733744 0.01829 82
1753251750294 0.01832 83
1753251766871 0.01833 84
1753251783446 0.01819 85
1753251800196 0.01821 86
1753251816678 0.01824 87
1753251833144 0.01826 88
1753251849974 0.01811 89
1753251866647 0.01807 90
1753251883207 0.01807 91
1753251899889 0.01815 92
1753251916952 0.01821 93
1753251933463 0.01805 94
1753251950051 0.01803 95
1753251967116 0.01807 96
1753251983682 0.018 97
1753252000183 0.01798 98
1753252016865 0.01799 99
1753252033451 0.01801 100
1753252050396 0.01798 101
1753252066973 0.01794 102
1753252083435 0.01795 103
1753252100317 0.01793 104
1753252116903 0.01791 105
1753252133488 0.01793 106
1753252150126 0.01789 107
1753252167076 0.01787 108
1753252183643 0.01783 109
1753252200338 0.01784 110
1753252217524 0.01788 111
1753252233999 0.01777 112
1753252250690 0.01777 113
1753252267328 0.01779 114
1753252283835 0.01782 115
1753252300784 0.01775 116
1753252317404 0.01769 117
1753252333994 0.01766 118
1753252350909 0.01769 119
1753252367611 0.01772 120
1753252384296 0.01773 121
1753252400770 0.01782 122
1753252417720 0.0177 123
1753252434336 0.01764 124
1753252450741 0.01763 125
1753252467811 0.01767 126
1753252484532 0.0176 127
1753252501177 0.01762 128
1753252517831 0.0176 129
1753252534388 0.01773 130
1753252551284 0.01759 131
1753252567909 0.0176 132
1753252584624 0.01758 133
1753252601737 0.01763 134
1753252618350 0.01756 135
1753252634940 0.01773 136
1753252651434 0.01758 137
1753252668318 0.01757 138
1753252684944 0.01754 139
1753252701639 0.01754 140
1753252718517 0.01759 141
1753252735146 0.0176 142
1753252751702 0.01748 143
1753252768376 0.01748 144
1753252785411 0.01754 145
1753252802111 0.01756 146
1753252818690 0.01749 147
1753252835398 0.01745 148
1753252852229 0.0174 149
1753252868823 0.0174 150
1753252885457 0.01745 151
1753252902404 0.0176 152
1753252919063 0.01739 153
1753252935797 0.0174 154
1753252952364 0.01743 155
1753252969018 0.01738 156
1753252985983 0.01742 157
1753253002761 0.01734 158
1753253019287 0.01736 159
1753253036151 0.0174 160
1753253052721 0.01741 161
1753253069310 0.01752 162
1753253085965 0.01741 163
1753253103064 0.01768 164
1753253119620 0.01737 165
1753253136099 0.01732 166
1753253153089 0.0174 167
1753253169541 0.01738 168
1753253186089 0.01749 169
1753253202564 0.01734 170
1753253219104 0.01733 171
1753253236108 0.01733 172
1753253252723 0.01728 173
1753253269249 0.01728 174
1753253286300 0.01732 175
1753253302961 0.01738 176
1753253319569 0.01747 177
1753253336197 0.01727 178
1753253353284 0.01727 179
1753253369902 0.01733 180
1753253386607 0.01729 181
1753253403576 0.01724 182
1753253420407 0.01725 183
1753253437033 0.01729 184
1753253453730 0.01734 185
1753253470441 0.01727 186
1753253487424 0.01723 187
1753253504042 0.01719 188
1753253520599 0.01724 189
1753253537562 0.01726 190
1753253554246 0.01719 191
1753253570902 0.0172 192
1753253587459 0.01732 193
1753253604526 0.01721 194
1753253621058 0.01721 195
1753253637757 0.01724 196
1753253654802 0.01748 197
1753253671347 0.01719 198
1753253688086 0.01714 199
1753253704602 0.01714 200
1753253721327 0.01719 201
1753253738038 0.01721 202
1753253754727 0.01717 203
1753253771494 0.0172 204
1753253788524 0.01718 205
1753253805079 0.01726 206
1753253821858 0.01713 207
1753253838382 0.01716 208
1753253855469 0.01715 209
1753253872077 0.01716 210
1753253888484 0.01715 211
1753253905357 0.01714 212
1753253921854 0.01725 213
1753253938663 0.0171 214
1753253955339 0.01714 215
1753253971878 0.01713 216
1753253989006 0.01715 217
1753254005573 0.01722 218
1753254022200 0.01711 219
1753254039078 0.01712 220
1753254055428 0.01712 221
1753254072044 0.01706 222
1753254089072 0.01704 223
1753254105532 0.01718 224
1753254122106 0.01723 225
1753254138752 0.01734 226
1753254155472 0.01713 227
1753254172153 0.01707 228
1753254188884 0.01709 229
1753254205488 0.01713 230
1753254222117 0.01721 231
1753254238832 0.0171 232
1753254255580 0.01719 233
1753254272214 0.01715 234
1753254288734 0.01733 235
1753254305582 0.01709 236
1753254322285 0.01714 237
1753254339227 0.01717 238
1753254355686 0.01708 239
1753254372250 0.017 240
1753254388887 0.01715 241
1753254405497 0.01715 242
1753254422581 0.01711 243
1753254439184 0.01699 244
1753254455843 0.0171 245
1753254472749 0.01701 246
1753254489191 0.01713 247
1753254505723 0.01711 248
1753254522486 0.01699 249
1753254539012 0.017 250
1753254555926 0.01699 251
1753254572431 0.01715 252
1753254589308 0.01706 253
1753254605859 0.01703 254
1753254622477 0.01702 255
1753254639087 0.01701 256
1753254655660 0.01704 257
1753254672636 0.01699 258
1753254689446 0.01697 259
1753254705993 0.01694 260
1753254722919 0.01695 261
1753254739565 0.017 262
1753254756339 0.01708 263
1753254772827 0.01695 264
1753254789333 0.01694 265
1753254806320 0.01702 266
1753254822796 0.01697 267
1753254839753 0.01701 268
1753254856277 0.01691 269
1753254872866 0.01694 270
1753254889574 0.01695 271
1753254906123 0.01693 272
1753254923212 0.01699 273
1753254939978 0.01698 274
1753254956561 0.01696 275
1753254973410 0.01697 276
1753254989994 0.01703 277
1753255006577 0.01697 278
1753255023087 0.01692 279
1753255039755 0.01692 280
1753255056691 0.01693 281
1753255073678 0.01699 282
1753255090626 0.01707 283
1753255107174 0.01697 284
1753255123795 0.01692 285
1753255140692 0.01698 286
1753255157254 0.01706 287
1753255174417 0.0171 288
1753255191118 0.01702 289
1753255207592 0.01706 290
1753255224625 0.01693 291
1753255241341 0.01705 292
1753255258282 0.01694 293
1753255274992 0.0169 294
1753255291527 0.01688 295
1753255308350 0.01689 296
1753255325090 0.01688 297
1753255341946 0.01691 298
1753255358479 0.01689 299
1753255374845 0.01702 300
