1753388442051 1.0 0
1753388460377 2.0 0
1753388479034 3.0 0
1753388497319 4.0 0
1753388515628 5.0 0
1753388534202 6.0 0
1753388552519 7.0 0
1753388570877 8.0 0
1753388589180 9.0 0
1753388607503 10.0 0
1753388625957 11.0 0
1753388644194 12.0 0
1753388662786 13.0 0
1753388681142 14.0 0
1753388699504 15.0 0
1753388717830 16.0 0
1753388736336 17.0 0
1753388754647 18.0 0
1753388773163 19.0 0
1753388791511 20.0 0
1753388809778 21.0 0
1753388828219 22.0 0
1753388846453 23.0 0
1753388864789 24.0 0
1753388883117 25.0 0
1753388901504 26.0 0
1753388919679 27.0 0
1753388937773 28.0 0
1753388955874 29.0 0
1753388973872 30.0 0
1753388992164 31.0 0
1753389010250 32.0 0
1753389028384 33.0 0
1753389046651 34.0 0
1753389065176 35.0 0
1753389083517 36.0 0
1753389101733 37.0 0
1753389119990 38.0 0
1753389138824 39.0 0
1753389157787 40.0 0
1753389176598 41.0 0
1753389194750 42.0 0
1753389213079 43.0 0
1753389249930 45.0 0
1753389268154 46.0 0
1753389286367 47.0 0
1753389323094 49.0 0
1753389378318 52.0 0
1753389396910 53.0 0
1753389433688 55.0 0
1753389507436 59.0 0
1753389599454 64.0 0
1753389654717 67.0 0
1753389709189 70.0 0
1753389817912 76.0 0
1753389983928 85.0 0
