1753388428119 0.78312 1
1753388446776 0.6176 2
1753388465083 0.54014 3
1753388483694 0.47306 4
1753388502002 0.41142 5
1753388520307 0.35586 6
1753388538894 0.30673 7
1753388557215 0.26382 8
1753388575538 0.22745 9
1753388593882 0.1967 10
1753388612155 0.16978 11
1753388630604 0.14711 12
1753388648881 0.1287 13
1753388667458 0.11355 14
1753388685822 0.10095 15
1753388704219 0.09041 16
1753388722528 0.08149 17
1753388741017 0.07403 18
1753388759329 0.06767 19
1753388777845 0.06229 20
1753388796189 0.05755 21
1753388814461 0.05364 22
1753388832900 0.0502 23
1753388851154 0.0472 24
1753388869491 0.0447 25
1753388887806 0.04239 26
1753388906203 0.04029 27
1753388924399 0.03855 28
1753388942512 0.03691 29
1753388960631 0.03554 30
1753388978593 0.03417 31
1753388996887 0.03303 32
1753389014948 0.03204 33
1753389033120 0.03111 34
1753389051407 0.03026 35
1753389069874 0.0299 36
1753389088256 0.02889 37
1753389106460 0.02816 38
1753389124671 0.02755 39
1753389143529 0.027 40
1753389162505 0.02653 41
1753389181295 0.02607 42
1753389199471 0.02567 43
1753389217835 0.02527 44
1753389236188 0.02486 45
1753389254620 0.0245 46
1753389272867 0.02431 47
1753389291077 0.02392 48
1753389309384 0.02368 49
1753389327786 0.02339 50
1753389346168 0.02315 51
1753389364647 0.02293 52
1753389383037 0.02276 53
1753389401596 0.02248 54
1753389419959 0.02226 55
1753389438370 0.02214 56
1753389456784 0.02195 57
1753389475180 0.0218 58
1753389493732 0.02167 59
1753389512117 0.02149 60
1753389530502 0.02133 61
1753389549059 0.02117 62
1753389567405 0.02112 63
1753389585781 0.02102 64
1753389604196 0.02091 65
1753389622544 0.02074 66
1753389641061 0.02064 67
1753389659375 0.02061 68
1753389677553 0.02047 69
1753389695923 0.02034 70
1753389713892 0.02029 71
1753389732094 0.02022 72
1753389750501 0.02014 73
1753389768936 0.0201 74
1753389786847 0.01999 75
1753389804566 0.01995 76
1753389822580 0.01984 77
1753389840995 0.01976 78
1753389859360 0.01973 79
1753389877923 0.01967 80
1753389896299 0.01966 81
1753389914628 0.01953 82
1753389933166 0.0195 83
1753389951559 0.01948 84
1753389970080 0.01951 85
1753389988633 0.01935 86
1753390007011 0.01927 87
1753390025346 0.01925 88
1753390043945 0.01919 89
1753390062294 0.01916 90
1753390080670 0.01914 91
1753390099284 0.01905 92
1753390117669 0.01907 93
1753390136295 0.01897 94
1753390154619 0.01886 95
1753390172986 0.01877 96
1753390191339 0.01871 97
1753390209689 0.01873 98
1753390228289 0.01869 99
1753390246697 0.01866 100
1753390265127 0.01868 101
1753390283644 0.01867 102
1753390301989 0.01862 103
1753390320359 0.01859 104
1753390338681 0.01858 105
1753390357023 0.01858 106
1753390375501 0.01856 107
1753390393806 0.01857 108
1753390412339 0.01856 109
1753390430668 0.01854 110
1753390448992 0.01858 111
1753390467320 0.01855 112
1753390485698 0.01856 113
1753390504221 0.01854 114
1753390522579 0.01854 115
1753390541043 0.01854 116
1753390559601 0.01854 117
1753390578097 0.01855 118
1753390596498 0.01856 119
1753390614815 0.01855 120
1753390633108 0.01854 121
1753390651666 0.01853 122
1753390670035 0.01853 123
1753390688617 0.01855 124
1753390707014 0.01854 125
1753390725368 0.01854 126
1753390743723 0.01856 127
1753390762117 0.01852 128
1753390780650 0.01852 129
1753390798953 0.01857 130
1753390817335 0.01853 131
1753390835878 0.01852 132
1753390854224 0.01854 133
1753390872601 0.01857 134
1753390890952 0.01855 135
1753390909311 0.01852 136
1753390927834 0.01852 137
1753390946156 0.01856 138
1753390964708 0.01852 139
1753390983047 0.01855 140
1753391001403 0.01856 141
1753391019742 0.01853 142
1753391038341 0.01854 143
1753391056663 0.01854 144
1753391075205 0.01854 145
1753391093532 0.01855 146
1753391111951 0.01854 147
1753391130785 0.01856 148
1753391149590 0.01854 149
1753391168549 0.01855 150
1753391187325 0.01853 151
1753391205892 0.01853 152
1753391224323 0.0185 153
1753391242968 0.01854 154
1753391261886 0.01853 155
1753391280902 0.01854 156
1753391299881 0.01854 157
1753391318607 0.01852 158
1753391336453 0.01854 159
1753391354525 0.01856 160
1753391372393 0.01854 161
1753391390402 0.01855 162
1753391408344 0.01855 163
1753391426425 0.01852 164
1753391444539 0.01854 165
1753391462319 0.01852 166
1753391480315 0.01852 167
1753391498405 0.01854 168
1753391516448 0.01854 169
1753391534298 0.01851 170
1753391552337 0.01853 171
1753391570523 0.01853 172
1753391588459 0.01856 173
1753391606387 0.01853 174
1753391624409 0.01854 175
1753391642237 0.01851 176
1753391660330 0.0185 177
1753391678232 0.01852 178
1753391696421 0.01852 179
1753391714617 0.01853 180
1753391732728 0.01852 181
1753391750868 0.01854 182
1753391769001 0.01853 183
1753391786937 0.01851 184
1753391805093 0.01855 185
1753391822841 0.01852 186
1753391840991 0.01851 187
1753391858916 0.01853 188
1753391876647 0.01853 189
1753391894610 0.01852 190
1753391912418 0.01856 191
1753391930352 0.01855 192
1753391948332 0.01853 193
1753391966239 0.01853 194
1753391984253 0.01852 195
1753392002246 0.01853 196
1753392020125 0.01853 197
1753392038473 0.01851 198
1753392056594 0.01852 199
1753392074549 0.01852 200
1753392092585 0.0185 201
1753392111416 0.01851 202
1753392130178 0.01855 203
1753392148191 0.01851 204
1753392166195 0.01854 205
1753392184784 0.01854 206
1753392203372 0.01854 207
1753392221943 0.01852 208
1753392240322 0.01853 209
1753392258854 0.01854 210
1753392277443 0.01849 211
1753392295979 0.01853 212
1753392314585 0.01851 213
1753392333278 0.01851 214
1753392351726 0.01851 215
1753392370313 0.01855 216
1753392388884 0.0185 217
1753392407248 0.01853 218
1753392425535 0.01852 219
1753392443791 0.0185 220
1753392461718 0.01849 221
1753392479718 0.01855 222
1753392497654 0.01853 223
1753392515853 0.01852 224
1753392533914 0.01854 225
1753392551822 0.01851 226
1753392570073 0.01852 227
1753392588174 0.01849 228
1753392606175 0.01851 229
1753392624332 0.01852 230
1753392642372 0.01854 231
1753392660630 0.01851 232
1753392678585 0.01852 233
1753392696504 0.01853 234
1753392714751 0.01852 235
1753392732991 0.01852 236
1753392751096 0.01849 237
1753392769093 0.01853 238
1753392787252 0.01849 239
1753392805294 0.01852 240
1753392823234 0.01852 241
1753392841334 0.0185 242
1753392859426 0.01854 243
1753392877435 0.0185 244
1753392895520 0.01854 245
1753392913536 0.01852 246
1753392931838 0.01852 247
1753392949863 0.01852 248
1753392968221 0.01853 249
1753392986827 0.01854 250
1753393005329 0.01851 251
1753393023763 0.01853 252
1753393042462 0.0185 253
1753393060955 0.01852 254
1753393079378 0.01851 255
1753393097391 0.01854 256
1753393115462 0.01851 257
1753393133560 0.0185 258
1753393151394 0.01854 259
1753393169450 0.0185 260
1753393187849 0.01854 261
1753393206344 0.01852 262
1753393224348 0.01848 263
1753393242392 0.01853 264
1753393261079 0.01852 265
1753393279620 0.01848 266
1753393298286 0.01852 267
1753393316881 0.0185 268
1753393335314 0.01852 269
1753393353945 0.01851 270
1753393372415 0.01848 271
1753393391250 0.01849 272
1753393410180 0.01852 273
1753393428846 0.01851 274
1753393447558 0.01852 275
1753393466524 0.01848 276
1753393485156 0.01848 277
1753393503839 0.01848 278
1753393522763 0.01851 279
1753393541702 0.01851 280
1753393559988 0.01852 281
1753393578112 0.0185 282
1753393596005 0.01847 283
1753393614020 0.01853 284
1753393631870 0.0185 285
1753393649767 0.0185 286
1753393668101 0.01853 287
1753393686274 0.0185 288
1753393704325 0.0185 289
1753393722637 0.01853 290
1753393740715 0.0185 291
1753393758721 0.01852 292
1753393776682 0.01851 293
1753393794862 0.01852 294
1753393813227 0.01851 295
1753393831311 0.01851 296
1753393849470 0.01849 297
1753393867574 0.0185 298
1753393886126 0.01852 299
1753393904210 0.0185 300
