1753388442065 0.0010000000474974513 1
1753388460383 0.0010000000474974513 2
1753388479039 0.0010000000474974513 3
1753388497324 0.0010000000474974513 4
1753388515634 0.0010000000474974513 5
1753388534206 0.0010000000474974513 6
1753388552527 0.0010000000474974513 7
1753388570888 0.0010000000474974513 8
1753388589189 0.0010000000474974513 9
1753388607509 0.0010000000474974513 10
1753388625963 0.0010000000474974513 11
1753388644201 0.0010000000474974513 12
1753388662792 0.0010000000474974513 13
1753388681146 0.0010000000474974513 14
1753388699512 0.0010000000474974513 15
1753388717838 0.0010000000474974513 16
1753388736343 0.0010000000474974513 17
1753388754653 0.0010000000474974513 18
1753388773169 0.0010000000474974513 19
1753388791517 0.0010000000474974513 20
1753388809784 0.0010000000474974513 21
1753388828226 0.0010000000474974513 22
1753388846460 0.0010000000474974513 23
1753388864798 0.0010000000474974513 24
1753388883124 0.0010000000474974513 25
1753388901513 0.0010000000474974513 26
1753388919685 0.0010000000474974513 27
1753388937778 0.0010000000474974513 28
1753388955879 0.0010000000474974513 29
1753388973877 0.0010000000474974513 30
1753388992170 0.0010000000474974513 31
1753389010259 0.0010000000474974513 32
1753389028392 0.0010000000474974513 33
1753389046658 0.0010000000474974513 34
1753389065182 0.0010000000474974513 35
1753389083522 0.0010000000474974513 36
1753389101738 0.0010000000474974513 37
1753389119995 0.0010000000474974513 38
1753389138829 0.0010000000474974513 39
1753389157795 0.0010000000474974513 40
1753389176605 0.0010000000474974513 41
1753389194757 0.0010000000474974513 42
1753389213085 0.0010000000474974513 43
1753389231528 0.0010000000474974513 44
1753389249936 0.0010000000474974513 45
1753389268159 0.0010000000474974513 46
1753389286372 0.0010000000474974513 47
1753389304700 0.0010000000474974513 48
1753389323104 0.0010000000474974513 49
1753389341480 0.0010000000474974513 50
1753389359980 0.0010000000474974513 51
1753389378323 0.0010000000474974513 52
1753389396915 0.0010000000474974513 53
1753389415276 0.0010000000474974513 54
1753389433698 0.0010000000474974513 55
1753389452087 0.0010000000474974513 56
1753389470494 0.0010000000474974513 57
1753389489046 0.0010000000474974513 58
1753389507449 0.0010000000474974513 59
1753389525809 0.0010000000474974513 60
1753389544353 0.0010000000474974513 61
1753389562740 0.0010000000474974513 62
1753389581086 0.0010000000474974513 63
1753389599460 0.0010000000474974513 64
1753389617839 0.0010000000474974513 65
1753389636366 0.0010000000474974513 66
1753389654726 0.0010000000474974513 67
1753389672862 0.0010000000474974513 68
1753389691193 0.0010000000474974513 69
1753389709195 0.0010000000474974513 70
1753389727395 0.0010000000474974513 71
1753389745806 0.0010000000474974513 72
1753389764256 0.0010000000474974513 73
1753389782142 0.0010000000474974513 74
1753389799928 0.0010000000474974513 75
1753389817921 0.0010000000474974513 76
1753389836294 0.0010000000474974513 77
1753389854644 0.0010000000474974513 78
1753389873199 0.0010000000474974513 79
1753389891603 0.0010000000474974513 80
1753389909926 0.0010000000474974513 81
1753389928463 0.0010000000474974513 82
1753389946858 0.0010000000474974513 83
1753389965223 0.0010000000474974513 84
1753389983934 0.0010000000474974513 85
1753390002292 0.0010000000474974513 86
1753390020648 0.0010000000474974513 87
1753390039257 0.0010000000474974513 88
1753390057601 0.0010000000474974513 89
1753390075968 0.0010000000474974513 90
1753390094553 0.0010000000474974513 91
1753390112970 0.0010000000474974513 92
1753390131575 0.0010000000474974513 93
1753390149922 0.00020000000949949026 94
1753390168284 0.00020000000949949026 95
1753390186641 0.00020000000949949026 96
1753390204994 0.00020000000949949026 97
1753390223590 0.00020000000949949026 98
1753390241984 0.00020000000949949026 99
1753390260371 0.00020000000949949026 100
1753390278947 0.00020000000949949026 101
1753390297286 0.00020000000949949026 102
1753390315413 4.0000002627493814e-05 103
1753390333994 4.0000002627493814e-05 104
1753390352290 4.0000002627493814e-05 105
1753390370807 4.0000002627493814e-05 106
1753390389108 4.0000002627493814e-05 107
1753390407634 4.0000002627493814e-05 108
1753390425961 4.0000002627493814e-05 109
1753390444285 4.0000002627493814e-05 110
1753390462626 4.0000002627493814e-05 111
1753390480991 8.000000889296643e-06 112
1753390499520 8.000000889296643e-06 113
1753390517870 8.000000889296643e-06 114
1753390536243 8.000000889296643e-06 115
1753390554879 8.000000889296643e-06 116
1753390573223 8.000000889296643e-06 117
1753390591757 8.000000889296643e-06 118
1753390610165 8.000000889296643e-06 119
1753390628453 8.000000889296643e-06 120
1753390646953 1.6000001323845936e-06 121
1753390665377 1.6000001323845936e-06 122
1753390683975 1.6000001323845936e-06 123
1753390702344 1.6000001323845936e-06 124
1753390720688 1.6000001323845936e-06 125
1753390739060 1.6000001323845936e-06 126
1753390757469 1.6000001323845936e-06 127
1753390776020 1.6000001323845936e-06 128
1753390794327 1.6000001323845936e-06 129
1753390812661 9.999999974752427e-07 130
1753390831213 9.999999974752427e-07 131
1753390849556 9.999999974752427e-07 132
1753390867932 9.999999974752427e-07 133
1753390886267 9.999999974752427e-07 134
1753390904643 9.999999974752427e-07 135
1753390923160 9.999999974752427e-07 136
1753390941511 9.999999974752427e-07 137
1753390960059 9.999999974752427e-07 138
1753390978382 9.999999974752427e-07 139
1753390996735 9.999999974752427e-07 140
1753391015071 9.999999974752427e-07 141
1753391033630 9.999999974752427e-07 142
1753391051998 9.999999974752427e-07 143
1753391070542 9.999999974752427e-07 144
1753391088870 9.999999974752427e-07 145
1753391107214 9.999999974752427e-07 146
1753391126086 9.999999974752427e-07 147
1753391144944 9.999999974752427e-07 148
1753391163801 9.999999974752427e-07 149
1753391182584 9.999999974752427e-07 150
1753391201151 9.999999974752427e-07 151
1753391219561 9.999999974752427e-07 152
1753391238217 9.999999974752427e-07 153
1753391257131 9.999999974752427e-07 154
1753391276232 9.999999974752427e-07 155
1753391295198 9.999999974752427e-07 156
1753391313956 9.999999974752427e-07 157
1753391331777 9.999999974752427e-07 158
1753391349867 9.999999974752427e-07 159
1753391367737 9.999999974752427e-07 160
1753391385720 9.999999974752427e-07 161
1753391403694 9.999999974752427e-07 162
1753391421776 9.999999974752427e-07 163
1753391439888 9.999999974752427e-07 164
1753391457671 9.999999974752427e-07 165
1753391475652 9.999999974752427e-07 166
1753391493753 9.999999974752427e-07 167
1753391511758 9.999999974752427e-07 168
1753391529649 9.999999974752427e-07 169
1753391547598 9.999999974752427e-07 170
1753391565801 9.999999974752427e-07 171
1753391583737 9.999999974752427e-07 172
1753391601666 9.999999974752427e-07 173
1753391619673 9.999999974752427e-07 174
1753391637503 9.999999974752427e-07 175
1753391655656 9.999999974752427e-07 176
1753391673490 9.999999974752427e-07 177
1753391691732 9.999999974752427e-07 178
1753391709909 9.999999974752427e-07 179
1753391727990 9.999999974752427e-07 180
1753391746038 9.999999974752427e-07 181
1753391764268 9.999999974752427e-07 182
1753391782285 9.999999974752427e-07 183
1753391800386 9.999999974752427e-07 184
1753391818122 9.999999974752427e-07 185
1753391836251 9.999999974752427e-07 186
1753391854246 9.999999974752427e-07 187
1753391871974 9.999999974752427e-07 188
1753391889950 9.999999974752427e-07 189
1753391907747 9.999999974752427e-07 190
1753391925707 9.999999974752427e-07 191
1753391943671 9.999999974752427e-07 192
1753391961570 9.999999974752427e-07 193
1753391979600 9.999999974752427e-07 194
1753391997577 9.999999974752427e-07 195
1753392015444 9.999999974752427e-07 196
1753392033808 9.999999974752427e-07 197
1753392051933 9.999999974752427e-07 198
1753392069881 9.999999974752427e-07 199
1753392087889 9.999999974752427e-07 200
1753392106727 9.999999974752427e-07 201
1753392125468 9.999999974752427e-07 202
1753392143492 9.999999974752427e-07 203
1753392161524 9.999999974752427e-07 204
1753392180100 9.999999974752427e-07 205
1753392198693 9.999999974752427e-07 206
1753392217288 9.999999974752427e-07 207
1753392235673 9.999999974752427e-07 208
1753392254203 9.999999974752427e-07 209
1753392272756 9.999999974752427e-07 210
1753392291325 9.999999974752427e-07 211
1753392309929 9.999999974752427e-07 212
1753392328396 9.999999974752427e-07 213
1753392347055 9.999999974752427e-07 214
1753392365659 9.999999974752427e-07 215
1753392384165 9.999999974752427e-07 216
1753392402588 9.999999974752427e-07 217
1753392420864 9.999999974752427e-07 218
1753392439103 9.999999974752427e-07 219
1753392457043 9.999999974752427e-07 220
1753392475042 9.999999974752427e-07 221
1753392492984 9.999999974752427e-07 222
1753392511165 9.999999974752427e-07 223
1753392529225 9.999999974752427e-07 224
1753392547117 9.999999974752427e-07 225
1753392565370 9.999999974752427e-07 226
1753392583468 9.999999974752427e-07 227
1753392601443 9.999999974752427e-07 228
1753392619625 9.999999974752427e-07 229
1753392637666 9.999999974752427e-07 230
1753392655926 9.999999974752427e-07 231
1753392673877 9.999999974752427e-07 232
1753392691808 9.999999974752427e-07 233
1753392710011 9.999999974752427e-07 234
1753392728268 9.999999974752427e-07 235
1753392746352 9.999999974752427e-07 236
1753392764360 9.999999974752427e-07 237
1753392782520 9.999999974752427e-07 238
1753392800554 9.999999974752427e-07 239
1753392818494 9.999999974752427e-07 240
1753392836634 9.999999974752427e-07 241
1753392854728 9.999999974752427e-07 242
1753392872738 9.999999974752427e-07 243
1753392890783 9.999999974752427e-07 244
1753392908831 9.999999974752427e-07 245
1753392927133 9.999999974752427e-07 246
1753392945158 9.999999974752427e-07 247
1753392963540 9.999999974752427e-07 248
1753392982113 9.999999974752427e-07 249
1753393000575 9.999999974752427e-07 250
1753393019098 9.999999974752427e-07 251
1753393037746 9.999999974752427e-07 252
1753393056272 9.999999974752427e-07 253
1753393074711 9.999999974752427e-07 254
1753393092691 9.999999974752427e-07 255
1753393110778 9.999999974752427e-07 256
1753393128829 9.999999974752427e-07 257
1753393146693 9.999999974752427e-07 258
1753393164744 9.999999974752427e-07 259
1753393183165 9.999999974752427e-07 260
1753393201613 9.999999974752427e-07 261
1753393219653 9.999999974752427e-07 262
1753393237653 9.999999974752427e-07 263
1753393256355 9.999999974752427e-07 264
1753393274895 9.999999974752427e-07 265
1753393293591 9.999999974752427e-07 266
1753393312166 9.999999974752427e-07 267
1753393330643 9.999999974752427e-07 268
1753393349246 9.999999974752427e-07 269
1753393367724 9.999999974752427e-07 270
1753393386507 9.999999974752427e-07 271
1753393405553 9.999999974752427e-07 272
1753393424211 9.999999974752427e-07 273
1753393442910 9.999999974752427e-07 274
1753393461817 9.999999974752427e-07 275
1753393480559 9.999999974752427e-07 276
1753393499173 9.999999974752427e-07 277
1753393517954 9.999999974752427e-07 278
1753393536832 9.999999974752427e-07 279
1753393555359 9.999999974752427e-07 280
1753393573467 9.999999974752427e-07 281
1753393591315 9.999999974752427e-07 282
1753393609311 9.999999974752427e-07 283
1753393627216 9.999999974752427e-07 284
1753393645066 9.999999974752427e-07 285
1753393663380 9.999999974752427e-07 286
1753393681564 9.999999974752427e-07 287
1753393699630 9.999999974752427e-07 288
1753393717963 9.999999974752427e-07 289
1753393736028 9.999999974752427e-07 290
1753393754004 9.999999974752427e-07 291
1753393771952 9.999999974752427e-07 292
1753393790202 9.999999974752427e-07 293
1753393808519 9.999999974752427e-07 294
1753393826603 9.999999974752427e-07 295
1753393844774 9.999999974752427e-07 296
1753393862857 9.999999974752427e-07 297
1753393881422 9.999999974752427e-07 298
1753393899518 9.999999974752427e-07 299
1753393917490 9.999999974752427e-07 300
