1753409565383 1.0 0
1753409583026 2.0 0
1753409599938 3.0 0
1753409617244 4.0 0
1753409634456 5.0 0
1753409651375 6.0 0
1753409668658 7.0 0
1753409685800 8.0 0
1753409703058 9.0 0
1753409720108 10.0 0
1753409736992 11.0 0
1753409754252 12.0 0
1753409771162 13.0 0
1753409788127 14.0 0
1753409805089 15.0 0
1753409822435 16.0 0
1753409840451 17.0 0
1753409858060 18.0 0
1753409875536 19.0 0
1753409892462 20.0 0
1753409909488 21.0 0
1753409926794 22.0 0
1753409944494 23.0 0
1753409962424 24.0 0
1753409980057 25.0 0
1753409997795 26.0 0
1753410015099 27.0 0
1753410032857 28.0 0
1753410050239 29.0 0
1753410067216 30.0 0
1753410084178 31.0 0
1753410101609 32.0 0
1753410118742 33.0 0
1753410153194 35.0 0
1753410170847 36.0 0
1753410188531 37.0 0
1753410224008 39.0 0
1753410259361 41.0 0
1753410277215 42.0 0
1753410294970 43.0 0
1753410347918 46.0 0
1753410365862 47.0 0
1753410401493 49.0 0
1753410454746 52.0 0
1753410472512 53.0 0
1753410508035 55.0 0
1753410543633 57.0 0
1753410561329 58.0 0
1753410650382 63.0 0
1753410791522 71.0 0
