1753409551266 0.60587 1
1753409569375 0.4997 2
1753409586946 0.42308 3
1753409603929 0.35789 4
1753409621163 0.30308 5
1753409638355 0.25711 6
1753409655295 0.21874 7
1753409672585 0.18707 8
1753409689719 0.16108 9
1753409706979 0.13967 10
1753409724040 0.12206 11
1753409740904 0.10754 12
1753409758197 0.09558 13
1753409775055 0.08553 14
1753409792018 0.07717 15
1753409808984 0.07016 16
1753409826427 0.06423 17
1753409844377 0.05912 18
1753409862006 0.05483 19
1753409879471 0.05106 20
1753409896379 0.0479 21
1753409913385 0.04513 22
1753409930751 0.04269 23
1753409948454 0.04059 24
1753409966293 0.0388 25
1753409984003 0.03711 26
1753410001700 0.03568 27
1753410018994 0.03439 28
1753410036791 0.03321 29
1753410054111 0.03223 30
1753410071089 0.03125 31
1753410088066 0.03041 32
1753410105525 0.02955 33
1753410122662 0.02891 34
1753410139914 0.02825 35
1753410157106 0.02776 36
1753410174720 0.02715 37
1753410192447 0.02668 38
1753410210063 0.02615 39
1753410227893 0.02576 40
1753410245568 0.02535 41
1753410263222 0.02494 42
1753410281073 0.02467 43
1753410298869 0.02429 44
1753410316490 0.02403 45
1753410334071 0.02375 46
1753410351816 0.02351 47
1753410369749 0.02323 48
1753410387370 0.02302 49
1753410405327 0.02282 50
1753410423083 0.0226 51
1753410440745 0.02235 52
1753410458578 0.02222 53
1753410476340 0.02207 54
1753410494126 0.0219 55
1753410511876 0.02178 56
1753410529534 0.02162 57
1753410547492 0.02145 58
1753410565201 0.02129 59
1753410582997 0.02116 60
1753410600878 0.02113 61
1753410618713 0.0209 62
1753410636561 0.02085 63
1753410654273 0.02075 64
1753410671973 0.02057 65
1753410689795 0.02051 66
1753410707430 0.0204 67
1753410725012 0.0203 68
1753410742807 0.02024 69
1753410760400 0.02007 70
1753410777905 0.01996 71
1753410795420 0.01992 72
1753410813120 0.0198 73
1753410830891 0.01973 74
1753410848408 0.01963 75
1753410866350 0.01957 76
1753410884291 0.01949 77
1753410901878 0.01942 78
1753410919450 0.01939 79
1753410937115 0.01938 80
1753410954659 0.01917 81
1753410972442 0.01909 82
1753410990073 0.01904 83
1753411007668 0.019 84
1753411025365 0.01899 85
1753411043131 0.01897 86
1753411060687 0.01895 87
1753411078224 0.01896 88
1753411095911 0.0189 89
1753411113571 0.01887 90
1753411131089 0.01885 91
1753411148601 0.01885 92
1753411166414 0.01881 93
1753411183956 0.01886 94
1753411201585 0.01883 95
1753411219248 0.01884 96
1753411236822 0.01878 97
1753411254775 0.01878 98
1753411272412 0.01884 99
1753411290050 0.01879 100
1753411307844 0.01881 101
1753411325382 0.01882 102
1753411342994 0.01876 103
1753411360600 0.01877 104
1753411378208 0.01877 105
1753411396030 0.0188 106
1753411413589 0.01877 107
1753411431179 0.0188 108
1753411449042 0.01879 109
1753411466538 0.0188 110
1753411484068 0.01878 111
1753411501637 0.01879 112
1753411519401 0.0188 113
1753411537086 0.01878 114
1753411554219 0.01882 115
1753411571362 0.01882 116
1753411588468 0.01879 117
1753411605603 0.01879 118
1753411623159 0.01883 119
1753411640280 0.0188 120
1753411657672 0.01876 121
1753411674982 0.01879 122
1753411692184 0.01879 123
1753411709261 0.0188 124
1753411726299 0.01879 125
1753411743605 0.01881 126
1753411760762 0.01881 127
1753411777809 0.01877 128
1753411795060 0.01878 129
1753411812070 0.01877 130
1753411829122 0.01874 131
1753411846169 0.01878 132
1753411863416 0.01878 133
1753411881010 0.01878 134
1753411898087 0.01876 135
1753411915505 0.01879 136
1753411932713 0.01879 137
1753411949729 0.01876 138
1753411966925 0.01881 139
1753411984030 0.01877 140
1753412001378 0.01879 141
1753412018512 0.01879 142
1753412035722 0.01878 143
1753412053058 0.01881 144
1753412070087 0.01879 145
1753412087195 0.01879 146
1753412104182 0.01877 147
1753412121222 0.01879 148
1753412138549 0.01876 149
1753412155889 0.01879 150
1753412173192 0.01878 151
1753412190470 0.01877 152
1753412207641 0.01879 153
1753412224630 0.01876 154
1753412242059 0.01879 155
1753412259432 0.01883 156
1753412276710 0.01877 157
1753412294295 0.01877 158
1753412312052 0.01877 159
1753412330026 0.01878 160
1753412347732 0.01879 161
1753412365422 0.01877 162
1753412383152 0.01875 163
1753412401109 0.01878 164
1753412418798 0.01879 165
1753412436576 0.01876 166
1753412454549 0.01878 167
1753412472215 0.01877 168
1753412489953 0.01876 169
1753412507641 0.0188 170
1753412525284 0.01876 171
1753412543000 0.01873 172
1753412560711 0.01878 173
1753412578482 0.01879 174
1753412596422 0.01878 175
1753412614185 0.01877 176
1753412631857 0.01879 177
1753412649640 0.01877 178
1753412667363 0.0188 179
1753412685222 0.01879 180
1753412702918 0.01872 181
1753412720741 0.01875 182
1753412738702 0.01874 183
1753412756376 0.01876 184
1753412774047 0.01873 185
1753412791823 0.01875 186
1753412809407 0.01876 187
1753412827175 0.01876 188
1753412844887 0.01878 189
1753412862513 0.01877 190
1753412880180 0.01879 191
1753412897737 0.01878 192
1753412915487 0.01875 193
1753412933030 0.01877 194
1753412950611 0.01876 195
1753412968320 0.0188 196
1753412985890 0.01874 197
1753413003610 0.01878 198
1753413021455 0.01874 199
1753413039203 0.01878 200
1753413056793 0.01877 201
1753413074396 0.01879 202
1753413091938 0.01877 203
1753413109727 0.01876 204
1753413127363 0.0188 205
1753413145148 0.01876 206
1753413162999 0.01878 207
1753413180730 0.01875 208
1753413197918 0.01876 209
1753413214963 0.01876 210
1753413231919 0.01877 211
1753413249208 0.01879 212
1753413266473 0.01874 213
1753413284243 0.01878 214
1753413301545 0.01874 215
1753413319255 0.01877 216
1753413336655 0.01875 217
1753413353830 0.01876 218
1753413371055 0.01877 219
1753413388538 0.01878 220
1753413405915 0.01877 221
1753413423139 0.01876 222
1753413440787 0.01879 223
1753413458213 0.01878 224
1753413475448 0.01877 225
1753413492708 0.01874 226
1753413510245 0.01878 227
1753413527531 0.01875 228
1753413544899 0.01878 229
1753413562367 0.01873 230
1753413579634 0.01876 231
1753413597022 0.01874 232
1753413614320 0.01879 233
1753413631570 0.01875 234
1753413649023 0.01875 235
1753413666298 0.01879 236
1753413683582 0.01876 237
1753413701069 0.01874 238
1753413718396 0.01878 239
1753413735642 0.01873 240
1753413752988 0.01878 241
1753413770443 0.01875 242
1753413787777 0.01876 243
1753413805131 0.01876 244
1753413822603 0.01871 245
1753413839958 0.01876 246
1753413857276 0.01876 247
1753413874522 0.01876 248
1753413891802 0.01878 249
1753413909340 0.01874 250
1753413926603 0.01875 251
1753413943951 0.01873 252
1753413961552 0.01876 253
1753413978947 0.01871 254
1753413996244 0.01877 255
1753414013470 0.01874 256
1753414030946 0.01876 257
1753414048214 0.01875 258
1753414065495 0.01876 259
1753414083193 0.01871 260
1753414100469 0.01876 261
1753414117801 0.01873 262
1753414135055 0.01876 263
1753414152310 0.01873 264
1753414169839 0.01876 265
1753414187132 0.01877 266
1753414204402 0.01876 267
1753414221846 0.01873 268
1753414239504 0.01875 269
1753414257057 0.01876 270
1753414274345 0.01877 271
1753414291811 0.01879 272
1753414309178 0.01872 273
1753414326475 0.01875 274
1753414343980 0.01876 275
1753414361298 0.01875 276
1753414378583 0.01877 277
1753414395864 0.01872 278
1753414413436 0.01872 279
1753414430851 0.01875 280
1753414448157 0.01871 281
1753414465431 0.01873 282
1753414482939 0.01872 283
1753414500331 0.01877 284
1753414517594 0.01874 285
1753414535175 0.01875 286
1753414552457 0.01873 287
1753414569821 0.01872 288
1753414587163 0.01874 289
1753414604437 0.01872 290
1753414622077 0.01874 291
1753414639401 0.01873 292
1753414656758 0.01874 293
1753414674433 0.01873 294
1753414691870 0.01869 295
1753414709268 0.01873 296
1753414726706 0.0187 297
1753414744539 0.01871 298
1753414762187 0.01875 299
1753414779792 0.01873 300
