1753409565389 0.0010000000474974513 1
1753409583033 0.0010000000474974513 2
1753409599944 0.0010000000474974513 3
1753409617252 0.0010000000474974513 4
1753409634461 0.0010000000474974513 5
1753409651383 0.0010000000474974513 6
1753409668671 0.0010000000474974513 7
1753409685808 0.0010000000474974513 8
1753409703063 0.0010000000474974513 9
1753409720113 0.0010000000474974513 10
1753409736997 0.0010000000474974513 11
1753409754257 0.0010000000474974513 12
1753409771168 0.0010000000474974513 13
1753409788133 0.0010000000474974513 14
1753409805104 0.0010000000474974513 15
1753409822441 0.0010000000474974513 16
1753409840458 0.0010000000474974513 17
1753409858065 0.0010000000474974513 18
1753409875549 0.0010000000474974513 19
1753409892467 0.0010000000474974513 20
1753409909493 0.0010000000474974513 21
1753409926799 0.0010000000474974513 22
1753409944499 0.0010000000474974513 23
1753409962440 0.0010000000474974513 24
1753409980067 0.0010000000474974513 25
1753409997802 0.0010000000474974513 26
1753410015104 0.0010000000474974513 27
1753410032862 0.0010000000474974513 28
1753410050243 0.0010000000474974513 29
1753410067221 0.0010000000474974513 30
1753410084188 0.0010000000474974513 31
1753410101615 0.0010000000474974513 32
1753410118751 0.0010000000474974513 33
1753410136021 0.0010000000474974513 34
1753410153201 0.0010000000474974513 35
1753410170853 0.0010000000474974513 36
1753410188536 0.0010000000474974513 37
1753410206162 0.0010000000474974513 38
1753410224013 0.0010000000474974513 39
1753410241689 0.0010000000474974513 40
1753410259367 0.0010000000474974513 41
1753410277222 0.0010000000474974513 42
1753410294985 0.0010000000474974513 43
1753410312616 0.0010000000474974513 44
1753410330176 0.0010000000474974513 45
1753410347923 0.0010000000474974513 46
1753410365867 0.0010000000474974513 47
1753410383534 0.0010000000474974513 48
1753410401498 0.0010000000474974513 49
1753410419233 0.0010000000474974513 50
1753410436904 0.0010000000474974513 51
1753410454754 0.0010000000474974513 52
1753410472521 0.0010000000474974513 53
1753410490286 0.0010000000474974513 54
1753410508040 0.0010000000474974513 55
1753410525690 0.0010000000474974513 56
1753410543638 0.0010000000474974513 57
1753410561334 0.0010000000474974513 58
1753410579126 0.0010000000474974513 59
1753410596933 0.0010000000474974513 60
1753410614658 0.0010000000474974513 61
1753410632689 0.0010000000474974513 62
1753410650393 0.0010000000474974513 63
1753410668094 0.0010000000474974513 64
1753410685881 0.0010000000474974513 65
1753410703570 0.0010000000474974513 66
1753410721121 0.0010000000474974513 67
1753410738869 0.0010000000474974513 68
1753410756504 0.0010000000474974513 69
1753410774022 0.0010000000474974513 70
1753410791528 0.0010000000474974513 71
1753410809221 0.0010000000474974513 72
1753410826970 0.0010000000474974513 73
1753410844512 0.0010000000474974513 74
1753410862430 0.0010000000474974513 75
1753410880372 0.0010000000474974513 76
1753410897966 0.0010000000474974513 77
1753410915553 0.0010000000474974513 78
1753410933121 0.0010000000474974513 79
1753410950784 0.00020000000949949026 80
1753410968494 0.00020000000949949026 81
1753410986083 0.00020000000949949026 82
1753411003797 0.00020000000949949026 83
1753411021491 0.00020000000949949026 84
1753411039181 0.00020000000949949026 85
1753411056798 0.00020000000949949026 86
1753411074336 0.00020000000949949026 87
1753411092008 0.00020000000949949026 88
1753411109673 4.0000002627493814e-05 89
1753411127181 4.0000002627493814e-05 90
1753411144702 4.0000002627493814e-05 91
1753411162544 4.0000002627493814e-05 92
1753411180041 4.0000002627493814e-05 93
1753411197602 4.0000002627493814e-05 94
1753411215336 4.0000002627493814e-05 95
1753411232930 4.0000002627493814e-05 96
1753411250618 4.0000002627493814e-05 97
1753411268506 8.000000889296643e-06 98
1753411286110 8.000000889296643e-06 99
1753411303902 8.000000889296643e-06 100
1753411321499 8.000000889296643e-06 101
1753411339041 8.000000889296643e-06 102
1753411356733 8.000000889296643e-06 103
1753411374339 8.000000889296643e-06 104
1753411392127 8.000000889296643e-06 105
1753411409683 8.000000889296643e-06 106
1753411427276 1.6000001323845936e-06 107
1753411445131 1.6000001323845936e-06 108
1753411462656 1.6000001323845936e-06 109
1753411480188 1.6000001323845936e-06 110
1753411497721 1.6000001323845936e-06 111
1753411515487 1.6000001323845936e-06 112
1753411533224 1.6000001323845936e-06 113
1753411550325 1.6000001323845936e-06 114
1753411567465 1.6000001323845936e-06 115
1753411584553 9.999999974752427e-07 116
1753411601710 9.999999974752427e-07 117
1753411619183 9.999999974752427e-07 118
1753411636415 9.999999974752427e-07 119
1753411653799 9.999999974752427e-07 120
1753411671066 9.999999974752427e-07 121
1753411688280 9.999999974752427e-07 122
1753411705347 9.999999974752427e-07 123
1753411722401 9.999999974752427e-07 124
1753411739726 9.999999974752427e-07 125
1753411756803 9.999999974752427e-07 126
1753411773899 9.999999974752427e-07 127
1753411791183 9.999999974752427e-07 128
1753411808149 9.999999974752427e-07 129
1753411825202 9.999999974752427e-07 130
1753411842287 9.999999974752427e-07 131
1753411859503 9.999999974752427e-07 132
1753411877090 9.999999974752427e-07 133
1753411894182 9.999999974752427e-07 134
1753411911593 9.999999974752427e-07 135
1753411928802 9.999999974752427e-07 136
1753411945849 9.999999974752427e-07 137
1753411962912 9.999999974752427e-07 138
1753411980114 9.999999974752427e-07 139
1753411997440 9.999999974752427e-07 140
1753412014613 9.999999974752427e-07 141
1753412031666 9.999999974752427e-07 142
1753412049127 9.999999974752427e-07 143
1753412066190 9.999999974752427e-07 144
1753412083293 9.999999974752427e-07 145
1753412100278 9.999999974752427e-07 146
1753412117307 9.999999974752427e-07 147
1753412134635 9.999999974752427e-07 148
1753412151956 9.999999974752427e-07 149
1753412169233 9.999999974752427e-07 150
1753412186577 9.999999974752427e-07 151
1753412203733 9.999999974752427e-07 152
1753412220757 9.999999974752427e-07 153
1753412238052 9.999999974752427e-07 154
1753412255519 9.999999974752427e-07 155
1753412272815 9.999999974752427e-07 156
1753412290398 9.999999974752427e-07 157
1753412308025 9.999999974752427e-07 158
1753412326007 9.999999974752427e-07 159
1753412343707 9.999999974752427e-07 160
1753412361401 9.999999974752427e-07 161
1753412379200 9.999999974752427e-07 162
1753412397111 9.999999974752427e-07 163
1753412414795 9.999999974752427e-07 164
1753412432578 9.999999974752427e-07 165
1753412450535 9.999999974752427e-07 166
1753412468237 9.999999974752427e-07 167
1753412485972 9.999999974752427e-07 168
1753412503661 9.999999974752427e-07 169
1753412521376 9.999999974752427e-07 170
1753412539128 9.999999974752427e-07 171
1753412556780 9.999999974752427e-07 172
1753412574466 9.999999974752427e-07 173
1753412592470 9.999999974752427e-07 174
1753412610206 9.999999974752427e-07 175
1753412627885 9.999999974752427e-07 176
1753412645662 9.999999974752427e-07 177
1753412663421 9.999999974752427e-07 178
1753412681286 9.999999974752427e-07 179
1753412698940 9.999999974752427e-07 180
1753412716726 9.999999974752427e-07 181
1753412734702 9.999999974752427e-07 182
1753412752380 9.999999974752427e-07 183
1753412770075 9.999999974752427e-07 184
1753412787863 9.999999974752427e-07 185
1753412805471 9.999999974752427e-07 186
1753412823265 9.999999974752427e-07 187
1753412840933 9.999999974752427e-07 188
1753412858604 9.999999974752427e-07 189
1753412876305 9.999999974752427e-07 190
1753412893838 9.999999974752427e-07 191
1753412911585 9.999999974752427e-07 192
1753412929159 9.999999974752427e-07 193
1753412946703 9.999999974752427e-07 194
1753412964449 9.999999974752427e-07 195
1753412981992 9.999999974752427e-07 196
1753412999589 9.999999974752427e-07 197
1753413017523 9.999999974752427e-07 198
1753413035283 9.999999974752427e-07 199
1753413052873 9.999999974752427e-07 200
1753413070485 9.999999974752427e-07 201
1753413088081 9.999999974752427e-07 202
1753413105734 9.999999974752427e-07 203
1753413123402 9.999999974752427e-07 204
1753413141129 9.999999974752427e-07 205
1753413158994 9.999999974752427e-07 206
1753413176731 9.999999974752427e-07 207
1753413194005 9.999999974752427e-07 208
1753413211096 9.999999974752427e-07 209
1753413228009 9.999999974752427e-07 210
1753413245368 9.999999974752427e-07 211
1753413262509 9.999999974752427e-07 212
1753413280243 9.999999974752427e-07 213
1753413297551 9.999999974752427e-07 214
1753413315232 9.999999974752427e-07 215
1753413332770 9.999999974752427e-07 216
1753413349940 9.999999974752427e-07 217
1753413367151 9.999999974752427e-07 218
1753413384651 9.999999974752427e-07 219
1753413401936 9.999999974752427e-07 220
1753413419270 9.999999974752427e-07 221
1753413436830 9.999999974752427e-07 222
1753413454152 9.999999974752427e-07 223
1753413471556 9.999999974752427e-07 224
1753413488840 9.999999974752427e-07 225
1753413506334 9.999999974752427e-07 226
1753413523642 9.999999974752427e-07 227
1753413540900 9.999999974752427e-07 228
1753413558478 9.999999974752427e-07 229
1753413575723 9.999999974752427e-07 230
1753413593003 9.999999974752427e-07 231
1753413610422 9.999999974752427e-07 232
1753413627705 9.999999974752427e-07 233
1753413645106 9.999999974752427e-07 234
1753413662370 9.999999974752427e-07 235
1753413679610 9.999999974752427e-07 236
1753413697161 9.999999974752427e-07 237
1753413714487 9.999999974752427e-07 238
1753413731770 9.999999974752427e-07 239
1753413749038 9.999999974752427e-07 240
1753413766550 9.999999974752427e-07 241
1753413783822 9.999999974752427e-07 242
1753413801114 9.999999974752427e-07 243
1753413818648 9.999999974752427e-07 244
1753413836003 9.999999974752427e-07 245
1753413853319 9.999999974752427e-07 246
1753413870613 9.999999974752427e-07 247
1753413887930 9.999999974752427e-07 248
1753413905446 9.999999974752427e-07 249
1753413922691 9.999999974752427e-07 250
1753413939951 9.999999974752427e-07 251
1753413957580 9.999999974752427e-07 252
1753413974946 9.999999974752427e-07 253
1753413992248 9.999999974752427e-07 254
1753414009537 9.999999974752427e-07 255
1753414026996 9.999999974752427e-07 256
1753414044302 9.999999974752427e-07 257
1753414061533 9.999999974752427e-07 258
1753414078960 9.999999974752427e-07 259
1753414096516 9.999999974752427e-07 260
1753414113854 9.999999974752427e-07 261
1753414131105 9.999999974752427e-07 262
1753414148357 9.999999974752427e-07 263
1753414165892 9.999999974752427e-07 264
1753414183182 9.999999974752427e-07 265
1753414200449 9.999999974752427e-07 266
1753414217913 9.999999974752427e-07 267
1753414235546 9.999999974752427e-07 268
1753414253067 9.999999974752427e-07 269
1753414270374 9.999999974752427e-07 270
1753414287856 9.999999974752427e-07 271
1753414305250 9.999999974752427e-07 272
1753414322563 9.999999974752427e-07 273
1753414340052 9.999999974752427e-07 274
1753414357389 9.999999974752427e-07 275
1753414374666 9.999999974752427e-07 276
1753414391929 9.999999974752427e-07 277
1753414409501 9.999999974752427e-07 278
1753414426917 9.999999974752427e-07 279
1753414444222 9.999999974752427e-07 280
1753414461524 9.999999974752427e-07 281
1753414479031 9.999999974752427e-07 282
1753414496376 9.999999974752427e-07 283
1753414513711 9.999999974752427e-07 284
1753414531211 9.999999974752427e-07 285
1753414548518 9.999999974752427e-07 286
1753414565869 9.999999974752427e-07 287
1753414583205 9.999999974752427e-07 288
1753414600562 9.999999974752427e-07 289
1753414618058 9.999999974752427e-07 290
1753414635490 9.999999974752427e-07 291
1753414652903 9.999999974752427e-07 292
1753414670495 9.999999974752427e-07 293
1753414687973 9.999999974752427e-07 294
1753414705341 9.999999974752427e-07 295
1753414722851 9.999999974752427e-07 296
1753414740689 9.999999974752427e-07 297
1753414758323 9.999999974752427e-07 298
1753414775958 9.999999974752427e-07 299
1753414793788 9.999999974752427e-07 300
