1753400631695 0.46889 1
1753400673848 0.30184 2
1753400715327 0.19749 3
1753400756789 0.13195 4
1753400798116 0.09312 5
1753400840071 0.06967 6
1753400880908 0.05527 7
1753400921367 0.0459 8
1753400962705 0.03958 9
1753401003189 0.03512 10
1753401044104 0.03192 11
1753401086411 0.0292 12
1753401127795 0.02673 13
1753401169155 0.02537 14
1753401210536 0.02431 15
1753401251802 0.0235 16
1753401293868 0.0228 17
1753401335829 0.02227 18
1753401377914 0.0218 19
1753401419421 0.02137 20
1753401461558 0.02103 21
1753401503369 0.02075 22
1753401545456 0.02047 23
1753401587190 0.02025 24
1753401629463 0.02007 25
1753401671496 0.01986 26
1753401712545 0.0197 27
1753401753871 0.0196 28
1753401795269 0.01948 29
1753401836239 0.01936 30
1753401877339 0.01922 31
1753401918500 0.01915 32
1753401960144 0.01891 33
1753402001832 0.01886 34
1753402043314 0.01881 35
1753402085271 0.01878 36
1753402127129 0.01874 37
1753402169223 0.01872 38
1753402211369 0.01873 39
1753402253812 0.01869 40
1753402295916 0.01867 41
1753402337720 0.0186 42
1753402379083 0.01858 43
1753402419966 0.01856 44
1753402461779 0.01859 45
1753402502864 0.01858 46
1753402543975 0.01857 47
1753402585397 0.01853 48
1753402626411 0.01854 49
1753402667328 0.01852 50
1753402708567 0.01851 51
1753402751220 0.01853 52
1753402792411 0.01853 53
1753402833523 0.01851 54
1753402874876 0.0185 55
1753402916007 0.01852 56
1753402957813 0.01849 57
1753402999777 0.01851 58
1753403041934 0.0185 59
1753403083048 0.01852 60
1753403124724 0.01849 61
1753403166660 0.01848 62
1753403208414 0.01849 63
1753403250261 0.01847 64
1753403292214 0.01849 65
1753403334817 0.01852 66
1753403377173 0.01853 67
1753403419029 0.01849 68
1753403460541 0.0185 69
1753403502347 0.01849 70
1753403544900 0.01851 71
1753403587013 0.01849 72
1753403629003 0.01848 73
1753403671346 0.0185 74
1753403713266 0.01848 75
1753403754639 0.01852 76
1753403796210 0.01848 77
1753403837507 0.0185 78
1753403878711 0.01851 79
1753403920950 0.01847 80
1753403962474 0.01848 81
1753404004404 0.0185 82
1753404046407 0.0185 83
1753404088025 0.01849 84
1753404130925 0.01847 85
1753404172897 0.01845 86
1753404215220 0.01851 87
1753404257293 0.01849 88
1753404299723 0.01849 89
1753404341781 0.01848 90
1753404384285 0.0185 91
1753404426242 0.01848 92
1753404467856 0.0185 93
1753404509623 0.01847 94
1753404551414 0.01849 95
1753404593528 0.01848 96
1753404635597 0.01847 97
1753404677704 0.01848 98
1753404719841 0.01846 99
1753404761046 0.01848 100
1753404802604 0.01848 101
1753404844537 0.01849 102
1753404886632 0.01847 103
1753404928882 0.01847 104
1753404970888 0.01847 105
1753405012217 0.01846 106
1753405053904 0.01847 107
1753405096058 0.01847 108
1753405138070 0.01845 109
1753405179908 0.0185 110
1753405221888 0.01848 111
1753405263485 0.01848 112
1753405305508 0.01847 113
1753405347503 0.01846 114
1753405388981 0.01847 115
1753405431335 0.01848 116
1753405473483 0.01846 117
1753405514654 0.01847 118
1753405556530 0.01847 119
1753405598584 0.01851 120
1753405640885 0.01845 121
1753405682698 0.01846 122
1753405724500 0.01846 123
1753405766328 0.01846 124
1753405808448 0.01846 125
1753405850940 0.01846 126
1753405893619 0.01844 127
1753405935056 0.01847 128
1753405976738 0.01846 129
1753406019556 0.01845 130
1753406062187 0.01846 131
1753406105580 0.01846 132
1753406148375 0.01845 133
1753406191231 0.01846 134
1753406233688 0.01844 135
1753406275171 0.01845 136
1753406317151 0.01843 137
1753406358920 0.01846 138
1753406401275 0.01846 139
1753406443380 0.01847 140
1753406485728 0.01844 141
1753406528416 0.01845 142
1753406571291 0.01845 143
1753406613591 0.01848 144
1753406655467 0.01842 145
1753406698178 0.01843 146
1753406740678 0.01844 147
1753406782898 0.01847 148
1753406824960 0.01844 149
1753406867519 0.01844 150
1753406909472 0.01843 151
1753406951334 0.01844 152
1753406993448 0.01843 153
1753407036046 0.01842 154
1753407078046 0.01843 155
1753407120174 0.01846 156
1753407162100 0.01844 157
1753407205236 0.01842 158
1753407247365 0.01844 159
1753407289248 0.01843 160
1753407331756 0.01841 161
1753407373717 0.01844 162
1753407416261 0.01844 163
1753407458244 0.01843 164
1753407500185 0.01843 165
1753407541375 0.01843 166
1753407583010 0.01841 167
1753407624749 0.01843 168
1753407666636 0.01842 169
1753407708383 0.01842 170
1753407750275 0.01843 171
1753407792363 0.01842 172
1753407833345 0.01839 173
1753407875044 0.01843 174
1753407917320 0.01841 175
1753407959011 0.01841 176
1753408001190 0.01843 177
1753408042480 0.01841 178
1753408085310 0.01841 179
1753408127919 0.01842 180
1753408170604 0.0184 181
1753408211894 0.01841 182
1753408254576 0.01841 183
1753408296633 0.01841 184
1753408338274 0.0184 185
1753408380948 0.0184 186
1753408422807 0.01843 187
1753408464691 0.01842 188
1753408506606 0.0184 189
1753408548240 0.0184 190
1753408590746 0.0184 191
1753408633577 0.01839 192
1753408675843 0.01842 193
1753408717500 0.01839 194
1753408758759 0.0184 195
1753408800046 0.01842 196
1753408841452 0.01843 197
1753408883491 0.01839 198
1753408925072 0.01841 199
1753408966405 0.01841 200
1753409007808 0.01842 201
1753409049783 0.0184 202
1753409091935 0.01841 203
1753409134039 0.01841 204
1753409175986 0.0184 205
1753409217835 0.0184 206
1753409260361 0.01841 207
1753409302983 0.0184 208
1753409345614 0.0184 209
1753409388395 0.01837 210
1753409431229 0.01842 211
1753409473448 0.01838 212
1753409515382 0.01839 213
1753409557184 0.0184 214
1753409599831 0.01839 215
1753409642488 0.01838 216
1753409685523 0.01839 217
1753409726866 0.01837 218
1753409768813 0.01837 219
1753409811003 0.01838 220
1753409852992 0.01838 221
1753409895443 0.01837 222
1753409937604 0.01838 223
1753409979823 0.01837 224
1753410022013 0.01836 225
1753410063628 0.01836 226
1753410104739 0.01844 227
1753410147148 0.01839 228
1753410189307 0.0184 229
1753410230407 0.01838 230
1753410272576 0.01837 231
1753410314739 0.01835 232
1753410356767 0.01838 233
1753410399317 0.01838 234
1753410441729 0.01837 235
1753410483661 0.01836 236
1753410526331 0.01838 237
1753410568497 0.01839 238
1753410611116 0.01836 239
1753410652933 0.01837 240
1753410695341 0.01835 241
1753410737618 0.01837 242
1753410779147 0.01836 243
1753410820196 0.01838 244
1753410862220 0.01839 245
1753410904770 0.01837 246
1753410947125 0.01838 247
1753410989615 0.01839 248
1753411031887 0.01838 249
1753411073445 0.01836 250
1753411115073 0.01837 251
1753411156890 0.01838 252
1753411199352 0.01837 253
1753411241366 0.01836 254
1753411283503 0.01839 255
1753411325427 0.01835 256
1753411367382 0.01835 257
1753411409411 0.01837 258
1753411451374 0.01836 259
1753411494032 0.01836 260
1753411535709 0.01836 261
1753411577758 0.01836 262
1753411620076 0.01833 263
1753411661873 0.01836 264
1753411703643 0.01835 265
1753411745561 0.01834 266
1753411787570 0.01838 267
1753411829346 0.01835 268
1753411871367 0.01835 269
1753411913559 0.01833 270
1753411955374 0.01836 271
1753411997116 0.01835 272
1753412039045 0.01837 273
1753412081169 0.01832 274
1753412123333 0.01837 275
1753412165095 0.01835 276
1753412206755 0.01834 277
1753412248860 0.01834 278
1753412290478 0.01835 279
1753412332578 0.01833 280
1753412374505 0.01834 281
1753412416293 0.01836 282
1753412458919 0.01835 283
1753412500886 0.01835 284
1753412542434 0.01833 285
1753412584653 0.01837 286
1753412626705 0.01836 287
1753412668264 0.01834 288
1753412709318 0.01833 289
1753412751014 0.01834 290
1753412792934 0.01836 291
1753412835625 0.01834 292
1753412877074 0.01832 293
1753412919586 0.01833 294
1753412962267 0.01833 295
1753413004721 0.01835 296
1753413045832 0.01834 297
1753413088271 0.01836 298
1753413130388 0.01833 299
1753413172423 0.01834 300
