1753400650180 0.0010000000474974513 1
1753400691684 0.0010000000474974513 2
1753400733058 0.0010000000474974513 3
1753400774460 0.0010000000474974513 4
1753400816378 0.0010000000474974513 5
1753400857219 0.0010000000474974513 6
1753400897682 0.0010000000474974513 7
1753400938646 0.0010000000474974513 8
1753400979432 0.0010000000474974513 9
1753401019950 0.0010000000474974513 10
1753401062129 0.0010000000474974513 11
1753401103408 0.0010000000474974513 12
1753401144661 0.0010000000474974513 13
1753401186087 0.0010000000474974513 14
1753401227165 0.0010000000474974513 15
1753401269718 0.0010000000474974513 16
1753401311387 0.0010000000474974513 17
1753401353414 0.0010000000474974513 18
1753401395165 0.0010000000474974513 19
1753401437189 0.0010000000474974513 20
1753401479107 0.0010000000474974513 21
1753401520774 0.0010000000474974513 22
1753401563003 0.0010000000474974513 23
1753401605232 0.0010000000474974513 24
1753401646673 0.0010000000474974513 25
1753401688280 0.0010000000474974513 26
1753401729323 0.0010000000474974513 27
1753401770566 0.0010000000474974513 28
1753401811898 0.0010000000474974513 29
1753401852749 0.0010000000474974513 30
1753401893873 0.0010000000474974513 31
1753401936028 0.00020000000949949026 32
1753401977047 0.00020000000949949026 33
1753402018494 0.00020000000949949026 34
1753402060813 0.00020000000949949026 35
1753402102924 0.00020000000949949026 36
1753402144617 0.00020000000949949026 37
1753402186739 0.00020000000949949026 38
1753402229559 0.00020000000949949026 39
1753402271454 0.00020000000949949026 40
1753402313423 4.0000002627493814e-05 41
1753402354681 4.0000002627493814e-05 42
1753402395659 4.0000002627493814e-05 43
1753402437200 4.0000002627493814e-05 44
1753402478547 4.0000002627493814e-05 45
1753402519521 4.0000002627493814e-05 46
1753402560703 4.0000002627493814e-05 47
1753402602013 4.0000002627493814e-05 48
1753402642958 4.0000002627493814e-05 49
1753402684299 8.000000889296643e-06 50
1753402726755 8.000000889296643e-06 51
1753402767849 8.000000889296643e-06 52
1753402809204 8.000000889296643e-06 53
1753402850338 8.000000889296643e-06 54
1753402891773 8.000000889296643e-06 55
1753402933420 8.000000889296643e-06 56
1753402975334 8.000000889296643e-06 57
1753403017153 8.000000889296643e-06 58
1753403058727 1.6000001323845936e-06 59
1753403100325 1.6000001323845936e-06 60
1753403142350 1.6000001323845936e-06 61
1753403184084 1.6000001323845936e-06 62
1753403225905 1.6000001323845936e-06 63
1753403267563 1.6000001323845936e-06 64
1753403310526 1.6000001323845936e-06 65
1753403352778 1.6000001323845936e-06 66
1753403394730 1.6000001323845936e-06 67
1753403435963 9.999999974752427e-07 68
1753403478027 9.999999974752427e-07 69
1753403520593 9.999999974752427e-07 70
1753403562556 9.999999974752427e-07 71
1753403604580 9.999999974752427e-07 72
1753403646651 9.999999974752427e-07 73
1753403689007 9.999999974752427e-07 74
1753403730018 9.999999974752427e-07 75
1753403771811 9.999999974752427e-07 76
1753403812867 9.999999974752427e-07 77
1753403854440 9.999999974752427e-07 78
1753403896173 9.999999974752427e-07 79
1753403938091 9.999999974752427e-07 80
1753403980224 9.999999974752427e-07 81
1753404022067 9.999999974752427e-07 82
1753404063629 9.999999974752427e-07 83
1753404106693 9.999999974752427e-07 84
1753404148556 9.999999974752427e-07 85
1753404190653 9.999999974752427e-07 86
1753404232983 9.999999974752427e-07 87
1753404275507 9.999999974752427e-07 88
1753404317161 9.999999974752427e-07 89
1753404359916 9.999999974752427e-07 90
1753404401960 9.999999974752427e-07 91
1753404443165 9.999999974752427e-07 92
1753404485457 9.999999974752427e-07 93
1753404527263 9.999999974752427e-07 94
1753404569146 9.999999974752427e-07 95
1753404611098 9.999999974752427e-07 96
1753404653251 9.999999974752427e-07 97
1753404695502 9.999999974752427e-07 98
1753404736540 9.999999974752427e-07 99
1753404778175 9.999999974752427e-07 100
1753404820264 9.999999974752427e-07 101
1753404862119 9.999999974752427e-07 102
1753404904149 9.999999974752427e-07 103
1753404946603 9.999999974752427e-07 104
1753404987743 9.999999974752427e-07 105
1753405029758 9.999999974752427e-07 106
1753405071444 9.999999974752427e-07 107
1753405113745 9.999999974752427e-07 108
1753405155641 9.999999974752427e-07 109
1753405197477 9.999999974752427e-07 110
1753405239344 9.999999974752427e-07 111
1753405281136 9.999999974752427e-07 112
1753405322970 9.999999974752427e-07 113
1753405364582 9.999999974752427e-07 114
1753405407160 9.999999974752427e-07 115
1753405449153 9.999999974752427e-07 116
1753405490412 9.999999974752427e-07 117
1753405531913 9.999999974752427e-07 118
1753405574327 9.999999974752427e-07 119
1753405616215 9.999999974752427e-07 120
1753405658590 9.999999974752427e-07 121
1753405699637 9.999999974752427e-07 122
1753405741324 9.999999974752427e-07 123
1753405783664 9.999999974752427e-07 124
1753405826229 9.999999974752427e-07 125
1753405868666 9.999999974752427e-07 126
1753405910305 9.999999974752427e-07 127
1753405951710 9.999999974752427e-07 128
1753405994398 9.999999974752427e-07 129
1753406037170 9.999999974752427e-07 130
1753406080441 9.999999974752427e-07 131
1753406123490 9.999999974752427e-07 132
1753406166468 9.999999974752427e-07 133
1753406208877 9.999999974752427e-07 134
1753406250824 9.999999974752427e-07 135
1753406292820 9.999999974752427e-07 136
1753406334830 9.999999974752427e-07 137
1753406377194 9.999999974752427e-07 138
1753406419012 9.999999974752427e-07 139
1753406461650 9.999999974752427e-07 140
1753406503990 9.999999974752427e-07 141
1753406547245 9.999999974752427e-07 142
1753406589553 9.999999974752427e-07 143
1753406631129 9.999999974752427e-07 144
1753406673802 9.999999974752427e-07 145
1753406716479 9.999999974752427e-07 146
1753406758182 9.999999974752427e-07 147
1753406800771 9.999999974752427e-07 148
1753406843237 9.999999974752427e-07 149
1753406885283 9.999999974752427e-07 150
1753406927058 9.999999974752427e-07 151
1753406969017 9.999999974752427e-07 152
1753407011866 9.999999974752427e-07 153
1753407053764 9.999999974752427e-07 154
1753407095526 9.999999974752427e-07 155
1753407137909 9.999999974752427e-07 156
1753407180810 9.999999974752427e-07 157
1753407222839 9.999999974752427e-07 158
1753407264866 9.999999974752427e-07 159
1753407307511 9.999999974752427e-07 160
1753407349270 9.999999974752427e-07 161
1753407392000 9.999999974752427e-07 162
1753407433845 9.999999974752427e-07 163
1753407475887 9.999999974752427e-07 164
1753407516894 9.999999974752427e-07 165
1753407558337 9.999999974752427e-07 166
1753407600269 9.999999974752427e-07 167
1753407642422 9.999999974752427e-07 168
1753407684045 9.999999974752427e-07 169
1753407725937 9.999999974752427e-07 170
1753407767843 9.999999974752427e-07 171
1753407808907 9.999999974752427e-07 172
1753407850775 9.999999974752427e-07 173
1753407892768 9.999999974752427e-07 174
1753407934948 9.999999974752427e-07 175
1753407976844 9.999999974752427e-07 176
1753408018298 9.999999974752427e-07 177
1753408061143 9.999999974752427e-07 178
1753408103608 9.999999974752427e-07 179
1753408146177 9.999999974752427e-07 180
1753408187604 9.999999974752427e-07 181
1753408230202 9.999999974752427e-07 182
1753408272480 9.999999974752427e-07 183
1753408314033 9.999999974752427e-07 184
1753408356524 9.999999974752427e-07 185
1753408398607 9.999999974752427e-07 186
1753408440306 9.999999974752427e-07 187
1753408482219 9.999999974752427e-07 188
1753408523934 9.999999974752427e-07 189
1753408566526 9.999999974752427e-07 190
1753408609328 9.999999974752427e-07 191
1753408651598 9.999999974752427e-07 192
1753408693029 9.999999974752427e-07 193
1753408734312 9.999999974752427e-07 194
1753408775540 9.999999974752427e-07 195
1753408816988 9.999999974752427e-07 196
1753408858984 9.999999974752427e-07 197
1753408900385 9.999999974752427e-07 198
1753408941936 9.999999974752427e-07 199
1753408983284 9.999999974752427e-07 200
1753409025272 9.999999974752427e-07 201
1753409067467 9.999999974752427e-07 202
1753409109621 9.999999974752427e-07 203
1753409151646 9.999999974752427e-07 204
1753409193674 9.999999974752427e-07 205
1753409236001 9.999999974752427e-07 206
1753409278702 9.999999974752427e-07 207
1753409321302 9.999999974752427e-07 208
1753409363958 9.999999974752427e-07 209
1753409406754 9.999999974752427e-07 210
1753409449041 9.999999974752427e-07 211
1753409491082 9.999999974752427e-07 212
1753409533038 9.999999974752427e-07 213
1753409575477 9.999999974752427e-07 214
1753409618139 9.999999974752427e-07 215
1753409661066 9.999999974752427e-07 216
1753409702366 9.999999974752427e-07 217
1753409744609 9.999999974752427e-07 218
1753409786594 9.999999974752427e-07 219
1753409828758 9.999999974752427e-07 220
1753409871288 9.999999974752427e-07 221
1753409913258 9.999999974752427e-07 222
1753409955398 9.999999974752427e-07 223
1753409997588 9.999999974752427e-07 224
1753410039175 9.999999974752427e-07 225
1753410080393 9.999999974752427e-07 226
1753410122924 9.999999974752427e-07 227
1753410164910 9.999999974752427e-07 228
1753410205999 9.999999974752427e-07 229
1753410248113 9.999999974752427e-07 230
1753410290292 9.999999974752427e-07 231
1753410332418 9.999999974752427e-07 232
1753410375073 9.999999974752427e-07 233
1753410417420 9.999999974752427e-07 234
1753410459366 9.999999974752427e-07 235
1753410501939 9.999999974752427e-07 236
1753410544258 9.999999974752427e-07 237
1753410586841 9.999999974752427e-07 238
1753410628773 9.999999974752427e-07 239
1753410670842 9.999999974752427e-07 240
1753410713337 9.999999974752427e-07 241
1753410754939 9.999999974752427e-07 242
1753410795875 9.999999974752427e-07 243
1753410837861 9.999999974752427e-07 244
1753410880514 9.999999974752427e-07 245
1753410923156 9.999999974752427e-07 246
1753410965439 9.999999974752427e-07 247
1753411007725 9.999999974752427e-07 248
1753411049165 9.999999974752427e-07 249
1753411090929 9.999999974752427e-07 250
1753411132711 9.999999974752427e-07 251
1753411175156 9.999999974752427e-07 252
1753411216758 9.999999974752427e-07 253
1753411258946 9.999999974752427e-07 254
1753411301067 9.999999974752427e-07 255
1753411343019 9.999999974752427e-07 256
1753411385007 9.999999974752427e-07 257
1753411427061 9.999999974752427e-07 258
1753411469568 9.999999974752427e-07 259
1753411511371 9.999999974752427e-07 260
1753411553400 9.999999974752427e-07 261
1753411595683 9.999999974752427e-07 262
1753411637707 9.999999974752427e-07 263
1753411679084 9.999999974752427e-07 264
1753411721320 9.999999974752427e-07 265
1753411763133 9.999999974752427e-07 266
1753411805001 9.999999974752427e-07 267
1753411846983 9.999999974752427e-07 268
1753411889383 9.999999974752427e-07 269
1753411931222 9.999999974752427e-07 270
1753411972993 9.999999974752427e-07 271
1753412014646 9.999999974752427e-07 272
1753412056598 9.999999974752427e-07 273
1753412098897 9.999999974752427e-07 274
1753412140968 9.999999974752427e-07 275
1753412182518 9.999999974752427e-07 276
1753412224396 9.999999974752427e-07 277
1753412266247 9.999999974752427e-07 278
1753412308047 9.999999974752427e-07 279
1753412350234 9.999999974752427e-07 280
1753412392074 9.999999974752427e-07 281
1753412434581 9.999999974752427e-07 282
1753412476542 9.999999974752427e-07 283
1753412518043 9.999999974752427e-07 284
1753412560285 9.999999974752427e-07 285
1753412602307 9.999999974752427e-07 286
1753412643780 9.999999974752427e-07 287
1753412685001 9.999999974752427e-07 288
1753412726492 9.999999974752427e-07 289
1753412768904 9.999999974752427e-07 290
1753412811218 9.999999974752427e-07 291
1753412852676 9.999999974752427e-07 292
1753412895263 9.999999974752427e-07 293
1753412937880 9.999999974752427e-07 294
1753412980578 9.999999974752427e-07 295
1753413021501 9.999999974752427e-07 296
1753413064037 9.999999974752427e-07 297
1753413105894 9.999999974752427e-07 298
1753413148167 9.999999974752427e-07 299
1753413189973 9.999999974752427e-07 300
