1753327070195 1.0 0
1753327087653 2.0 0
1753327104981 3.0 0
1753327122876 4.0 0
1753327140330 5.0 0
1753327157836 6.0 0
1753327175851 7.0 0
1753327193726 8.0 0
1753327211825 9.0 0
1753327229449 10.0 0
1753327247189 11.0 0
1753327265060 12.0 0
1753327282788 13.0 0
1753327300599 14.0 0
1753327318341 15.0 0
1753327354127 17.0 0
1753327407514 20.0 0
1753327443307 22.0 0
1753327460972 23.0 0
1753327478440 24.0 0
1753327495824 25.0 0
1753327513206 26.0 0
1753327531292 27.0 0
1753327549106 28.0 0
1753327566904 29.0 0
1753327584743 30.0 0
1753327602656 31.0 0
1753327620667 32.0 0
1753327638514 33.0 0
1753327656457 34.0 0
1753327674434 35.0 0
1753327692319 36.0 0
1753327710203 37.0 0
1753327728107 38.0 0
1753327745989 39.0 0
1753327763851 40.0 0
1753327781699 41.0 0
1753327799557 42.0 0
1753327817442 43.0 0
1753327835430 44.0 0
1753327853214 45.0 0
1753327871091 46.0 0
1753327907101 48.0 0
1753327924919 49.0 0
1753327942725 50.0 0
1753327960696 51.0 0
1753327978496 52.0 0
1753327996553 53.0 0
1753328014547 54.0 0
1753328032367 55.0 0
1753328067978 57.0 0
1753328121316 60.0 0
1753328139186 61.0 0
1753328157095 62.0 0
1753328192800 64.0 0
1753328210763 65.0 0
1753328263059 68.0 0
1753328315261 71.0 0
