1753327056467 0.60973 1
1753327074234 0.5329 2
1753327091570 0.48381 3
1753327108987 0.44723 4
1753327126802 0.41501 5
1753327144310 0.38529 6
1753327161840 0.3574 7
1753327179734 0.33123 8
1753327197691 0.30677 9
1753327215705 0.28385 10
1753327233309 0.26268 11
1753327251044 0.24287 12
1753327269038 0.22471 13
1753327286688 0.20799 14
1753327304529 0.19268 15
1753327322342 0.17852 16
1753327340048 0.16556 17
1753327358018 0.15367 18
1753327375638 0.14264 19
1753327393425 0.13275 20
1753327411429 0.1237 21
1753327429296 0.11527 22
1753327447223 0.10763 23
1753327464892 0.10061 24
1753327482378 0.09433 25
1753327499760 0.0885 26
1753327517142 0.08444 27
1753327535216 0.07915 28
1753327553019 0.07417 29
1753327570742 0.06998 30
1753327588681 0.06613 31
1753327606553 0.06247 32
1753327624583 0.05925 33
1753327642454 0.05473 34
1753327660386 0.05055 35
1753327678367 0.04679 36
1753327696254 0.04362 37
1753327714123 0.04077 38
1753327732016 0.03838 39
1753327749918 0.03629 40
1753327767768 0.03449 41
1753327785503 0.03294 42
1753327803389 0.03154 43
1753327821367 0.03031 44
1753327839309 0.0292 45
1753327857113 0.02819 46
1753327874980 0.02725 47
1753327893125 0.0266 48
1753327911001 0.02587 49
1753327928826 0.02529 50
1753327946613 0.02474 51
1753327964614 0.02424 52
1753327982426 0.02389 53
1753328000498 0.02346 54
1753328018468 0.02314 55
1753328036229 0.02282 56
1753328053940 0.02255 57
1753328071803 0.02228 58
1753328089772 0.02207 59
1753328107272 0.02194 60
1753328125177 0.02163 61
1753328143095 0.0214 62
1753328160981 0.0213 63
1753328178754 0.02114 64
1753328196689 0.02094 65
1753328214652 0.0208 66
1753328232262 0.02068 67
1753328249628 0.02059 68
1753328266945 0.02046 69
1753328284444 0.02038 70
1753328301732 0.02026 71
1753328319198 0.02016 72
1753328336713 0.02009 73
1753328354033 0.01997 74
1753328371354 0.01992 75
1753328388981 0.01984 76
1753328406218 0.0198 77
1753328423457 0.01967 78
1753328440774 0.0196 79
1753328458042 0.01961 80
1753328475507 0.01945 81
1753328492896 0.01937 82
1753328510868 0.01933 83
1753328528689 0.01933 84
1753328546466 0.0193 85
1753328564205 0.01927 86
1753328582139 0.01927 87
1753328600186 0.01928 88
1753328618256 0.01925 89
1753328636191 0.01922 90
1753328654012 0.01922 91
1753328671239 0.01922 92
1753328688623 0.01921 93
1753328705936 0.01921 94
1753328723283 0.01919 95
1753328740930 0.01918 96
1753328758126 0.01916 97
1753328775524 0.01918 98
1753328792983 0.0192 99
1753328810215 0.01917 100
1753328827575 0.01918 101
1753328844730 0.01917 102
1753328862028 0.01918 103
1753328879641 0.01919 104
1753328897091 0.01917 105
1753328914482 0.01918 106
1753328931760 0.01921 107
1753328949117 0.01918 108
1753328966427 0.01913 109
1753328983722 0.01914 110
1753329001289 0.01914 111
1753329018515 0.01915 112
1753329035914 0.01916 113
1753329053415 0.01917 114
1753329070726 0.01919 115
1753329088096 0.01919 116
1753329105256 0.01916 117
1753329122665 0.01915 118
1753329140220 0.01916 119
1753329157623 0.01918 120
1753329175270 0.01916 121
1753329192523 0.0192 122
1753329209819 0.01918 123
1753329227231 0.01915 124
1753329244488 0.01916 125
1753329262076 0.01918 126
1753329279401 0.01915 127
1753329296725 0.01919 128
1753329314128 0.01916 129
1753329331393 0.01916 130
1753329348691 0.01917 131
1753329366028 0.01916 132
1753329383280 0.01918 133
1753329400934 0.01917 134
1753329418604 0.01917 135
1753329436573 0.01916 136
1753329453987 0.01917 137
1753329471327 0.01917 138
1753329488437 0.01915 139
1753329505543 0.01916 140
1753329522962 0.01919 141
1753329540427 0.01915 142
1753329557685 0.01916 143
1753329575481 0.01916 144
1753329593476 0.01912 145
1753329611212 0.01916 146
1753329629009 0.01914 147
1753329647014 0.01916 148
1753329664958 0.01916 149
1753329682879 0.01914 150
1753329700736 0.01918 151
1753329718641 0.0192 152
1753329736462 0.01914 153
1753329754171 0.01917 154
1753329772190 0.01915 155
1753329790143 0.01913 156
1753329807960 0.01913 157
1753329826079 0.01914 158
1753329844007 0.01911 159
1753329861888 0.01914 160
1753329879995 0.01917 161
1753329898063 0.01919 162
1753329916138 0.01915 163
1753329934136 0.01915 164
1753329952491 0.01918 165
1753329970435 0.01914 166
1753329988283 0.01914 167
1753330006373 0.01913 168
1753330024065 0.01915 169
1753330041994 0.01913 170
1753330059786 0.01917 171
1753330077789 0.01913 172
1753330095591 0.01914 173
1753330113486 0.01915 174
1753330131542 0.01918 175
1753330149377 0.01914 176
1753330167323 0.01914 177
1753330185329 0.01914 178
1753330203222 0.01917 179
1753330221108 0.01917 180
1753330238904 0.01917 181
1753330256848 0.01916 182
1753330274649 0.01914 183
1753330292469 0.01915 184
1753330310388 0.01912 185
1753330328193 0.01912 186
1753330346031 0.01915 187
1753330363960 0.01913 188
1753330381768 0.01916 189
1753330399674 0.01915 190
1753330417465 0.01915 191
1753330435302 0.01913 192
1753330453023 0.01914 193
1753330470890 0.01913 194
1753330488735 0.01915 195
1753330506481 0.01915 196
1753330524287 0.01918 197
1753330542300 0.01914 198
1753330559948 0.01912 199
1753330577785 0.01918 200
1753330595706 0.01917 201
1753330613499 0.01917 202
1753330631353 0.01913 203
1753330649008 0.01912 204
1753330666966 0.01912 205
1753330684759 0.01913 206
1753330702539 0.01914 207
1753330720717 0.01915 208
1753330738518 0.01916 209
1753330756257 0.01915 210
1753330773948 0.01915 211
1753330791874 0.01917 212
1753330809662 0.01919 213
1753330827496 0.01914 214
1753330845488 0.01915 215
1753330863201 0.01914 216
1753330880827 0.01913 217
1753330898816 0.01913 218
1753330916544 0.0191 219
1753330934348 0.01916 220
1753330952283 0.0191 221
1753330969897 0.01914 222
1753330987692 0.01917 223
1753331005589 0.01913 224
1753331023631 0.01919 225
1753331041359 0.01914 226
1753331059130 0.01915 227
1753331077156 0.01919 228
1753331094968 0.01917 229
1753331112788 0.01912 230
1753331130613 0.01914 231
1753331148614 0.01916 232
1753331166350 0.01915 233
1753331184178 0.01916 234
1753331202079 0.01915 235
1753331219756 0.01912 236
1753331237414 0.01914 237
1753331255559 0.01916 238
1753331273277 0.01917 239
1753331290901 0.01909 240
1753331308690 0.01917 241
1753331326509 0.01918 242
1753331344174 0.01913 243
1753331361912 0.01913 244
1753331379834 0.01918 245
1753331397500 0.01913 246
1753331415203 0.01913 247
1753331433088 0.01914 248
1753331450822 0.01916 249
1753331468839 0.01913 250
1753331486735 0.01913 251
1753331504717 0.01914 252
1753331522651 0.01912 253
1753331540615 0.01915 254
1753331558885 0.01912 255
1753331576574 0.01919 256
1753331594265 0.01916 257
1753331612290 0.01912 258
1753331630115 0.01913 259
1753331648042 0.01913 260
1753331666187 0.01914 261
1753331684076 0.01913 262
1753331701902 0.01915 263
1753331719567 0.01911 264
1753331737492 0.01915 265
1753331755161 0.01913 266
1753331772827 0.01914 267
1753331790406 0.01916 268
1753331807841 0.01912 269
1753331825278 0.0191 270
1753331842613 0.0191 271
1753331860119 0.01916 272
1753331877521 0.01913 273
1753331894816 0.01915 274
1753331912301 0.01917 275
1753331929601 0.01915 276
1753331947019 0.01913 277
1753331964426 0.01912 278
1753331982011 0.01912 279
1753331999231 0.01915 280
1753332016557 0.01915 281
1753332033890 0.01916 282
1753332051355 0.01916 283
1753332068766 0.01914 284
1753332086220 0.01914 285
1753332103719 0.01911 286
1753332120978 0.01913 287
1753332138330 0.01916 288
1753332155507 0.01913 289
1753332172943 0.01911 290
1753332190868 0.01917 291
1753332208097 0.01913 292
1753332225599 0.01915 293
1753332243105 0.01911 294
1753332260540 0.01912 295
1753332278219 0.01912 296
1753332295927 0.01912 297
1753332313868 0.01916 298
1753332331582 0.0191 299
1753332349274 0.01913 300
