1753327070201 0.0010000000474974513 1
1753327087662 0.0010000000474974513 2
1753327104985 0.0010000000474974513 3
1753327122880 0.0010000000474974513 4
1753327140335 0.0010000000474974513 5
1753327157840 0.0010000000474974513 6
1753327175857 0.0010000000474974513 7
1753327193730 0.0010000000474974513 8
1753327211830 0.0010000000474974513 9
1753327229454 0.0010000000474974513 10
1753327247193 0.0010000000474974513 11
1753327265065 0.0010000000474974513 12
1753327282793 0.0010000000474974513 13
1753327300605 0.0010000000474974513 14
1753327318347 0.0010000000474974513 15
1753327336166 0.0010000000474974513 16
1753327354132 0.0010000000474974513 17
1753327371739 0.0010000000474974513 18
1753327389539 0.0010000000474974513 19
1753327407519 0.0010000000474974513 20
1753327425419 0.0010000000474974513 21
1753327443312 0.0010000000474974513 22
1753327460976 0.0010000000474974513 23
1753327478445 0.0010000000474974513 24
1753327495831 0.0010000000474974513 25
1753327513212 0.0010000000474974513 26
1753327531296 0.0010000000474974513 27
1753327549110 0.0010000000474974513 28
1753327566908 0.0010000000474974513 29
1753327584756 0.0010000000474974513 30
1753327602661 0.0010000000474974513 31
1753327620672 0.0010000000474974513 32
1753327638518 0.0010000000474974513 33
1753327656462 0.0010000000474974513 34
1753327674438 0.0010000000474974513 35
1753327692323 0.0010000000474974513 36
1753327710209 0.0010000000474974513 37
1753327728111 0.0010000000474974513 38
1753327745993 0.0010000000474974513 39
1753327763856 0.0010000000474974513 40
1753327781705 0.0010000000474974513 41
1753327799561 0.0010000000474974513 42
1753327817447 0.0010000000474974513 43
1753327835435 0.0010000000474974513 44
1753327853218 0.0010000000474974513 45
1753327871095 0.0010000000474974513 46
1753327888985 0.0010000000474974513 47
1753327907107 0.0010000000474974513 48
1753327924923 0.0010000000474974513 49
1753327942730 0.0010000000474974513 50
1753327960701 0.0010000000474974513 51
1753327978502 0.0010000000474974513 52
1753327996558 0.0010000000474974513 53
1753328014552 0.0010000000474974513 54
1753328032371 0.0010000000474974513 55
1753328050092 0.0010000000474974513 56
1753328067983 0.0010000000474974513 57
1753328085921 0.0010000000474974513 58
1753328103398 0.0010000000474974513 59
1753328121322 0.0010000000474974513 60
1753328139191 0.0010000000474974513 61
1753328157099 0.0010000000474974513 62
1753328174828 0.0010000000474974513 63
1753328192806 0.0010000000474974513 64
1753328210768 0.0010000000474974513 65
1753328228364 0.0010000000474974513 66
1753328245745 0.0010000000474974513 67
1753328263063 0.0010000000474974513 68
1753328280521 0.0010000000474974513 69
1753328297840 0.0010000000474974513 70
1753328315269 0.0010000000474974513 71
1753328332839 0.0010000000474974513 72
1753328350147 0.0010000000474974513 73
1753328367428 0.0010000000474974513 74
1753328385060 0.0010000000474974513 75
1753328402339 0.0010000000474974513 76
1753328419517 0.0010000000474974513 77
1753328436848 0.0010000000474974513 78
1753328454119 0.0010000000474974513 79
1753328471548 0.00020000000949949026 80
1753328488971 0.00020000000949949026 81
1753328506940 0.00020000000949949026 82
1753328524742 0.00020000000949949026 83
1753328542540 0.00020000000949949026 84
1753328560250 0.00020000000949949026 85
1753328578003 0.00020000000949949026 86
1753328596265 0.00020000000949949026 87
1753328614139 0.00020000000949949026 88
1753328632262 4.0000002627493814e-05 89
1753328650087 4.0000002627493814e-05 90
1753328667319 4.0000002627493814e-05 91
1753328684700 4.0000002627493814e-05 92
1753328702010 4.0000002627493814e-05 93
1753328719355 4.0000002627493814e-05 94
1753328737009 4.0000002627493814e-05 95
1753328754205 4.0000002627493814e-05 96
1753328771595 4.0000002627493814e-05 97
1753328789057 8.000000889296643e-06 98
1753328806296 8.000000889296643e-06 99
1753328823627 8.000000889296643e-06 100
1753328840809 8.000000889296643e-06 101
1753328858100 8.000000889296643e-06 102
1753328875714 8.000000889296643e-06 103
1753328893167 8.000000889296643e-06 104
1753328910556 8.000000889296643e-06 105
1753328927838 8.000000889296643e-06 106
1753328945195 1.6000001323845936e-06 107
1753328962501 1.6000001323845936e-06 108
1753328979794 1.6000001323845936e-06 109
1753328997367 1.6000001323845936e-06 110
1753329014589 1.6000001323845936e-06 111
1753329031946 1.6000001323845936e-06 112
1753329049480 1.6000001323845936e-06 113
1753329066802 1.6000001323845936e-06 114
1753329084167 1.6000001323845936e-06 115
1753329101332 9.999999974752427e-07 116
1753329118676 9.999999974752427e-07 117
1753329136293 9.999999974752427e-07 118
1753329153642 9.999999974752427e-07 119
1753329171313 9.999999974752427e-07 120
1753329188597 9.999999974752427e-07 121
1753329205895 9.999999974752427e-07 122
1753329223310 9.999999974752427e-07 123
1753329240552 9.999999974752427e-07 124
1753329258074 9.999999974752427e-07 125
1753329275442 9.999999974752427e-07 126
1753329292791 9.999999974752427e-07 127
1753329310208 9.999999974752427e-07 128
1753329327495 9.999999974752427e-07 129
1753329344769 9.999999974752427e-07 130
1753329362142 9.999999974752427e-07 131
1753329379348 9.999999974752427e-07 132
1753329396952 9.999999974752427e-07 133
1753329414705 9.999999974752427e-07 134
1753329432642 9.999999974752427e-07 135
1753329450057 9.999999974752427e-07 136
1753329467445 9.999999974752427e-07 137
1753329484624 9.999999974752427e-07 138
1753329501741 9.999999974752427e-07 139
1753329519090 9.999999974752427e-07 140
1753329536447 9.999999974752427e-07 141
1753329553815 9.999999974752427e-07 142
1753329571618 9.999999974752427e-07 143
1753329589548 9.999999974752427e-07 144
1753329607362 9.999999974752427e-07 145
1753329625081 9.999999974752427e-07 146
1753329643087 9.999999974752427e-07 147
1753329661031 9.999999974752427e-07 148
1753329678896 9.999999974752427e-07 149
1753329696813 9.999999974752427e-07 150
1753329714756 9.999999974752427e-07 151
1753329732560 9.999999974752427e-07 152
1753329750290 9.999999974752427e-07 153
1753329768237 9.999999974752427e-07 154
1753329786174 9.999999974752427e-07 155
1753329803971 9.999999974752427e-07 156
1753329822094 9.999999974752427e-07 157
1753329840078 9.999999974752427e-07 158
1753329857957 9.999999974752427e-07 159
1753329876051 9.999999974752427e-07 160
1753329894118 9.999999974752427e-07 161
1753329912177 9.999999974752427e-07 162
1753329930203 9.999999974752427e-07 163
1753329948569 9.999999974752427e-07 164
1753329966450 9.999999974752427e-07 165
1753329984349 9.999999974752427e-07 166
1753330002444 9.999999974752427e-07 167
1753330020130 9.999999974752427e-07 168
1753330038086 9.999999974752427e-07 169
1753330055855 9.999999974752427e-07 170
1753330073856 9.999999974752427e-07 171
1753330091658 9.999999974752427e-07 172
1753330109551 9.999999974752427e-07 173
1753330127565 9.999999974752427e-07 174
1753330145443 9.999999974752427e-07 175
1753330163390 9.999999974752427e-07 176
1753330181508 9.999999974752427e-07 177
1753330199411 9.999999974752427e-07 178
1753330217246 9.999999974752427e-07 179
1753330235018 9.999999974752427e-07 180
1753330252948 9.999999974752427e-07 181
1753330270718 9.999999974752427e-07 182
1753330288605 9.999999974752427e-07 183
1753330306508 9.999999974752427e-07 184
1753330324319 9.999999974752427e-07 185
1753330342148 9.999999974752427e-07 186
1753330360034 9.999999974752427e-07 187
1753330377896 9.999999974752427e-07 188
1753330395672 9.999999974752427e-07 189
1753330413660 9.999999974752427e-07 190
1753330431465 9.999999974752427e-07 191
1753330449118 9.999999974752427e-07 192
1753330467028 9.999999974752427e-07 193
1753330484923 9.999999974752427e-07 194
1753330502658 9.999999974752427e-07 195
1753330520459 9.999999974752427e-07 196
1753330538467 9.999999974752427e-07 197
1753330556137 9.999999974752427e-07 198
1753330573871 9.999999974752427e-07 199
1753330591809 9.999999974752427e-07 200
1753330609643 9.999999974752427e-07 201
1753330627475 9.999999974752427e-07 202
1753330645122 9.999999974752427e-07 203
1753330663094 9.999999974752427e-07 204
1753330680804 9.999999974752427e-07 205
1753330698636 9.999999974752427e-07 206
1753330716789 9.999999974752427e-07 207
1753330734705 9.999999974752427e-07 208
1753330752436 9.999999974752427e-07 209
1753330770118 9.999999974752427e-07 210
1753330788010 9.999999974752427e-07 211
1753330805819 9.999999974752427e-07 212
1753330823607 9.999999974752427e-07 213
1753330841603 9.999999974752427e-07 214
1753330859385 9.999999974752427e-07 215
1753330877019 9.999999974752427e-07 216
1753330894943 9.999999974752427e-07 217
1753330912673 9.999999974752427e-07 218
1753330930463 9.999999974752427e-07 219
1753330948389 9.999999974752427e-07 220
1753330966018 9.999999974752427e-07 221
1753330983830 9.999999974752427e-07 222
1753331001693 9.999999974752427e-07 223
1753331019774 9.999999974752427e-07 224
1753331037433 9.999999974752427e-07 225
1753331055170 9.999999974752427e-07 226
1753331073198 9.999999974752427e-07 227
1753331090966 9.999999974752427e-07 228
1753331108785 9.999999974752427e-07 229
1753331126601 9.999999974752427e-07 230
1753331144577 9.999999974752427e-07 231
1753331162348 9.999999974752427e-07 232
1753331180182 9.999999974752427e-07 233
1753331198209 9.999999974752427e-07 234
1753331215848 9.999999974752427e-07 235
1753331233536 9.999999974752427e-07 236
1753331251567 9.999999974752427e-07 237
1753331269393 9.999999974752427e-07 238
1753331287021 9.999999974752427e-07 239
1753331304776 9.999999974752427e-07 240
1753331322624 9.999999974752427e-07 241
1753331340265 9.999999974752427e-07 242
1753331357946 9.999999974752427e-07 243
1753331375869 9.999999974752427e-07 244
1753331393593 9.999999974752427e-07 245
1753331411282 9.999999974752427e-07 246
1753331429147 9.999999974752427e-07 247
1753331446855 9.999999974752427e-07 248
1753331464899 9.999999974752427e-07 249
1753331482794 9.999999974752427e-07 250
1753331500751 9.999999974752427e-07 251
1753331518792 9.999999974752427e-07 252
1753331536603 9.999999974752427e-07 253
1753331554941 9.999999974752427e-07 254
1753331572646 9.999999974752427e-07 255
1753331590338 9.999999974752427e-07 256
1753331608415 9.999999974752427e-07 257
1753331626194 9.999999974752427e-07 258
1753331644139 9.999999974752427e-07 259
1753331662224 9.999999974752427e-07 260
1753331680118 9.999999974752427e-07 261
1753331697996 9.999999974752427e-07 262
1753331715619 9.999999974752427e-07 263
1753331733569 9.999999974752427e-07 264
1753331751229 9.999999974752427e-07 265
1753331768902 9.999999974752427e-07 266
1753331786483 9.999999974752427e-07 267
1753331803829 9.999999974752427e-07 268
1753331821320 9.999999974752427e-07 269
1753331838689 9.999999974752427e-07 270
1753331856173 9.999999974752427e-07 271
1753331873573 9.999999974752427e-07 272
1753331890910 9.999999974752427e-07 273
1753331908391 9.999999974752427e-07 274
1753331925628 9.999999974752427e-07 275
1753331943067 9.999999974752427e-07 276
1753331960502 9.999999974752427e-07 277
1753331978083 9.999999974752427e-07 278
1753331995300 9.999999974752427e-07 279
1753332012646 9.999999974752427e-07 280
1753332029981 9.999999974752427e-07 281
1753332047426 9.999999974752427e-07 282
1753332064799 9.999999974752427e-07 283
1753332082310 9.999999974752427e-07 284
1753332099827 9.999999974752427e-07 285
1753332117061 9.999999974752427e-07 286
1753332134433 9.999999974752427e-07 287
1753332151616 9.999999974752427e-07 288
1753332168977 9.999999974752427e-07 289
1753332186710 9.999999974752427e-07 290
1753332204155 9.999999974752427e-07 291
1753332221636 9.999999974752427e-07 292
1753332239159 9.999999974752427e-07 293
1753332256601 9.999999974752427e-07 294
1753332274278 9.999999974752427e-07 295
1753332292004 9.999999974752427e-07 296
1753332309946 9.999999974752427e-07 297
1753332327641 9.999999974752427e-07 298
1753332345335 9.999999974752427e-07 299
1753332363280 9.999999974752427e-07 300
