1752858273176 1.0 0
1752858319881 2.0 0
1752858367488 3.0 0
1752858414830 4.0 0
1752858461538 5.0 0
1752858508623 6.0 0
1752858554826 7.0 0
1752858601728 8.0 0
1752858648690 9.0 0
1752858695186 10.0 0
1752858741757 11.0 0
1752858788880 12.0 0
1752858835695 13.0 0
1752858882273 14.0 0
1752858928704 15.0 0
1752858976005 16.0 0
1752859023071 17.0 0
1752859069604 18.0 0
1752859163097 20.0 0
1752859210111 21.0 0
1752859256785 22.0 0
1752859350963 24.0 0
1752859444692 26.0 0
1752859538139 28.0 0
1752859631490 30.0 0
