1752858241025 0.60747 1
1752858289711 0.40056 2
1752858337250 0.26488 3
1752858384069 0.17683 4
1752858431266 0.1229 5
1752858477992 0.09012 6
1752858524963 0.06969 7
1752858571221 0.05642 8
1752858618181 0.0475 9
1752858664971 0.04126 10
1752858711571 0.03675 11
1752858758275 0.03339 12
1752858805455 0.03081 13
1752858852059 0.02879 14
1752858898738 0.02636 15
1752858945608 0.02488 16
1752858992676 0.02392 17
1752859039598 0.02315 18
1752859086051 0.02252 19
1752859132497 0.02198 20
1752859179605 0.02155 21
1752859226479 0.02116 22
1752859273250 0.02083 23
1752859320160 0.02055 24
1752859367449 0.02029 25
1752859414284 0.02007 26
1752859461203 0.01988 27
1752859507506 0.0197 28
1752859554608 0.01955 29
1752859601325 0.01939 30
1752859647903 0.01927 31
1752859694934 0.01916 32
1752859741408 0.01904 33
1752859788031 0.01894 34
1752859835017 0.01886 35
1752859881674 0.01879 36
1752859928613 0.01871 37
1752859975101 0.01863 38
1752860022061 0.01857 39
1752860068788 0.01853 40
