1753359281395 1.0 0
1753359295815 2.0 0
1753359310327 3.0 0
1753359324695 4.0 0
1753359339058 5.0 0
1753359353647 6.0 0
1753359368677 7.0 0
1753359383261 8.0 0
1753359397634 9.0 0
1753359412346 10.0 0
1753359426796 11.0 0
1753359441140 12.0 0
1753359455478 13.0 0
1753359469831 14.0 0
1753359484208 15.0 0
1753359498897 16.0 0
1753359513421 17.0 0
1753359527816 18.0 0
1753359542244 19.0 0
1753359556897 20.0 0
1753359571166 21.0 0
1753359585541 22.0 0
1753359599970 23.0 0
1753359614368 24.0 0
1753359628977 25.0 0
1753359643352 26.0 0
1753359657692 27.0 0
1753359672142 28.0 0
1753359686751 29.0 0
1753359701226 30.0 0
1753359715581 31.0 0
1753359730080 32.0 0
1753359744523 33.0 0
1753359758970 34.0 0
1753359773542 35.0 0
1753359787943 36.0 0
1753359802358 37.0 0
1753359816688 38.0 0
1753359831113 39.0 0
1753359845810 40.0 0
1753359860392 41.0 0
1753359874715 42.0 0
1753359903493 44.0 0
1753359917890 45.0 0
1753359932329 46.0 0
1753359975343 49.0 0
1753359989956 50.0 0
1753360004273 51.0 0
1753360033295 53.0 0
1753360076264 56.0 0
1753360119666 59.0 0
1753360133921 60.0 0
1753360148244 61.0 0
1753360220229 66.0 0
1753360263426 69.0 0
