1753359268572 0.60778 1
1753359284617 0.4779 2
1753359299057 0.40917 3
1753359313547 0.35841 4
1753359327889 0.31464 5
1753359342304 0.27671 6
1753359357370 0.24337 7
1753359371912 0.21434 8
1753359386438 0.18909 9
1753359400874 0.16749 10
1753359415582 0.1488 11
1753359430044 0.13293 12
1753359444361 0.11927 13
1753359458688 0.10761 14
1753359473050 0.09759 15
1753359487447 0.08892 16
1753359502135 0.08147 17
1753359516676 0.075 18
1753359531062 0.06946 19
1753359545488 0.06448 20
1753359560040 0.0603 21
1753359574402 0.05645 22
1753359588800 0.05312 23
1753359603229 0.05024 24
1753359617533 0.04771 25
1753359632177 0.04524 26
1753359646579 0.04325 27
1753359660935 0.04142 28
1753359675333 0.03984 29
1753359689986 0.03827 30
1753359704397 0.03698 31
1753359718775 0.03565 32
1753359733316 0.03459 33
1753359747758 0.03347 34
1753359762164 0.03254 35
1753359776786 0.03167 36
1753359791186 0.03097 37
1753359805556 0.03025 38
1753359819926 0.02962 39
1753359834342 0.02897 40
1753359849042 0.02832 41
1753359863561 0.02787 42
1753359877967 0.02734 43
1753359892322 0.02692 44
1753359906715 0.0265 45
1753359921115 0.02607 46
1753359935552 0.02571 47
1753359949826 0.02533 48
1753359964121 0.02509 49
1753359978532 0.02467 50
1753359993118 0.02445 51
1753360007470 0.02428 52
1753360021922 0.02398 53
1753360036472 0.02368 54
1753360050726 0.0234 55
1753360065075 0.02314 56
1753360079501 0.02302 57
1753360093856 0.0228 58
1753360108292 0.02266 59
1753360122758 0.02241 60
1753360137060 0.02226 61
1753360151446 0.02217 62
1753360165733 0.02206 63
1753360180053 0.02197 64
1753360194417 0.02181 65
1753360209030 0.02158 66
1753360223464 0.02161 67
1753360237862 0.02151 68
1753360252252 0.02125 69
1753360266542 0.02108 70
1753360280786 0.02094 71
1753360295312 0.02087 72
1753360309658 0.021 73
1753360323990 0.02079 74
1753360338849 0.02062 75
1753360353308 0.02058 76
1753360367606 0.02064 77
1753360382143 0.02039 78
1753360396615 0.02021 79
1753360410886 0.02023 80
1753360425285 0.02011 81
1753360439689 0.02016 82
1753360454307 0.02006 83
1753360468692 0.0201 84
1753360483235 0.02004 85
1753360497711 0.02004 86
1753360512299 0.02002 87
1753360526890 0.01999 88
1753360541361 0.02001 89
1753360555990 0.02 90
1753360570572 0.01999 91
1753360584896 0.01998 92
1753360599404 0.01993 93
1753360613749 0.01995 94
1753360628224 0.01996 95
1753360642606 0.01997 96
1753360656871 0.02 97
1753360671394 0.01991 98
1753360685769 0.01992 99
1753360700308 0.01993 100
1753360714677 0.01993 101
1753360729001 0.02003 102
1753360743395 0.02001 103
1753360757777 0.01997 104
1753360772089 0.0199 105
1753360786419 0.01995 106
1753360800808 0.01993 107
1753360815345 0.01994 108
1753360829786 0.01989 109
1753360844101 0.02 110
1753360858571 0.01989 111
1753360873078 0.01991 112
1753360887602 0.01993 113
1753360902160 0.01996 114
1753360917009 0.0199 115
1753360931605 0.01993 116
1753360946218 0.02 117
1753360960603 0.01994 118
1753360975029 0.01991 119
1753360989367 0.01992 120
1753361003614 0.02001 121
1753361017913 0.0199 122
1753361032239 0.01994 123
1753361046918 0.0199 124
1753361061405 0.01994 125
1753361075776 0.02 126
1753361090063 0.01991 127
1753361104470 0.01992 128
1753361118815 0.01996 129
1753361133324 0.01995 130
1753361147654 0.01988 131
1753361162166 0.0199 132
1753361176474 0.01992 133
1753361191021 0.01991 134
1753361205274 0.01991 135
1753361219662 0.01989 136
1753361234055 0.01989 137
1753361248721 0.01992 138
1753361263324 0.01993 139
1753361278082 0.01987 140
1753361292662 0.01993 141
1753361307165 0.01991 142
1753361321443 0.01992 143
1753361335813 0.01993 144
1753361350286 0.01997 145
1753361364740 0.01989 146
1753361379111 0.01987 147
1753361393496 0.01995 148
1753361408123 0.01995 149
1753361422609 0.0199 150
1753361436856 0.01995 151
1753361451231 0.01995 152
1753361465652 0.01992 153
1753361480222 0.01994 154
1753361494585 0.01994 155
1753361508874 0.01991 156
1753361523456 0.01996 157
1753361538075 0.01993 158
1753361552496 0.01989 159
1753361566867 0.01989 160
1753361581271 0.01996 161
1753361595648 0.01989 162
1753361610058 0.0199 163
1753361624684 0.01995 164
1753361639159 0.01992 165
1753361653541 0.0199 166
1753361667935 0.01988 167
1753361682449 0.01998 168
1753361696824 0.01996 169
1753361711201 0.01987 170
1753361725526 0.01989 171
1753361739963 0.01994 172
1753361754617 0.01989 173
1753361769191 0.01994 174
1753361783567 0.01991 175
1753361797941 0.01992 176
1753361812297 0.01992 177
1753361826574 0.01992 178
1753361840880 0.01991 179
1753361855170 0.0199 180
1753361869698 0.01998 181
1753361884263 0.01995 182
1753361898750 0.01993 183
1753361913218 0.01989 184
1753361927454 0.01998 185
1753361942053 0.01995 186
1753361956557 0.01991 187
1753361971340 0.01991 188
1753361985878 0.01989 189
1753362000163 0.01989 190
1753362014431 0.01989 191
1753362028722 0.0199 192
1753362043022 0.01989 193
1753362057478 0.0199 194
1753362071963 0.01989 195
1753362086497 0.02 196
1753362101072 0.01992 197
1753362115628 0.01991 198
1753362129991 0.01991 199
1753362144437 0.01993 200
1753362158832 0.01988 201
1753362173219 0.01987 202
1753362187583 0.0199 203
1753362202080 0.01992 204
1753362216417 0.01986 205
1753362230964 0.0199 206
1753362245632 0.01987 207
1753362259964 0.01988 208
1753362274563 0.01987 209
1753362288947 0.0199 210
1753362303237 0.01993 211
1753362317595 0.01989 212
1753362332144 0.01993 213
1753362346603 0.01988 214
1753362361165 0.01988 215
1753362375692 0.01989 216
1753362390210 0.0199 217
1753362404476 0.01985 218
1753362418862 0.01995 219
1753362433163 0.0199 220
1753362447644 0.0199 221
1753362462660 0.01992 222
1753362477205 0.01995 223
1753362491488 0.01986 224
1753362505932 0.01987 225
1753362520290 0.01991 226
1753362534619 0.01994 227
1753362548860 0.01991 228
1753362563135 0.01992 229
1753362577815 0.01995 230
1753362592345 0.0199 231
1753362606863 0.01993 232
1753362621335 0.01986 233
1753362635930 0.01988 234
1753362650262 0.0199 235
1753362664690 0.01988 236
1753362679252 0.01993 237
1753362693857 0.01994 238
1753362708203 0.01996 239
1753362722798 0.01987 240
1753362737171 0.01989 241
1753362751407 0.01991 242
1753362765771 0.01991 243
1753362780108 0.01994 244
1753362794609 0.01992 245
1753362809213 0.01989 246
1753362823758 0.01985 247
1753362838116 0.01987 248
1753362852562 0.01988 249
1753362866838 0.01992 250
1753362881143 0.01984 251
1753362895435 0.01985 252
1753362909785 0.01986 253
1753362924355 0.01984 254
1753362938873 0.01984 255
1753362953383 0.01988 256
1753362967727 0.01989 257
1753362982412 0.01986 258
1753362996703 0.01988 259
1753363011058 0.01993 260
1753363025461 0.01992 261
1753363040005 0.01995 262
1753363054340 0.01991 263
1753363068696 0.01989 264
1753363083063 0.01989 265
1753363097492 0.01992 266
1753363111837 0.01984 267
1753363126171 0.01986 268
1753363140470 0.01984 269
1753363154948 0.01984 270
1753363169586 0.01989 271
1753363184348 0.01994 272
1753363198598 0.01986 273
1753363212988 0.01988 274
1753363227328 0.01991 275
1753363241714 0.01988 276
1753363256031 0.01985 277
1753363270383 0.01987 278
1753363284977 0.0199 279
1753363299481 0.01991 280
1753363313981 0.01989 281
1753363328362 0.01988 282
1753363342777 0.0199 283
1753363357067 0.01987 284
1753363371252 0.01988 285
1753363385907 0.01987 286
1753363400344 0.0199 287
1753363414744 0.01985 288
1753363429056 0.01983 289
1753363443367 0.01985 290
1753363457789 0.01984 291
1753363472153 0.01986 292
1753363486493 0.01983 293
1753363501080 0.0199 294
1753363515566 0.01987 295
1753363530143 0.01991 296
1753363544546 0.01986 297
1753363559163 0.01985 298
1753363573530 0.01987 299
1753363587841 0.01986 300
