1753359281406 0.0010000000474974513 1
1753359295825 0.0010000000474974513 2
1753359310332 0.0010000000474974513 3
1753359324700 0.0010000000474974513 4
1753359339064 0.0010000000474974513 5
1753359353652 0.0010000000474974513 6
1753359368682 0.0010000000474974513 7
1753359383266 0.0010000000474974513 8
1753359397639 0.0010000000474974513 9
1753359412355 0.0010000000474974513 10
1753359426807 0.0010000000474974513 11
1753359441149 0.0010000000474974513 12
1753359455483 0.0010000000474974513 13
1753359469836 0.0010000000474974513 14
1753359484213 0.0010000000474974513 15
1753359498902 0.0010000000474974513 16
1753359513427 0.0010000000474974513 17
1753359527822 0.0010000000474974513 18
1753359542250 0.0010000000474974513 19
1753359556904 0.0010000000474974513 20
1753359571174 0.0010000000474974513 21
1753359585550 0.0010000000474974513 22
1753359599976 0.0010000000474974513 23
1753359614373 0.0010000000474974513 24
1753359628982 0.0010000000474974513 25
1753359643358 0.0010000000474974513 26
1753359657697 0.0010000000474974513 27
1753359672148 0.0010000000474974513 28
1753359686756 0.0010000000474974513 29
1753359701233 0.0010000000474974513 30
1753359715589 0.0010000000474974513 31
1753359730089 0.0010000000474974513 32
1753359744531 0.0010000000474974513 33
1753359758975 0.0010000000474974513 34
1753359773549 0.0010000000474974513 35
1753359787948 0.0010000000474974513 36
1753359802364 0.0010000000474974513 37
1753359816694 0.0010000000474974513 38
1753359831119 0.0010000000474974513 39
1753359845815 0.0010000000474974513 40
1753359860401 0.0010000000474974513 41
1753359874723 0.0010000000474974513 42
1753359889101 0.0010000000474974513 43
1753359903498 0.0010000000474974513 44
1753359917896 0.0010000000474974513 45
1753359932334 0.0010000000474974513 46
1753359946735 0.0010000000474974513 47
1753359960960 0.0010000000474974513 48
1753359975349 0.0010000000474974513 49
1753359989962 0.0010000000474974513 50
1753360004280 0.0010000000474974513 51
1753360018704 0.0010000000474974513 52
1753360033304 0.0010000000474974513 53
1753360047589 0.0010000000474974513 54
1753360061851 0.0010000000474974513 55
1753360076269 0.0010000000474974513 56
1753360090680 0.0010000000474974513 57
1753360105152 0.0010000000474974513 58
1753360119672 0.0010000000474974513 59
1753360133926 0.0010000000474974513 60
1753360148251 0.0010000000474974513 61
1753360162580 0.0010000000474974513 62
1753360176852 0.0010000000474974513 63
1753360191219 0.0010000000474974513 64
1753360205815 0.0010000000474974513 65
1753360220235 0.0010000000474974513 66
1753360234756 0.0010000000474974513 67
1753360249038 0.0010000000474974513 68
1753360263431 0.0010000000474974513 69
1753360277672 0.0010000000474974513 70
1753360292084 0.0010000000474974513 71
1753360306492 0.0010000000474974513 72
1753360320820 0.0010000000474974513 73
1753360335677 0.0010000000474974513 74
1753360350096 0.0010000000474974513 75
1753360364451 0.0010000000474974513 76
1753360379005 0.0010000000474974513 77
1753360393401 0.00020000000949949026 78
1753360407725 0.00020000000949949026 79
1753360422038 0.00020000000949949026 80
1753360436455 0.00020000000949949026 81
1753360451067 0.00020000000949949026 82
1753360465449 0.00020000000949949026 83
1753360480002 0.00020000000949949026 84
1753360494484 0.00020000000949949026 85
1753360509081 0.00020000000949949026 86
1753360523650 4.0000002627493814e-05 87
1753360538193 4.0000002627493814e-05 88
1753360552819 4.0000002627493814e-05 89
1753360567369 4.0000002627493814e-05 90
1753360581725 4.0000002627493814e-05 91
1753360596178 4.0000002627493814e-05 92
1753360610527 4.0000002627493814e-05 93
1753360624983 4.0000002627493814e-05 94
1753360639344 4.0000002627493814e-05 95
1753360653686 8.000000889296643e-06 96
1753360668154 8.000000889296643e-06 97
1753360682531 8.000000889296643e-06 98
1753360697162 8.000000889296643e-06 99
1753360711439 8.000000889296643e-06 100
1753360725833 8.000000889296643e-06 101
1753360740181 8.000000889296643e-06 102
1753360754536 8.000000889296643e-06 103
1753360768868 8.000000889296643e-06 104
1753360783183 1.6000001323845936e-06 105
1753360797593 1.6000001323845936e-06 106
1753360812178 1.6000001323845936e-06 107
1753360826597 1.6000001323845936e-06 108
1753360840872 1.6000001323845936e-06 109
1753360855344 1.6000001323845936e-06 110
1753360869874 1.6000001323845936e-06 111
1753360884405 1.6000001323845936e-06 112
1753360898954 1.6000001323845936e-06 113
1753360913810 9.999999974752427e-07 114
1753360928383 9.999999974752427e-07 115
1753360943003 9.999999974752427e-07 116
1753360957391 9.999999974752427e-07 117
1753360971795 9.999999974752427e-07 118
1753360986204 9.999999974752427e-07 119
1753361000453 9.999999974752427e-07 120
1753361014804 9.999999974752427e-07 121
1753361029086 9.999999974752427e-07 122
1753361043724 9.999999974752427e-07 123
1753361058249 9.999999974752427e-07 124
1753361072541 9.999999974752427e-07 125
1753361086849 9.999999974752427e-07 126
1753361101254 9.999999974752427e-07 127
1753361115598 9.999999974752427e-07 128
1753361130144 9.999999974752427e-07 129
1753361144462 9.999999974752427e-07 130
1753361159001 9.999999974752427e-07 131
1753361173269 9.999999974752427e-07 132
1753361187785 9.999999974752427e-07 133
1753361202142 9.999999974752427e-07 134
1753361216426 9.999999974752427e-07 135
1753361230829 9.999999974752427e-07 136
1753361245162 9.999999974752427e-07 137
1753361260133 9.999999974752427e-07 138
1753361274655 9.999999974752427e-07 139
1753361289242 9.999999974752427e-07 140
1753361304013 9.999999974752427e-07 141
1753361318302 9.999999974752427e-07 142
1753361332604 9.999999974752427e-07 143
1753361347098 9.999999974752427e-07 144
1753361361498 9.999999974752427e-07 145
1753361375923 9.999999974752427e-07 146
1753361390373 9.999999974752427e-07 147
1753361404894 9.999999974752427e-07 148
1753361419394 9.999999974752427e-07 149
1753361433701 9.999999974752427e-07 150
1753361448003 9.999999974752427e-07 151
1753361462395 9.999999974752427e-07 152
1753361476999 9.999999974752427e-07 153
1753361491401 9.999999974752427e-07 154
1753361505643 9.999999974752427e-07 155
1753361520258 9.999999974752427e-07 156
1753361534856 9.999999974752427e-07 157
1753361549253 9.999999974752427e-07 158
1753361563670 9.999999974752427e-07 159
1753361578037 9.999999974752427e-07 160
1753361592425 9.999999974752427e-07 161
1753361606823 9.999999974752427e-07 162
1753361621446 9.999999974752427e-07 163
1753361635931 9.999999974752427e-07 164
1753361650305 9.999999974752427e-07 165
1753361664710 9.999999974752427e-07 166
1753361679258 9.999999974752427e-07 167
1753361693594 9.999999974752427e-07 168
1753361708025 9.999999974752427e-07 169
1753361722352 9.999999974752427e-07 170
1753361736796 9.999999974752427e-07 171
1753361751432 9.999999974752427e-07 172
1753361765961 9.999999974752427e-07 173
1753361780329 9.999999974752427e-07 174
1753361794709 9.999999974752427e-07 175
1753361809094 9.999999974752427e-07 176
1753361823429 9.999999974752427e-07 177
1753361837733 9.999999974752427e-07 178
1753361852018 9.999999974752427e-07 179
1753361866564 9.999999974752427e-07 180
1753361881127 9.999999974752427e-07 181
1753361895619 9.999999974752427e-07 182
1753361910093 9.999999974752427e-07 183
1753361924328 9.999999974752427e-07 184
1753361938829 9.999999974752427e-07 185
1753361953413 9.999999974752427e-07 186
1753361968210 9.999999974752427e-07 187
1753361982663 9.999999974752427e-07 188
1753361997030 9.999999974752427e-07 189
1753362011313 9.999999974752427e-07 190
1753362025578 9.999999974752427e-07 191
1753362039865 9.999999974752427e-07 192
1753362054303 9.999999974752427e-07 193
1753362068829 9.999999974752427e-07 194
1753362083263 9.999999974752427e-07 195
1753362097803 9.999999974752427e-07 196
1753362112432 9.999999974752427e-07 197
1753362126884 9.999999974752427e-07 198
1753362141251 9.999999974752427e-07 199
1753362155647 9.999999974752427e-07 200
1753362170037 9.999999974752427e-07 201
1753362184394 9.999999974752427e-07 202
1753362198915 9.999999974752427e-07 203
1753362213208 9.999999974752427e-07 204
1753362227750 9.999999974752427e-07 205
1753362242382 9.999999974752427e-07 206
1753362256758 9.999999974752427e-07 207
1753362271380 9.999999974752427e-07 208
1753362285709 9.999999974752427e-07 209
1753362300092 9.999999974752427e-07 210
1753362314425 9.999999974752427e-07 211
1753362329041 9.999999974752427e-07 212
1753362343414 9.999999974752427e-07 213
1753362357934 9.999999974752427e-07 214
1753362372444 9.999999974752427e-07 215
1753362387072 9.999999974752427e-07 216
1753362401350 9.999999974752427e-07 217
1753362415713 9.999999974752427e-07 218
1753362430030 9.999999974752427e-07 219
1753362444516 9.999999974752427e-07 220
1753362459496 9.999999974752427e-07 221
1753362474036 9.999999974752427e-07 222
1753362488354 9.999999974752427e-07 223
1753362502725 9.999999974752427e-07 224
1753362517067 9.999999974752427e-07 225
1753362531445 9.999999974752427e-07 226
1753362545716 9.999999974752427e-07 227
1753362560012 9.999999974752427e-07 228
1753362574597 9.999999974752427e-07 229
1753362589197 9.999999974752427e-07 230
1753362603648 9.999999974752427e-07 231
1753362618118 9.999999974752427e-07 232
1753362632765 9.999999974752427e-07 233
1753362647128 9.999999974752427e-07 234
1753362661430 9.999999974752427e-07 235
1753362676124 9.999999974752427e-07 236
1753362690656 9.999999974752427e-07 237
1753362705044 9.999999974752427e-07 238
1753362719582 9.999999974752427e-07 239
1753362733944 9.999999974752427e-07 240
1753362748318 9.999999974752427e-07 241
1753362762571 9.999999974752427e-07 242
1753362776921 9.999999974752427e-07 243
1753362791458 9.999999974752427e-07 244
1753362805992 9.999999974752427e-07 245
1753362820568 9.999999974752427e-07 246
1753362834931 9.999999974752427e-07 247
1753362849424 9.999999974752427e-07 248
1753362863689 9.999999974752427e-07 249
1753362877983 9.999999974752427e-07 250
1753362892269 9.999999974752427e-07 251
1753362906564 9.999999974752427e-07 252
1753362921224 9.999999974752427e-07 253
1753362935710 9.999999974752427e-07 254
1753362950148 9.999999974752427e-07 255
1753362964524 9.999999974752427e-07 256
1753362979168 9.999999974752427e-07 257
1753362993504 9.999999974752427e-07 258
1753363007860 9.999999974752427e-07 259
1753363022304 9.999999974752427e-07 260
1753363036855 9.999999974752427e-07 261
1753363051183 9.999999974752427e-07 262
1753363065501 9.999999974752427e-07 263
1753363079922 9.999999974752427e-07 264
1753363094266 9.999999974752427e-07 265
1753363108687 9.999999974752427e-07 266
1753363122941 9.999999974752427e-07 267
1753363137315 9.999999974752427e-07 268
1753363151792 9.999999974752427e-07 269
1753363166349 9.999999974752427e-07 270
1753363180896 9.999999974752427e-07 271
1753363195450 9.999999974752427e-07 272
1753363209825 9.999999974752427e-07 273
1753363224105 9.999999974752427e-07 274
1753363238484 9.999999974752427e-07 275
1753363252855 9.999999974752427e-07 276
1753363267192 9.999999974752427e-07 277
1753363281789 9.999999974752427e-07 278
1753363296325 9.999999974752427e-07 279
1753363310796 9.999999974752427e-07 280
1753363325126 9.999999974752427e-07 281
1753363339644 9.999999974752427e-07 282
1753363353935 9.999999974752427e-07 283
1753363368103 9.999999974752427e-07 284
1753363382677 9.999999974752427e-07 285
1753363397235 9.999999974752427e-07 286
1753363411499 9.999999974752427e-07 287
1753363425868 9.999999974752427e-07 288
1753363440219 9.999999974752427e-07 289
1753363454545 9.999999974752427e-07 290
1753363468933 9.999999974752427e-07 291
1753363483340 9.999999974752427e-07 292
1753363497864 9.999999974752427e-07 293
1753363512413 9.999999974752427e-07 294
1753363526943 9.999999974752427e-07 295
1753363541324 9.999999974752427e-07 296
1753363555933 9.999999974752427e-07 297
1753363570350 9.999999974752427e-07 298
1753363584699 9.999999974752427e-07 299
1753363599016 9.999999974752427e-07 300
