1753130695930 0.4028 1
1753130745904 0.2555 2
1753130795402 0.16332 3
1753130844106 0.10458 4
1753130893701 0.07231 5
1753130941435 0.05425 6
1753130989058 0.04356 7
1753131036995 0.03685 8
1753131085008 0.03243 9
1753131132530 0.02936 10
1753131180112 0.02716 11
1753131228658 0.0255 12
1753131276716 0.02424 13
1753131324685 0.02327 14
1753131372418 0.0225 15
1753131420468 0.02187 16
1753131468998 0.02136 17
1753131517193 0.02093 18
1753131564745 0.02058 19
1753131612457 0.02028 20
1753131660329 0.02002 21
1753131708000 0.01979 22
1753131755957 0.01959 23
1753131803819 0.01943 24
1753131851517 0.01927 25
1753131899338 0.01914 26
1753131947702 0.01904 27
1753131996112 0.01893 28
1753132044264 0.01884 29
1753132092195 0.01875 30
1753132140061 0.01867 31
1753132187770 0.01861 32
1753132235472 0.01854 33
1753132282933 0.01849 34
1753132330842 0.01844 35
1753132378675 0.01838 36
1753132426285 0.01835 37
1753132474354 0.0183 38
1753132522036 0.01826 39
1753132569981 0.01822 40
1753132617750 0.01819 41
1753132666037 0.01815 42
1753132713743 0.01813 43
1753132761862 0.0181 44
1753132809620 0.01807 45
1753132857442 0.01804 46
1753132904964 0.01802 47
1753132952792 0.018 48
1753133000864 0.01797 49
1753133048858 0.01796 50
1753133097932 0.01795 51
1753133145773 0.01792 52
1753133193697 0.0179 53
1753133242346 0.0179 54
1753133290165 0.01787 55
1753133338760 0.01785 56
1753133386474 0.01785 57
1753133434199 0.01782 58
1753133481972 0.01781 59
1753133530460 0.01781 60
1753133579093 0.01779 61
1753133626678 0.01779 62
1753133674351 0.01778 63
1753133722023 0.01775 64
1753133770014 0.01775 65
1753133818261 0.01773 66
1753133866459 0.01773 67
1753133914201 0.01771 68
1753133962113 0.0177 69
1753134010498 0.0177 70
1753134058230 0.01769 71
1753134105576 0.01767 72
1753134153190 0.01768 73
1753134201208 0.01766 74
1753134249192 0.01765 75
1753134297564 0.01765 76
1753134345240 0.01765 77
1753134393124 0.01763 78
1753134441280 0.01763 79
1753134489340 0.01762 80
1753134536955 0.01762 81
1753134584578 0.0176 82
1753134632568 0.0176 83
1753134680104 0.01759 84
1753134728078 0.01758 85
1753134776158 0.01757 86
1753134824167 0.01756 87
1753134872060 0.01757 88
1753134920362 0.01756 89
1753134967934 0.01755 90
1753135016665 0.01755 91
1753135064484 0.01755 92
1753135112686 0.01753 93
1753135160943 0.01753 94
1753135208886 0.01753 95
1753135257115 0.01752 96
1753135305034 0.01751 97
1753135352993 0.01752 98
1753135400779 0.01751 99
1753135449152 0.01751 100
1753135496809 0.01749 101
1753135545138 0.01749 102
1753135592976 0.01749 103
1753135640776 0.01748 104
1753135688956 0.01748 105
1753135736930 0.01746 106
1753135784544 0.01748 107
1753135832073 0.01745 108
1753135880340 0.01746 109
1753135928388 0.01746 110
1753135976020 0.01745 111
1753136023685 0.01745 112
1753136071156 0.01744 113
1753136119065 0.01744 114
1753136167491 0.01745 115
1753136215184 0.01742 116
1753136262703 0.01743 117
1753136310498 0.01743 118
1753136358356 0.01742 119
1753136406182 0.01741 120
1753136454516 0.01742 121
1753136502129 0.01741 122
1753136549999 0.01739 123
1753136598479 0.0174 124
1753136646100 0.0174 125
1753136694065 0.0174 126
1753136741660 0.01738 127
1753136789624 0.01738 128
1753136837344 0.01738 129
1753136885701 0.01738 130
1753136934202 0.01738 131
1753136981925 0.01737 132
1753137029644 0.01737 133
1753137077757 0.01737 134
1753137125248 0.01736 135
1753137173310 0.01737 136
1753137220918 0.01735 137
1753137269123 0.01736 138
1753137317250 0.01735 139
1753137365379 0.01735 140
1753137413544 0.01735 141
1753137461768 0.01734 142
1753137509666 0.01734 143
1753137557558 0.01734 144
1753137605232 0.01732 145
1753137653187 0.01733 146
1753137700935 0.01733 147
1753137748752 0.01733 148
1753137796816 0.01733 149
1753137844674 0.01732 150
1753137893086 0.01732 151
1753137941216 0.01731 152
1753137989119 0.01732 153
1753138036983 0.0173 154
1753138084630 0.0173 155
1753138132919 0.0173 156
1753138180879 0.0173 157
1753138228919 0.01729 158
1753138276620 0.01729 159
1753138324213 0.0173 160
1753138372146 0.01728 161
1753138419514 0.01729 162
1753138467422 0.01729 163
1753138516193 0.01728 164
1753138563911 0.01728 165
1753138611779 0.01727 166
1753138659544 0.01728 167
1753138707177 0.01726 168
1753138754725 0.01728 169
1753138802704 0.01726 170
1753138850897 0.01727 171
1753138899172 0.01727 172
1753138948104 0.01727 173
1753138996437 0.01725 174
1753139044244 0.01725 175
1753139092110 0.01725 176
1753139139922 0.01726 177
1753139188279 0.01725 178
1753139236154 0.01725 179
1753139284079 0.01725 180
1753139332265 0.01723 181
1753139381302 0.01724 182
1753139429681 0.01724 183
1753139477652 0.01724 184
1753139526003 0.01723 185
1753139573870 0.01723 186
1753139621666 0.01723 187
1753139670272 0.01722 188
1753139718597 0.01723 189
1753139766333 0.01723 190
1753139814440 0.01722 191
1753139861948 0.01723 192
1753139909765 0.01722 193
1753139957370 0.01721 194
1753140005183 0.01721 195
1753140053164 0.01721 196
1753140101662 0.01723 197
1753140150231 0.0172 198
1753140198780 0.0172 199
1753140246870 0.01719 200
1753140294691 0.01721 201
1753140342473 0.0172 202
1753140390295 0.0172 203
1753140438157 0.01719 204
1753140485941 0.0172 205
1753140533768 0.0172 206
1753140582291 0.01719 207
1753140629876 0.01719 208
1753140677905 0.01719 209
1753140725527 0.01718 210
1753140773526 0.01718 211
1753140821341 0.01718 212
1753140869946 0.01718 213
1753140917463 0.01718 214
1753140965686 0.01717 215
1753141013395 0.01717 216
1753141061539 0.01718 217
1753141109422 0.01716 218
1753141156969 0.01717 219
1753141204594 0.01716 220
1753141252391 0.01716 221
1753141300556 0.01716 222
1753141348874 0.01716 223
1753141396704 0.01716 224
1753141444632 0.01716 225
1753141492567 0.01716 226
1753141540863 0.01717 227
1753141588505 0.01715 228
1753141636528 0.01716 229
1753141684453 0.01715 230
1753141733051 0.01716 231
1753141780846 0.01714 232
1753141829075 0.01715 233
1753141877329 0.01714 234
1753141924999 0.01714 235
1753141972924 0.01715 236
1753142021433 0.01714 237
1753142069457 0.01714 238
1753142117188 0.01714 239
1753142164833 0.01713 240
1753142212401 0.01712 241
1753142260082 0.01714 242
1753142307991 0.01713 243
1753142355705 0.01713 244
1753142403680 0.01713 245
1753142452048 0.01712 246
1753142500357 0.01713 247
1753142548979 0.01713 248
1753142597247 0.01712 249
1753142645018 0.01711 250
1753142692452 0.01712 251
1753142740328 0.01712 252
1753142788008 0.01711 253
1753142835684 0.01711 254
1753142883331 0.01711 255
1753142931063 0.01712 256
1753142978789 0.01711 257
1753143026939 0.01712 258
1753143074992 0.01711 259
1753143122764 0.01711 260
1753143170680 0.01711 261
1753143218759 0.0171 262
1753143266771 0.01711 263
1753143314208 0.0171 264
1753143362036 0.0171 265
1753143409795 0.0171 266
1753143457624 0.01711 267
1753143505698 0.01709 268
1753143553267 0.0171 269
1753143601046 0.01709 270
1753143649611 0.01709 271
1753143697907 0.01708 272
1753143745501 0.01708 273
1753143793564 0.01709 274
1753143841631 0.01708 275
1753143889250 0.01708 276
1753143937018 0.01708 277
1753143984698 0.01708 278
1753144032899 0.01708 279
1753144081322 0.01708 280
1753144128978 0.01707 281
1753144176422 0.01709 282
1753144224384 0.01708 283
1753144272529 0.01708 284
1753144320010 0.01708 285
1753144368084 0.01707 286
1753144415952 0.01707 287
1753144463759 0.01708 288
1753144511017 0.01707 289
1753144558647 0.01707 290
1753144606586 0.01707 291
1753144654402 0.01706 292
1753144702205 0.01707 293
1753144750257 0.01706 294
1753144798720 0.01707 295
1753144847028 0.01706 296
1753144894568 0.01707 297
1753144942279 0.01706 298
1753144990144 0.01706 299
1753145038028 0.01706 300
