1753255625160 0.41552 1
1753255650945 0.19391 2
1753255673327 0.10364 3
1753255695631 0.06525 4
1753255717901 0.04722 5
1753255740458 0.03774 6
1753255763126 0.03224 7
1753255785605 0.02878 8
1753255807900 0.02644 9
1753255830375 0.02482 10
1753255852710 0.02363 11
1753255874946 0.02275 12
1753255897203 0.02203 13
1753255919752 0.02147 14
1753255942319 0.02102 15
1753255964817 0.02067 16
1753255987041 0.02036 17
1753256009359 0.02013 18
1753256031531 0.0199 19
1753256053646 0.0197 20
1753256075858 0.01953 21
1753256098137 0.01937 22
1753256120714 0.01925 23
1753256142926 0.01915 24
1753256165280 0.01903 25
1753256187735 0.01895 26
1753256209933 0.01884 27
1753256232055 0.01879 28
1753256254233 0.0187 29
1753256276653 0.01864 30
1753256299240 0.01859 31
1753256322019 0.01853 32
1753256344697 0.01849 33
1753256366955 0.01843 34
1753256389163 0.01841 35
1753256411709 0.01837 36
1753256434610 0.01834 37
1753256457329 0.0183 38
1753256479710 0.01826 39
1753256502392 0.01823 40
1753256524823 0.0182 41
1753256547152 0.01818 42
1753256569394 0.01814 43
1753256591742 0.01813 44
1753256614427 0.01809 45
1753256636558 0.01807 46
1753256659294 0.01804 47
1753256681630 0.01802 48
1753256704024 0.01803 49
1753256726037 0.018 50
1753256748253 0.01798 51
1753256770741 0.01797 52
1753256792887 0.01795 53
1753256815099 0.01794 54
1753256837670 0.01792 55
1753256859863 0.0179 56
1753256882455 0.01789 57
1753256904634 0.01786 58
1753256927267 0.01785 59
1753256949940 0.01785 60
1753256972115 0.01782 61
1753256994357 0.01781 62
1753257016487 0.01778 63
1753257039000 0.01778 64
1753257061160 0.01779 65
1753257083460 0.01775 66
1753257105936 0.01777 67
1753257128120 0.01775 68
1753257150395 0.01773 69
1753257173057 0.01772 70
1753257195175 0.01774 71
1753257217849 0.01771 72
1753257240106 0.01767 73
1753257262643 0.01768 74
1753257285254 0.01768 75
1753257307343 0.01767 76
1753257329841 0.01766 77
1753257351975 0.01765 78
1753257374443 0.01763 79
1753257396529 0.01763 80
1753257418784 0.01761 81
1753257441261 0.01761 82
1753257463575 0.01759 83
1753257485710 0.01759 84
1753257508133 0.01759 85
1753257530328 0.01757 86
1753257552491 0.01757 87
1753257574687 0.01754 88
1753257597202 0.01754 89
1753257619726 0.01754 90
1753257641795 0.01754 91
1753257664352 0.01755 92
1753257686560 0.01752 93
1753257709093 0.0175 94
1753257731291 0.0175 95
1753257753454 0.0175 96
1753257775937 0.01751 97
1753257798103 0.01748 98
1753257820258 0.01748 99
1753257842635 0.01746 100
1753257864804 0.01743 101
1753257887166 0.01745 102
1753257909330 0.01747 103
1753257931760 0.01744 104
1753257954443 0.01743 105
1753257976607 0.01743 106
1753257999223 0.01741 107
1753258021431 0.0174 108
1753258043933 0.01741 109
1753258066068 0.01741 110
1753258088120 0.01739 111
1753258110652 0.0174 112
1753258132821 0.0174 113
1753258154971 0.01738 114
1753258177382 0.01737 115
1753258199559 0.01736 116
1753258221961 0.01737 117
1753258244008 0.01737 118
1753258266526 0.01734 119
1753258288826 0.01735 120
1753258310774 0.01731 121
1753258332858 0.01733 122
1753258355504 0.01733 123
1753258377790 0.0173 124
1753258400040 0.01732 125
1753258422431 0.01731 126
1753258444966 0.01731 127
1753258467239 0.0173 128
1753258489435 0.01729 129
1753258511603 0.0173 130
1753258534106 0.01728 131
1753258556591 0.01729 132
1753258578722 0.01727 133
1753258601316 0.01728 134
1753258623428 0.01727 135
1753258645590 0.01726 136
1753258667707 0.01725 137
1753258689935 0.01725 138
1753258712408 0.01724 139
1753258734489 0.01725 140
1753258757258 0.01725 141
1753258779781 0.01725 142
1753258801908 0.01722 143
1753258824036 0.01724 144
1753258846306 0.01723 145
1753258869145 0.01723 146
1753258891712 0.01721 147
1753258913929 0.01721 148
1753258936360 0.0172 149
1753258958385 0.01719 150
1753258980517 0.0172 151
1753259002877 0.01719 152
1753259025411 0.01718 153
1753259047845 0.01719 154
1753259070093 0.01717 155
1753259092786 0.01718 156
1753259115058 0.01719 157
1753259137159 0.01717 158
1753259159295 0.01716 159
1753259181433 0.01717 160
1753259203786 0.01717 161
1753259226184 0.01715 162
1753259248288 0.01716 163
1753259270661 0.01716 164
1753259292932 0.01714 165
1753259315027 0.01716 166
1753259337207 0.01714 167
1753259359871 0.01713 168
1753259382045 0.01713 169
1753259404255 0.01714 170
1753259426704 0.01713 171
1753259448882 0.01711 172
1753259471280 0.01713 173
1753259493470 0.0171 174
1753259515673 0.01712 175
1753259538275 0.0171 176
1753259560433 0.01711 177
1753259582608 0.0171 178
1753259604922 0.01711 179
1753259627283 0.01709 180
1753259649394 0.01709 181
1753259671570 0.0171 182
1753259693873 0.01709 183
1753259716098 0.01709 184
1753259738342 0.01708 185
1753259760978 0.01708 186
1753259783156 0.01708 187
1753259805453 0.01707 188
1753259827752 0.01708 189
1753259849880 0.01709 190
1753259872401 0.01708 191
1753259894518 0.01708 192
1753259916687 0.01704 193
1753259939319 0.01705 194
1753259961986 0.01706 195
1753259984193 0.01704 196
1753260006877 0.01706 197
1753260029368 0.01704 198
1753260051387 0.01704 199
1753260073504 0.01704 200
1753260095743 0.01705 201
1753260118271 0.01703 202
1753260140809 0.01706 203
1753260162985 0.01704 204
1753260185478 0.01703 205
1753260207818 0.01703 206
1753260229945 0.01704 207
1753260252097 0.01701 208
1753260274524 0.01705 209
1753260297057 0.01701 210
1753260319449 0.01701 211
1753260341924 0.01701 212
1753260364266 0.01702 213
1753260386444 0.01699 214
1753260408497 0.01701 215
1753260430640 0.017 216
1753260452941 0.01702 217
1753260475285 0.01699 218
1753260497586 0.01698 219
1753260519945 0.01699 220
1753260542304 0.01699 221
1753260564660 0.01698 222
1753260586944 0.01698 223
1753260609373 0.01698 224
1753260631684 0.017 225
1753260653852 0.01698 226
1753260676499 0.01696 227
1753260699144 0.01697 228
1753260721396 0.01697 229
1753260743542 0.01698 230
1753260765710 0.01694 231
1753260788173 0.01696 232
1753260810585 0.01697 233
1753260832618 0.01697 234
1753260855396 0.01695 235
1753260877772 0.01697 236
1753260900159 0.01695 237
1753260922306 0.01695 238
1753260944862 0.01695 239
1753260967378 0.01696 240
1753260989353 0.01695 241
1753261012223 0.01695 242
1753261034613 0.01696 243
1753261056725 0.01696 244
1753261079236 0.01694 245
1753261101506 0.01693 246
1753261123996 0.01695 247
1753261146162 0.01694 248
1753261168445 0.01695 249
1753261190907 0.01692 250
1753261213166 0.01694 251
1753261235302 0.01692 252
1753261257550 0.01693 253
1753261280059 0.01692 254
1753261302266 0.01692 255
1753261324477 0.01692 256
1753261346983 0.01691 257
1753261369128 0.01692 258
1753261391449 0.0169 259
1753261413474 0.01692 260
1753261435730 0.0169 261
1753261458243 0.0169 262
1753261480386 0.01691 263
1753261502460 0.0169 264
1753261524845 0.01689 265
1753261547126 0.01689 266
1753261569206 0.01691 267
1753261591483 0.01689 268
1753261614035 0.01689 269
1753261636282 0.01692 270
1753261658400 0.0169 271
1753261680853 0.0169 272
1753261702921 0.0169 273
1753261725462 0.01688 274
1753261747690 0.01688 275
1753261770153 0.01688 276
1753261792832 0.0169 277
1753261815072 0.01688 278
1753261837247 0.01689 279
1753261859733 0.01689 280
1753261882099 0.01686 281
1753261904323 0.01687 282
1753261926480 0.01688 283
1753261948817 0.01689 284
1753261971073 0.01687 285
1753261993170 0.01686 286
1753262015451 0.01687 287
1753262038005 0.01686 288
1753262060720 0.01688 289
1753262082775 0.01684 290
1753262104869 0.01688 291
1753262127077 0.01686 292
1753262149290 0.01686 293
1753262171427 0.01686 294
1753262193979 0.01688 295
1753262216107 0.01687 296
1753262238199 0.01686 297
1753262260441 0.01687 298
1753262282757 0.01686 299
1753262304841 0.01685 300
