1752713294677 1.0 0
1752713314552 2.0 0
1752713334516 3.0 0
1752713354438 4.0 0
1752713374111 5.0 0
1752713393826 6.0 0
1752713413949 7.0 0
1752713433913 8.0 0
1752713453796 9.0 0
1752713473803 10.0 0
1752713493636 11.0 0
1752713513489 12.0 0
1752713533281 13.0 0
1752713553137 14.0 0
1752713573026 15.0 0
1752713592891 16.0 0
1752713612532 17.0 0
1752713632589 18.0 0
1752713652293 19.0 0
1752713672115 20.0 0
1752713691979 21.0 0
1752713711854 22.0 0
1752713731588 23.0 0
1752713751336 24.0 0
1752713771299 25.0 0
1752713791456 26.0 0
1752713811430 27.0 0
1752713830842 28.0 0
1752713850929 29.0 0
1752713870698 30.0 0
1752713890739 31.0 0
1752713910781 32.0 0
1752713930931 33.0 0
1752713950647 34.0 0
1752713970779 35.0 0
1752713990507 36.0 0
1752714010294 37.0 0
1752714030439 38.0 0
1752714050317 39.0 0
1752714070329 40.0 0
1752714090325 41.0 0
1752714110117 42.0 0
1752714129797 43.0 0
1752714168797 45.0 0
1752714188606 46.0 0
1752714227490 48.0 0
1752714267662 50.0 0
1752714288107 51.0 0
1752714327412 53.0 0
1752714367073 55.0 0
1752714386834 56.0 0
1752714446541 59.0 0
1752714487023 61.0 0
1752714566119 65.0 0
1752714626422 68.0 0
1752714706217 72.0 0
1752714726448 73.0 0
1752714745877 74.0 0
1752714844845 79.0 0
1752714924954 83.0 0
1752715084505 91.0 0
1752715203913 97.0 0
1752715303040 102.0 0
