1752713279907 0.59101 1
1752713300633 0.49105 2
1752713320474 0.45356 3
1752713340504 0.41746 4
1752713360295 0.38302 5
1752713379937 0.35032 6
1752713399696 0.32018 7
1752713419801 0.29274 8
1752713439731 0.26735 9
1752713459638 0.24434 10
1752713479674 0.22324 11
1752713499493 0.20401 12
1752713519267 0.18652 13
1752713539174 0.17076 14
1752713558986 0.15651 15
1752713578887 0.14379 16
1752713598746 0.13224 17
1752713618424 0.12174 18
1752713638348 0.11238 19
1752713658126 0.10419 20
1752713677972 0.09661 21
1752713697771 0.09002 22
1752713717698 0.08379 23
1752713737431 0.07832 24
1752713757217 0.07338 25
1752713777174 0.06881 26
1752713797376 0.06497 27
1752713817215 0.06131 28
1752713836727 0.05823 29
1752713856789 0.05526 30
1752713876643 0.05251 31
1752713896603 0.05026 32
1752713916676 0.04808 33
1752713936789 0.04602 34
1752713956558 0.04418 35
1752713976562 0.04249 36
1752713996307 0.04111 37
1752714016143 0.03964 38
1752714036395 0.0384 39
1752714056275 0.03724 40
1752714076174 0.03628 41
1752714096128 0.03534 42
1752714116013 0.03439 43
1752714135646 0.03359 44
1752714155191 0.03276 45
1752714174656 0.03212 46
1752714194514 0.03149 47
1752714214078 0.03087 48
1752714233404 0.03032 49
1752714253535 0.02981 50
1752714273499 0.02926 51
1752714293971 0.02886 52
1752714313453 0.0284 53
1752714333271 0.028 54
1752714352974 0.02762 55
1752714372974 0.02725 56
1752714392683 0.02692 57
1752714412442 0.02659 58
1752714432644 0.02629 59
1752714452364 0.02602 60
1752714472619 0.02577 61
1752714492902 0.02551 62
1752714512871 0.02521 63
1752714532724 0.02501 64
1752714552256 0.02483 65
1752714572096 0.02464 66
1752714592164 0.02444 67
1752714612118 0.02431 68
1752714632271 0.02407 69
1752714652065 0.02391 70
1752714671972 0.02383 71
1752714692370 0.02366 72
1752714712113 0.02349 73
1752714732237 0.02337 74
1752714751689 0.0232 75
1752714771664 0.02311 76
1752714791455 0.02299 77
1752714811323 0.02282 78
1752714830854 0.02274 79
1752714850742 0.02262 80
1752714870651 0.02251 81
1752714890758 0.02244 82
1752714910742 0.02236 83
1752714930891 0.02229 84
1752714950817 0.02216 85
1752714970687 0.02208 86
1752714990836 0.02199 87
1752715010783 0.02192 88
1752715030863 0.02188 89
1752715050740 0.0218 90
1752715070541 0.02174 91
1752715090306 0.02165 92
1752715110314 0.02162 93
1752715129982 0.02154 94
1752715149593 0.02149 95
1752715169844 0.02142 96
1752715190091 0.02134 97
1752715209741 0.02135 98
1752715229516 0.02125 99
1752715249514 0.02121 100
1752715269268 0.02115 101
1752715288875 0.02113 102
1752715308874 0.02105 103
1752715328812 0.02098 104
1752715348801 0.02094 105
1752715368941 0.02091 106
1752715388837 0.02084 107
1752715408717 0.02078 108
1752715428800 0.0208 109
1752715448876 0.02077 110
1752715468611 0.02068 111
1752715488418 0.02069 112
