1753281484810 1.0 0
1753281500351 2.0 0
1753281516052 3.0 0
1753281532068 4.0 0
1753281548687 5.0 0
1753281564319 6.0 0
1753281579683 7.0 0
1753281595308 8.0 0
1753281611120 9.0 0
1753281626665 10.0 0
1753281642502 11.0 0
1753281657995 12.0 0
1753281673519 13.0 0
1753281689115 14.0 0
1753281704793 15.0 0
1753281720685 16.0 0
1753281751842 18.0 0
1753281767468 19.0 0
1753281783159 20.0 0
1753281799104 21.0 0
1753281814626 22.0 0
1753281830403 23.0 0
1753281861822 25.0 0
1753281877731 26.0 0
1753281893341 27.0 0
1753281908861 28.0 0
1753281924582 29.0 0
1753281940154 30.0 0
1753281955869 31.0 0
1753281971517 32.0 0
1753281987154 33.0 0
1753282018481 35.0 0
1753282034285 36.0 0
1753282049831 37.0 0
1753282065629 38.0 0
1753282081143 39.0 0
1753282096825 40.0 0
1753282112770 41.0 0
1753282128329 42.0 0
1753282143823 43.0 0
1753282159873 44.0 0
1753282175325 45.0 0
1753282190911 46.0 0
1753282206511 47.0 0
1753282222290 48.0 0
1753282253279 50.0 0
1753282269084 51.0 0
1753282284623 52.0 0
1753282300094 53.0 0
1753282315647 54.0 0
1753282331229 55.0 0
1753282347089 56.0 0
1753282362600 57.0 0
1753282378083 58.0 0
1753282394155 59.0 0
1753282409684 60.0 0
1753282440778 62.0 0
1753282456747 63.0 0
1753282487850 65.0 0
1753282503385 66.0 0
1753282550088 69.0 0
1753282612414 73.0 0
1753282627994 74.0 0
1753282690287 78.0 0
1753282799445 85.0 0
1753282861991 89.0 0
