1753281472040 0.81368 1
1753281488981 0.65366 2
1753281504600 0.5909 3
1753281520349 0.5356 4
1753281537149 0.48632 5
1753281552863 0.44079 6
1753281568499 0.39762 7
1753281583865 0.35843 8
1753281599522 0.32283 9
1753281615317 0.29077 10
1753281630881 0.26188 11
1753281646596 0.23609 12
1753281662198 0.21296 13
1753281677640 0.19285 14
1753281693264 0.17623 15
1753281708939 0.15875 16
1753281724885 0.14416 17
1753281740358 0.13447 18
1753281756020 0.12112 19
1753281771667 0.11044 20
1753281787323 0.09948 21
1753281803264 0.09001 22
1753281818799 0.08277 23
1753281834558 0.07602 24
1753281850465 0.07136 25
1753281865992 0.06555 26
1753281881856 0.06138 27
1753281897447 0.05775 28
1753281913029 0.05427 29
1753281928731 0.05098 30
1753281944319 0.04838 31
1753281960075 0.04613 32
1753281975636 0.04395 33
1753281991296 0.04206 34
1753282007210 0.04123 35
1753282022656 0.03899 36
1753282038398 0.03746 37
1753282054161 0.03605 38
1753282069760 0.03486 39
1753282085315 0.03381 40
1753282101038 0.03272 41
1753282116967 0.0319 42
1753282132503 0.03152 43
1753282148017 0.03036 44
1753282163986 0.02963 45
1753282179509 0.02896 46
1753282195140 0.02841 47
1753282210645 0.02784 48
1753282226384 0.02727 49
1753282242007 0.02752 50
1753282257420 0.02634 51
1753282273204 0.02577 52
1753282288714 0.02507 53
1753282304213 0.02437 54
1753282319816 0.02368 55
1753282335346 0.02337 56
1753282351216 0.02315 57
1753282366774 0.02286 58
1753282382264 0.02269 59
1753282398344 0.02249 60
1753282413836 0.02225 61
1753282429338 0.02204 62
1753282444880 0.02198 63
1753282460823 0.02162 64
1753282476622 0.02139 65
1753282491965 0.02118 66
1753282507490 0.02104 67
1753282523161 0.02098 68
1753282538649 0.0209 69
1753282554199 0.02085 70
1753282569666 0.02078 71
1753282585286 0.02066 72
1753282601191 0.02052 73
1753282616560 0.02048 74
1753282632192 0.02041 75
1753282647790 0.02032 76
1753282663224 0.02024 77
1753282678740 0.02027 78
1753282694445 0.02017 79
1753282709915 0.02018 80
1753282725453 0.02003 81
1753282741089 0.01998 82
1753282756889 0.01994 83
1753282772484 0.01989 84
1753282787965 0.01979 85
1753282803568 0.01982 86
1753282819333 0.01986 87
1753282835126 0.0197 88
1753282850486 0.01966 89
1753282866093 0.01975 90
1753282881904 0.0197 91
1753282897440 0.01959 92
1753282913139 0.01944 93
1753282928518 0.01938 94
1753282944090 0.01936 95
1753282959637 0.01949 96
1753282974963 0.01929 97
1753282990487 0.01938 98
1753283006102 0.01923 99
1753283021628 0.01926 100
1753283037176 0.01921 101
1753283052765 0.01917 102
1753283068292 0.01929 103
1753283083577 0.01924 104
1753283099107 0.01949 105
1753283114739 0.01911 106
1753283130188 0.01901 107
1753283145746 0.01918 108
1753283161227 0.01909 109
1753283176625 0.01894 110
1753283192156 0.01899 111
1753283207457 0.01902 112
1753283222997 0.01884 113
1753283238834 0.01883 114
1753283254187 0.01891 115
1753283269630 0.01876 116
1753283285327 0.01882 117
1753283301026 0.01871 118
1753283316602 0.01868 119
1753283332179 0.01877 120
1753283347771 0.0188 121
1753283363210 0.01865 122
1753283378842 0.01862 123
1753283394621 0.01861 124
1753283410114 0.01898 125
1753283425958 0.01871 126
1753283441400 0.01857 127
1753283456917 0.01855 128
1753283472554 0.01855 129
1753283487857 0.0185 130
1753283503373 0.01846 131
1753283518908 0.01858 132
1753283534693 0.01848 133
1753283550061 0.01842 134
1753283565728 0.01834 135
1753283581357 0.01834 136
1753283596821 0.01833 137
1753283612441 0.01841 138
1753283627896 0.01843 139
1753283643461 0.01852 140
1753283659245 0.01839 141
1753283674803 0.01825 142
1753283690831 0.01834 143
1753283706486 0.01834 144
1753283721914 0.01836 145
1753283737392 0.01867 146
1753283753030 0.01839 147
1753283768602 0.01826 148
1753283784041 0.01829 149
1753283799698 0.01818 150
1753283815055 0.01815 151
1753283830532 0.0181 152
1753283846151 0.01812 153
1753283861839 0.0182 154
1753283877757 0.01818 155
1753283893238 0.01823 156
1753283908524 0.0182 157
1753283924321 0.01812 158
1753283940020 0.0181 159
1753283955398 0.01808 160
1753283970944 0.01812 161
1753283986446 0.01812 162
1753284001950 0.01841 163
1753284017349 0.01807 164
1753284033263 0.018 165
1753284048669 0.018 166
1753284064395 0.01799 167
1753284079985 0.01801 168
1753284095361 0.018 169
1753284110966 0.01804 170
1753284126193 0.01806 171
1753284141726 0.01795 172
1753284157278 0.01798 173
1753284172888 0.0182 174
1753284188366 0.01816 175
1753284203906 0.01807 176
1753284219379 0.01815 177
1753284234795 0.01804 178
1753284250389 0.01809 179
1753284265756 0.01812 180
1753284281255 0.018 181
1753284296887 0.01792 182
1753284312477 0.018 183
1753284328119 0.01801 184
1753284343592 0.01792 185
1753284359254 0.01803 186
1753284374761 0.0179 187
1753284390283 0.01792 188
1753284405986 0.01796 189
1753284421467 0.01796 190
1753284436818 0.01793 191
1753284452390 0.01799 192
1753284467995 0.01811 193
1753284483669 0.0179 194
1753284499087 0.01801 195
1753284514423 0.01808 196
1753284530061 0.01801 197
1753284545890 0.0179 198
1753284561460 0.01788 199
1753284577340 0.01825 200
1753284593225 0.01802 201
1753284608635 0.01793 202
1753284623922 0.01787 203
1753284639447 0.01802 204
1753284654922 0.01794 205
1753284670428 0.01776 206
1753284685991 0.01774 207
1753284701345 0.01771 208
1753284716922 0.01785 209
1753284732363 0.01781 210
1753284747899 0.01779 211
1753284763576 0.01785 212
1753284779143 0.01782 213
1753284795229 0.01774 214
1753284810808 0.01783 215
1753284826326 0.01786 216
1753284842035 0.01771 217
1753284857402 0.01771 218
1753284873505 0.01769 219
1753284888967 0.01771 220
1753284904510 0.01765 221
1753284920274 0.01776 222
1753284935673 0.01783 223
1753284951291 0.01769 224
1753284966826 0.01771 225
1753284982385 0.01776 226
1753284998074 0.01781 227
1753285013559 0.0179 228
1753285029193 0.01768 229
1753285044765 0.01789 230
1753285060098 0.01792 231
1753285075686 0.01777 232
1753285091614 0.01779 233
1753285107251 0.01769 234
1753285122818 0.01763 235
1753285138468 0.01758 236
1753285154041 0.01761 237
1753285169631 0.01761 238
1753285185220 0.01765 239
1753285200860 0.01771 240
1753285216351 0.01758 241
1753285231968 0.01772 242
1753285247426 0.01769 243
1753285262982 0.01759 244
1753285278534 0.01773 245
1753285293835 0.01765 246
1753285309333 0.01767 247
1753285324954 0.01757 248
1753285340490 0.01756 249
1753285356062 0.01769 250
1753285371670 0.0177 251
1753285387605 0.0176 252
1753285403088 0.01752 253
1753285418748 0.01762 254
1753285434336 0.01753 255
1753285449796 0.01748 256
1753285465419 0.0175 257
1753285480874 0.01755 258
1753285496433 0.01752 259
1753285512338 0.01779 260
1753285527897 0.0175 261
1753285543430 0.01764 262
1753285558968 0.01757 263
1753285574682 0.01752 264
1753285590179 0.0175 265
1753285605539 0.01774 266
1753285621209 0.0177 267
1753285636593 0.01779 268
1753285652503 0.01753 269
1753285667964 0.01747 270
1753285683493 0.01745 271
1753285699214 0.01757 272
1753285714544 0.01744 273
1753285730021 0.01741 274
1753285745566 0.01752 275
1753285760926 0.01756 276
1753285776475 0.01764 277
1753285792149 0.01747 278
1753285807890 0.01773 279
1753285823266 0.01744 280
1753285838813 0.01751 281
1753285854904 0.01765 282
1753285870418 0.01755 283
1753285886159 0.0177 284
1753285901831 0.01759 285
1753285917292 0.01754 286
1753285932820 0.0176 287
1753285948462 0.01779 288
1753285964250 0.01754 289
1753285979934 0.01751 290
1753285995674 0.01773 291
1753286011612 0.01765 292
1753286027443 0.01752 293
1753286042993 0.01745 294
1753286058559 0.01761 295
1753286073917 0.01762 296
1753286089883 0.01744 297
1753286105678 0.01742 298
1753286121165 0.01741 299
1753286136750 0.01736 300
