1753411733419 1.0 0
1753411753438 2.0 0
1753411772783 3.0 0
1753411792181 4.0 0
1753411811474 5.0 0
1753411830951 6.0 0
1753411850210 7.0 0
1753411869467 8.0 0
1753411888987 9.0 0
1753411908519 10.0 0
1753411928151 11.0 0
1753411947627 12.0 0
1753411967378 13.0 0
1753411986999 14.0 0
1753412006505 15.0 0
1753412026160 16.0 0
1753412045743 17.0 0
1753412065358 18.0 0
1753412084650 19.0 0
1753412104088 20.0 0
1753412123910 21.0 0
1753412143509 22.0 0
1753412162749 23.0 0
1753412181940 24.0 0
1753412201087 25.0 0
1753412220493 26.0 0
1753412239747 27.0 0
1753412259016 28.0 0
1753412278363 29.0 0
1753412316902 31.0 0
1753412336022 32.0 0
1753412355443 33.0 0
1753412374749 34.0 0
1753412394038 35.0 0
1753412413389 36.0 0
1753412470898 39.0 0
1753412490079 40.0 0
1753412547923 43.0 0
