1753411718876 0.55274 1
1753411739213 0.4153 2
1753411759117 0.32314 3
1753411778515 0.25358 4
1753411797933 0.19601 5
1753411817323 0.15496 6
1753411836771 0.12494 7
1753411856020 0.10267 8
1753411875317 0.08607 9
1753411894816 0.07355 10
1753411914353 0.064 11
1753411933889 0.05655 12
1753411953419 0.05077 13
1753411973188 0.04609 14
1753411992801 0.0423 15
1753412012278 0.03923 16
1753412031993 0.03674 17
1753412051604 0.03462 18
1753412071173 0.03283 19
1753412090469 0.03132 20
1753412109883 0.03003 21
1753412129701 0.02892 22
1753412149374 0.02798 23
1753412168541 0.02714 24
1753412187731 0.02638 25
1753412206925 0.02571 26
1753412226353 0.02515 27
1753412245625 0.02462 28
1753412264834 0.02416 29
1753412284143 0.02374 30
1753412303391 0.02331 31
1753412322677 0.02302 32
1753412341811 0.02269 33
1753412361311 0.02242 34
1753412380623 0.0221 35
1753412399812 0.02188 36
1753412419226 0.02164 37
1753412438420 0.02149 38
1753412457579 0.02128 39
1753412476703 0.02111 40
1753412495939 0.02092 41
1753412515299 0.02075 42
1753412534582 0.0206 43
1753412553772 0.02051 44
1753412573511 0.02034 45
1753412592784 0.02026 46
1753412611898 0.02011 47
1753412631100 0.02004 48
1753412650525 0.01993 49
1753412669703 0.01981 50
1753412688845 0.01974 51
1753412708223 0.01965 52
1753412727519 0.01945 53
1753412746677 0.01939 54
1753412765884 0.01935 55
1753412785062 0.01931 56
1753412804343 0.01929 57
1753412823570 0.01927 58
1753412842770 0.01925 59
1753412862114 0.01922 60
1753412881331 0.01923 61
1753412900405 0.01919 62
1753412919515 0.01917 63
1753412938894 0.01915 64
1753412957999 0.01915 65
1753412977552 0.01914 66
1753412997037 0.01912 67
1753413016148 0.01911 68
1753413035330 0.01913 69
1753413054495 0.0191 70
1753413073637 0.0191 71
1753413093018 0.01908 72
1753413113031 0.01909 73
1753413132916 0.0191 74
1753413152752 0.0191 75
1753413172726 0.01906 76
1753413192526 0.01909 77
1753413212234 0.0191 78
1753413231983 0.01909 79
1753413251940 0.01909 80
1753413271751 0.01906 81
1753413291464 0.0191 82
1753413311468 0.0191 83
1753413331313 0.01908 84
1753413351071 0.01905 85
1753413370801 0.01913 86
1753413390625 0.01909 87
1753413410589 0.01907 88
1753413430311 0.01909 89
1753413450103 0.01908 90
1753413470053 0.01906 91
1753413489991 0.01909 92
1753413509883 0.01907 93
1753413529857 0.01907 94
1753413549395 0.01909 95
1753413568654 0.01906 96
1753413588575 0.01912 97
1753413608769 0.01908 98
1753413628726 0.01908 99
1753413648600 0.01908 100
1753413668138 0.0191 101
1753413687578 0.01908 102
1753413707571 0.01908 103
1753413727096 0.01909 104
1753413746265 0.0191 105
1753413765816 0.01909 106
1753413784874 0.01907 107
1753413804412 0.01908 108
1753413823514 0.01907 109
1753413842857 0.01906 110
1753413862446 0.01907 111
1753413881680 0.01907 112
1753413900792 0.01909 113
1753413920277 0.01911 114
1753413939694 0.01905 115
1753413959150 0.01907 116
1753413978577 0.0191 117
1753413998229 0.01906 118
1753414017667 0.01908 119
1753414037118 0.01906 120
1753414056758 0.01909 121
1753414076230 0.01909 122
1753414095684 0.01907 123
1753414115116 0.0191 124
1753414134576 0.01905 125
1753414154248 0.01906 126
1753414173698 0.01909 127
1753414193152 0.0191 128
1753414212766 0.01911 129
1753414232229 0.01907 130
1753414251675 0.01908 131
1753414271112 0.01908 132
1753414290720 0.01907 133
1753414310173 0.01905 134
1753414329556 0.01909 135
1753414349175 0.01906 136
1753414368576 0.01909 137
1753414387997 0.01906 138
1753414407431 0.01906 139
1753414427067 0.01907 140
1753414446537 0.0191 141
1753414466201 0.0191 142
1753414485623 0.01906 143
1753414505254 0.01908 144
1753414524891 0.01907 145
1753414544426 0.01908 146
1753414564108 0.01906 147
1753414583795 0.01909 148
1753414603278 0.01907 149
1753414622763 0.01907 150
1753414642368 0.01907 151
1753414661941 0.01905 152
1753414681333 0.01906 153
1753414700866 0.01907 154
1753414720473 0.01906 155
1753414739938 0.01905 156
1753414759454 0.01906 157
1753414779033 0.01907 158
1753414798711 0.01909 159
1753414818238 0.01905 160
1753414838023 0.01907 161
1753414857736 0.01904 162
1753414877282 0.01906 163
1753414896741 0.01904 164
1753414916226 0.01906 165
1753414935882 0.01906 166
1753414955524 0.01906 167
1753414975049 0.01905 168
1753414994681 0.01904 169
1753415014300 0.01906 170
1753415033852 0.01905 171
1753415053336 0.01904 172
1753415073021 0.01904 173
1753415092666 0.01906 174
1753415112090 0.01905 175
1753415131763 0.01902 176
1753415151398 0.01908 177
1753415170914 0.01902 178
1753415190409 0.01904 179
1753415209849 0.01902 180
1753415229084 0.01903 181
1753415248460 0.01904 182
1753415267567 0.01902 183
1753415286822 0.01906 184
1753415305987 0.01904 185
1753415325117 0.01903 186
1753415344221 0.01907 187
1753415363609 0.01903 188
1753415382873 0.01901 189
1753415402207 0.01904 190
1753415421949 0.01903 191
1753415441471 0.01902 192
1753415461052 0.01905 193
1753415480572 0.01904 194
1753415500092 0.01905 195
1753415519851 0.01901 196
1753415539383 0.01902 197
1753415558860 0.01907 198
1753415578539 0.01901 199
1753415598029 0.019 200
1753415617548 0.01905 201
1753415637237 0.01901 202
1753415656827 0.01902 203
1753415676507 0.01904 204
1753415696161 0.01901 205
1753415715677 0.01904 206
1753415735426 0.01903 207
1753415754948 0.01903 208
1753415774473 0.01903 209
1753415794017 0.01902 210
1753415813685 0.019 211
1753415833391 0.01902 212
1753415853145 0.019 213
1753415872688 0.01901 214
1753415892397 0.019 215
1753415912147 0.01901 216
1753415931668 0.019 217
1753415951352 0.019 218
1753415970893 0.019 219
1753415990439 0.01901 220
1753416010141 0.01901 221
1753416029684 0.019 222
1753416049328 0.01899 223
1753416068986 0.01901 224
1753416088157 0.01904 225
1753416107693 0.01903 226
1753416126903 0.01898 227
1753416146501 0.01899 228
1753416165761 0.01901 229
1753416184990 0.01901 230
1753416204393 0.01899 231
1753416223926 0.019 232
1753416243194 0.019 233
1753416262784 0.019 234
1753416281935 0.01902 235
1753416301216 0.01899 236
1753416320721 0.01899 237
1753416340332 0.01901 238
1753416360066 0.01897 239
1753416379309 0.01897 240
1753416398855 0.01899 241
1753416418314 0.01898 242
1753416437890 0.01898 243
1753416457299 0.01898 244
1753416476661 0.01898 245
1753416496372 0.01899 246
1753416515997 0.01899 247
1753416535545 0.01896 248
1753416555164 0.01898 249
1753416574946 0.01899 250
1753416594629 0.01898 251
1753416614355 0.01897 252
1753416633607 0.01897 253
1753416652874 0.01899 254
1753416672159 0.01896 255
1753416691212 0.01899 256
1753416710335 0.01895 257
1753416729605 0.01895 258
1753416748641 0.01895 259
1753416767824 0.01897 260
1753416786966 0.01897 261
1753416806124 0.01895 262
1753416825496 0.01894 263
1753416844558 0.01896 264
1753416863976 0.01894 265
1753416883092 0.01897 266
1753416902271 0.01893 267
1753416921327 0.01895 268
1753416940596 0.01897 269
1753416959740 0.01897 270
1753416978673 0.01895 271
1753416997841 0.01896 272
1753417016925 0.01896 273
1753417036104 0.01894 274
1753417055199 0.01897 275
1753417074283 0.01896 276
1753417093495 0.01898 277
1753417112754 0.01896 278
1753417132333 0.01895 279
1753417151914 0.01895 280
1753417171022 0.01892 281
1753417190265 0.01897 282
1753417209399 0.01893 283
1753417228680 0.01893 284
1753417247867 0.01895 285
1753417267034 0.01896 286
1753417286260 0.01892 287
1753417305269 0.01895 288
1753417324345 0.01892 289
1753417343527 0.01895 290
1753417362589 0.01894 291
1753417381790 0.01896 292
1753417400971 0.01896 293
1753417420101 0.01893 294
1753417439415 0.01896 295
1753417458506 0.01892 296
1753417477799 0.01892 297
1753417496906 0.01894 298
1753417516205 0.01894 299
1753417535476 0.01895 300
