1753411733426 0.0010000000474974513 1
1753411753447 0.0010000000474974513 2
1753411772793 0.0010000000474974513 3
1753411792189 0.0010000000474974513 4
1753411811479 0.0010000000474974513 5
1753411830957 0.0010000000474974513 6
1753411850215 0.0010000000474974513 7
1753411869472 0.0010000000474974513 8
1753411888993 0.0010000000474974513 9
1753411908528 0.0010000000474974513 10
1753411928159 0.0010000000474974513 11
1753411947637 0.0010000000474974513 12
1753411967383 0.0010000000474974513 13
1753411987007 0.0010000000474974513 14
1753412006510 0.0010000000474974513 15
1753412026165 0.0010000000474974513 16
1753412045749 0.0010000000474974513 17
1753412065366 0.0010000000474974513 18
1753412084658 0.0010000000474974513 19
1753412104093 0.0010000000474974513 20
1753412123916 0.0010000000474974513 21
1753412143514 0.0010000000474974513 22
1753412162756 0.0010000000474974513 23
1753412181947 0.0010000000474974513 24
1753412201092 0.0010000000474974513 25
1753412220502 0.0010000000474974513 26
1753412239756 0.0010000000474974513 27
1753412259022 0.0010000000474974513 28
1753412278368 0.0010000000474974513 29
1753412297538 0.0010000000474974513 30
1753412316910 0.0010000000474974513 31
1753412336028 0.0010000000474974513 32
1753412355452 0.0010000000474974513 33
1753412374758 0.0010000000474974513 34
1753412394046 0.0010000000474974513 35
1753412413394 0.0010000000474974513 36
1753412432584 0.0010000000474974513 37
1753412451765 0.0010000000474974513 38
1753412470903 0.0010000000474974513 39
1753412490087 0.0010000000474974513 40
1753412509434 0.0010000000474974513 41
1753412528740 0.0010000000474974513 42
1753412547931 0.0010000000474974513 43
1753412567661 0.0010000000474974513 44
1753412586931 0.0010000000474974513 45
1753412606082 0.0010000000474974513 46
1753412625265 0.0010000000474974513 47
1753412644659 0.0010000000474974513 48
1753412663882 0.0010000000474974513 49
1753412683033 0.0010000000474974513 50
1753412702366 0.0010000000474974513 51
1753412721668 0.00020000000949949026 52
1753412740840 0.00020000000949949026 53
1753412760029 0.00020000000949949026 54
1753412779239 0.00020000000949949026 55
1753412798532 0.00020000000949949026 56
1753412817748 0.00020000000949949026 57
1753412836876 0.00020000000949949026 58
1753412856347 0.00020000000949949026 59
1753412875555 0.00020000000949949026 60
1753412894645 4.0000002627493814e-05 61
1753412913741 4.0000002627493814e-05 62
1753412933128 4.0000002627493814e-05 63
1753412952229 4.0000002627493814e-05 64
1753412971784 4.0000002627493814e-05 65
1753412991275 4.0000002627493814e-05 66
1753413010356 4.0000002627493814e-05 67
1753413029511 4.0000002627493814e-05 68
1753413048631 4.0000002627493814e-05 69
1753413067786 8.000000889296643e-06 70
1753413087172 8.000000889296643e-06 71
1753413107197 8.000000889296643e-06 72
1753413127057 8.000000889296643e-06 73
1753413146981 8.000000889296643e-06 74
1753413166886 8.000000889296643e-06 75
1753413186662 8.000000889296643e-06 76
1753413206429 8.000000889296643e-06 77
1753413226201 8.000000889296643e-06 78
1753413246142 1.6000001323845936e-06 79
1753413265950 1.6000001323845936e-06 80
1753413285683 1.6000001323845936e-06 81
1753413305648 1.6000001323845936e-06 82
1753413325508 1.6000001323845936e-06 83
1753413345222 1.6000001323845936e-06 84
1753413364997 1.6000001323845936e-06 85
1753413384827 1.6000001323845936e-06 86
1753413404814 1.6000001323845936e-06 87
1753413424507 9.999999974752427e-07 88
1753413444303 9.999999974752427e-07 89
1753413464234 9.999999974752427e-07 90
1753413484195 9.999999974752427e-07 91
1753413504083 9.999999974752427e-07 92
1753413524055 9.999999974752427e-07 93
1753413543662 9.999999974752427e-07 94
1753413562874 9.999999974752427e-07 95
1753413582768 9.999999974752427e-07 96
1753413602870 9.999999974752427e-07 97
1753413622994 9.999999974752427e-07 98
1753413642837 9.999999974752427e-07 99
1753413662313 9.999999974752427e-07 100
1753413681802 9.999999974752427e-07 101
1753413701701 9.999999974752427e-07 102
1753413721296 9.999999974752427e-07 103
1753413740467 9.999999974752427e-07 104
1753413759998 9.999999974752427e-07 105
1753413779150 9.999999974752427e-07 106
1753413798631 9.999999974752427e-07 107
1753413817751 9.999999974752427e-07 108
1753413837118 9.999999974752427e-07 109
1753413856704 9.999999974752427e-07 110
1753413875828 9.999999974752427e-07 111
1753413895008 9.999999974752427e-07 112
1753413914454 9.999999974752427e-07 113
1753413933988 9.999999974752427e-07 114
1753413953381 9.999999974752427e-07 115
1753413972875 9.999999974752427e-07 116
1753413992491 9.999999974752427e-07 117
1753414011908 9.999999974752427e-07 118
1753414031335 9.999999974752427e-07 119
1753414050979 9.999999974752427e-07 120
1753414070454 9.999999974752427e-07 121
1753414089931 9.999999974752427e-07 122
1753414109337 9.999999974752427e-07 123
1753414128798 9.999999974752427e-07 124
1753414148476 9.999999974752427e-07 125
1753414167920 9.999999974752427e-07 126
1753414187393 9.999999974752427e-07 127
1753414206990 9.999999974752427e-07 128
1753414226455 9.999999974752427e-07 129
1753414245917 9.999999974752427e-07 130
1753414265336 9.999999974752427e-07 131
1753414285003 9.999999974752427e-07 132
1753414304397 9.999999974752427e-07 133
1753414323831 9.999999974752427e-07 134
1753414343445 9.999999974752427e-07 135
1753414362873 9.999999974752427e-07 136
1753414382247 9.999999974752427e-07 137
1753414401717 9.999999974752427e-07 138
1753414421338 9.999999974752427e-07 139
1753414440798 9.999999974752427e-07 140
1753414460462 9.999999974752427e-07 141
1753414479923 9.999999974752427e-07 142
1753414499534 9.999999974752427e-07 143
1753414519171 9.999999974752427e-07 144
1753414538648 9.999999974752427e-07 145
1753414558335 9.999999974752427e-07 146
1753414578049 9.999999974752427e-07 147
1753414597517 9.999999974752427e-07 148
1753414616997 9.999999974752427e-07 149
1753414636556 9.999999974752427e-07 150
1753414656193 9.999999974752427e-07 151
1753414675593 9.999999974752427e-07 152
1753414695056 9.999999974752427e-07 153
1753414714692 9.999999974752427e-07 154
1753414734139 9.999999974752427e-07 155
1753414753680 9.999999974752427e-07 156
1753414773304 9.999999974752427e-07 157
1753414792970 9.999999974752427e-07 158
1753414812472 9.999999974752427e-07 159
1753414832242 9.999999974752427e-07 160
1753414851953 9.999999974752427e-07 161
1753414871477 9.999999974752427e-07 162
1753414890994 9.999999974752427e-07 163
1753414910478 9.999999974752427e-07 164
1753414930104 9.999999974752427e-07 165
1753414949780 9.999999974752427e-07 166
1753414969285 9.999999974752427e-07 167
1753414988967 9.999999974752427e-07 168
1753415008575 9.999999974752427e-07 169
1753415028079 9.999999974752427e-07 170
1753415047612 9.999999974752427e-07 171
1753415067284 9.999999974752427e-07 172
1753415086949 9.999999974752427e-07 173
1753415106353 9.999999974752427e-07 174
1753415126036 9.999999974752427e-07 175
1753415145661 9.999999974752427e-07 176
1753415165186 9.999999974752427e-07 177
1753415184661 9.999999974752427e-07 178
1753415204125 9.999999974752427e-07 179
1753415223368 9.999999974752427e-07 180
1753415242651 9.999999974752427e-07 181
1753415261828 9.999999974752427e-07 182
1753415281083 9.999999974752427e-07 183
1753415300223 9.999999974752427e-07 184
1753415319335 9.999999974752427e-07 185
1753415338442 9.999999974752427e-07 186
1753415357839 9.999999974752427e-07 187
1753415376963 9.999999974752427e-07 188
1753415396475 9.999999974752427e-07 189
1753415416118 9.999999974752427e-07 190
1753415435739 9.999999974752427e-07 191
1753415455209 9.999999974752427e-07 192
1753415474801 9.999999974752427e-07 193
1753415494299 9.999999974752427e-07 194
1753415513976 9.999999974752427e-07 195
1753415533593 9.999999974752427e-07 196
1753415553072 9.999999974752427e-07 197
1753415572744 9.999999974752427e-07 198
1753415592257 9.999999974752427e-07 199
1753415611736 9.999999974752427e-07 200
1753415631444 9.999999974752427e-07 201
1753415650973 9.999999974752427e-07 202
1753415670719 9.999999974752427e-07 203
1753415690366 9.999999974752427e-07 204
1753415709887 9.999999974752427e-07 205
1753415729636 9.999999974752427e-07 206
1753415749153 9.999999974752427e-07 207
1753415768680 9.999999974752427e-07 208
1753415788222 9.999999974752427e-07 209
1753415807899 9.999999974752427e-07 210
1753415827596 9.999999974752427e-07 211
1753415847359 9.999999974752427e-07 212
1753415866903 9.999999974752427e-07 213
1753415886592 9.999999974752427e-07 214
1753415906349 9.999999974752427e-07 215
1753415925867 9.999999974752427e-07 216
1753415945564 9.999999974752427e-07 217
1753415965109 9.999999974752427e-07 218
1753415984636 9.999999974752427e-07 219
1753416004372 9.999999974752427e-07 220
1753416023904 9.999999974752427e-07 221
1753416043577 9.999999974752427e-07 222
1753416063114 9.999999974752427e-07 223
1753416082431 9.999999974752427e-07 224
1753416101903 9.999999974752427e-07 225
1753416121101 9.999999974752427e-07 226
1753416140700 9.999999974752427e-07 227
1753416159964 9.999999974752427e-07 228
1753416179171 9.999999974752427e-07 229
1753416198601 9.999999974752427e-07 230
1753416218108 9.999999974752427e-07 231
1753416237376 9.999999974752427e-07 232
1753416256952 9.999999974752427e-07 233
1753416276084 9.999999974752427e-07 234
1753416295384 9.999999974752427e-07 235
1753416314898 9.999999974752427e-07 236
1753416334518 9.999999974752427e-07 237
1753416354229 9.999999974752427e-07 238
1753416373479 9.999999974752427e-07 239
1753416393098 9.999999974752427e-07 240
1753416412511 9.999999974752427e-07 241
1753416432126 9.999999974752427e-07 242
1753416451541 9.999999974752427e-07 243
1753416470887 9.999999974752427e-07 244
1753416490513 9.999999974752427e-07 245
1753416510282 9.999999974752427e-07 246
1753416529756 9.999999974752427e-07 247
1753416549377 9.999999974752427e-07 248
1753416569059 9.999999974752427e-07 249
1753416588805 9.999999974752427e-07 250
1753416608592 9.999999974752427e-07 251
1753416627836 9.999999974752427e-07 252
1753416647092 9.999999974752427e-07 253
1753416666307 9.999999974752427e-07 254
1753416685453 9.999999974752427e-07 255
1753416704576 9.999999974752427e-07 256
1753416723843 9.999999974752427e-07 257
1753416742880 9.999999974752427e-07 258
1753416762069 9.999999974752427e-07 259
1753416781219 9.999999974752427e-07 260
1753416800267 9.999999974752427e-07 261
1753416819521 9.999999974752427e-07 262
1753416838806 9.999999974752427e-07 263
1753416858194 9.999999974752427e-07 264
1753416877352 9.999999974752427e-07 265
1753416896560 9.999999974752427e-07 266
1753416915594 9.999999974752427e-07 267
1753416934881 9.999999974752427e-07 268
1753416954040 9.999999974752427e-07 269
1753416972976 9.999999974752427e-07 270
1753416992127 9.999999974752427e-07 271
1753417011183 9.999999974752427e-07 272
1753417030356 9.999999974752427e-07 273
1753417049466 9.999999974752427e-07 274
1753417068463 9.999999974752427e-07 275
1753417087705 9.999999974752427e-07 276
1753417106956 9.999999974752427e-07 277
1753417126541 9.999999974752427e-07 278
1753417146117 9.999999974752427e-07 279
1753417165208 9.999999974752427e-07 280
1753417184476 9.999999974752427e-07 281
1753417203608 9.999999974752427e-07 282
1753417222888 9.999999974752427e-07 283
1753417242080 9.999999974752427e-07 284
1753417261245 9.999999974752427e-07 285
1753417280462 9.999999974752427e-07 286
1753417299482 9.999999974752427e-07 287
1753417318526 9.999999974752427e-07 288
1753417337737 9.999999974752427e-07 289
1753417356801 9.999999974752427e-07 290
1753417375990 9.999999974752427e-07 291
1753417395184 9.999999974752427e-07 292
1753417414305 9.999999974752427e-07 293
1753417433597 9.999999974752427e-07 294
1753417452722 9.999999974752427e-07 295
1753417472014 9.999999974752427e-07 296
1753417491125 9.999999974752427e-07 297
1753417510425 9.999999974752427e-07 298
1753417529690 9.999999974752427e-07 299
1753417548832 9.999999974752427e-07 300
