1753328391267 1.0 0
1753328408022 2.0 0
1753328422809 3.0 0
1753328437538 4.0 0
1753328452613 5.0 0
1753328467367 6.0 0
1753328482405 7.0 0
1753328497374 8.0 0
1753328512215 9.0 0
1753328527035 10.0 0
1753328541855 11.0 0
1753328556675 12.0 0
1753328571566 13.0 0
1753328586320 14.0 0
1753328601664 15.0 0
1753328616662 16.0 0
1753328631679 17.0 0
1753328646368 18.0 0
1753328661334 19.0 0
1753328676484 20.0 0
1753328691180 21.0 0
1753328706521 22.0 0
1753328721471 23.0 0
1753328736238 24.0 0
1753328751166 25.0 0
1753328765973 26.0 0
1753328780684 27.0 0
1753328795574 28.0 0
1753328810376 29.0 0
1753328825121 30.0 0
1753328840108 31.0 0
1753328855104 32.0 0
1753328869725 33.0 0
1753328929040 37.0 0
1753328944248 38.0 0
1753328988889 41.0 0
1753329077851 47.0 0
1753329107432 49.0 0
1753329136975 51.0 0
1753329196393 55.0 0
