1753328378358 0.50759 1
1753328395122 0.37586 2
1753328411627 0.30775 3
1753328426459 0.25451 4
1753328441170 0.21055 5
1753328456318 0.17487 6
1753328471017 0.14629 7
1753328486112 0.12359 8
1753328501048 0.10557 9
1753328515851 0.0913 10
1753328530769 0.07985 11
1753328545538 0.07066 12
1753328560330 0.06327 13
1753328575215 0.05722 14
1753328590055 0.05223 15
1753328605328 0.04808 16
1753328620335 0.0446 17
1753328635301 0.04171 18
1753328650286 0.03918 19
1753328664954 0.03707 20
1753328680140 0.03525 21
1753328695042 0.03369 22
1753328710172 0.0323 23
1753328725197 0.03109 24
1753328739927 0.03001 25
1753328754795 0.02908 26
1753328769684 0.02796 27
1753328784414 0.02694 28
1753328799278 0.02604 29
1753328814007 0.02537 30
1753328828855 0.02482 31
1753328843781 0.02433 32
1753328858760 0.02396 33
1753328873452 0.02355 34
1753328888186 0.02323 35
1753328903032 0.02292 36
1753328917749 0.02265 37
1753328932765 0.02238 38
1753328947935 0.02214 39
1753328962639 0.02193 40
1753328977793 0.02175 41
1753328992570 0.0215 42
1753329007250 0.02136 43
1753329022392 0.02116 44
1753329037030 0.02102 45
1753329051939 0.02089 46
1753329066668 0.02071 47
1753329081559 0.02061 48
1753329096230 0.02049 49
1753329111106 0.02041 50
1753329125949 0.02028 51
1753329140660 0.02018 52
1753329155556 0.02008 53
1753329170421 0.02004 54
1753329185004 0.01996 55
1753329200079 0.01984 56
1753329214777 0.01974 57
1753329229485 0.01967 58
1753329244491 0.01958 59
1753329259192 0.01954 60
1753329274297 0.01946 61
1753329289231 0.01943 62
1753329304110 0.01934 63
1753329318785 0.0193 64
1753329333415 0.01911 65
1753329348478 0.01904 66
1753329363265 0.01901 67
1753329378241 0.01901 68
1753329393055 0.01896 69
1753329407818 0.01894 70
1753329422923 0.01893 71
1753329437638 0.01889 72
1753329452328 0.01888 73
1753329467405 0.01886 74
1753329482107 0.01886 75
1753329497055 0.01882 76
1753329511983 0.0188 77
1753329526890 0.01884 78
1753329541698 0.0188 79
1753329556435 0.0188 80
1753329571656 0.01881 81
1753329586347 0.0188 82
1753329601440 0.0188 83
1753329616355 0.01876 84
1753329630963 0.01877 85
1753329646035 0.0188 86
1753329660732 0.01879 87
1753329675320 0.0188 88
1753329690285 0.01878 89
1753329705056 0.01876 90
1753329719951 0.01882 91
1753329735172 0.01879 92
1753329750105 0.01875 93
1753329764797 0.01879 94
1753329779456 0.0188 95
1753329794485 0.01876 96
1753329809345 0.01878 97
1753329824373 0.01878 98
1753329839156 0.01878 99
1753329853779 0.01877 100
1753329868622 0.01877 101
1753329883299 0.01878 102
1753329897916 0.01878 103
1753329912969 0.01876 104
1753329927541 0.01875 105
1753329942290 0.01876 106
1753329957345 0.01879 107
1753329972442 0.01877 108
1753329987030 0.01878 109
1753330001813 0.01877 110
1753330016824 0.01878 111
1753330031473 0.01877 112
1753330046599 0.01878 113
1753330061623 0.01876 114
1753330076320 0.01878 115
1753330091274 0.01878 116
1753330106330 0.01878 117
1753330121166 0.01877 118
1753330136005 0.01879 119
1753330150770 0.01879 120
1753330165813 0.01875 121
1753330180680 0.01877 122
1753330196061 0.01876 123
1753330210942 0.01876 124
1753330225592 0.01876 125
1753330240956 0.01878 126
1753330255922 0.01877 127
1753330270572 0.01879 128
1753330285733 0.01877 129
1753330300584 0.01877 130
1753330315320 0.01877 131
1753330330423 0.01878 132
1753330345299 0.01875 133
1753330360039 0.0188 134
1753330375171 0.01877 135
1753330389978 0.01875 136
1753330404672 0.01876 137
1753330419613 0.01877 138
1753330434666 0.01875 139
1753330449659 0.01875 140
1753330464539 0.01875 141
1753330479881 0.01875 142
1753330494767 0.01878 143
1753330509568 0.01876 144
1753330524512 0.01875 145
1753330539237 0.01874 146
1753330554473 0.01876 147
1753330569601 0.01879 148
1753330584380 0.01875 149
1753330599367 0.01877 150
1753330614172 0.01878 151
1753330628883 0.01876 152
1753330644092 0.01874 153
1753330659368 0.01876 154
1753330674381 0.01879 155
1753330689116 0.01877 156
1753330704056 0.01876 157
1753330718699 0.01877 158
1753330733547 0.01877 159
1753330748646 0.01876 160
1753330763468 0.01878 161
1753330778626 0.01876 162
1753330793741 0.01874 163
1753330808462 0.01874 164
1753330823567 0.01876 165
1753330838290 0.01878 166
1753330853040 0.01876 167
1753330868046 0.01878 168
1753330882938 0.01876 169
1753330897703 0.01876 170
1753330912305 0.01874 171
1753330927197 0.01876 172
1753330941844 0.01874 173
1753330956650 0.01876 174
1753330971449 0.01876 175
1753330986165 0.01876 176
1753331001309 0.01876 177
1753331016230 0.01877 178
1753331030906 0.01874 179
1753331046029 0.01876 180
1753331060717 0.01875 181
1753331075673 0.01874 182
1753331090434 0.01876 183
1753331105468 0.01878 184
1753331120310 0.01877 185
1753331135083 0.01875 186
1753331150034 0.01873 187
1753331164889 0.01875 188
1753331179608 0.01875 189
1753331194419 0.01874 190
1753331209162 0.01874 191
1753331224477 0.01873 192
1753331239674 0.01876 193
1753331254581 0.01874 194
1753331269597 0.01874 195
1753331284410 0.01875 196
1753331299322 0.01877 197
1753331314263 0.01873 198
1753331329234 0.01874 199
1753331344114 0.01873 200
1753331358892 0.01877 201
1753331373915 0.01877 202
1753331388600 0.01877 203
1753331403383 0.01878 204
1753331418298 0.01875 205
1753331433565 0.01874 206
1753331448375 0.01874 207
1753331463408 0.01874 208
1753331478143 0.01874 209
1753331493321 0.01875 210
1753331508257 0.01875 211
1753331522906 0.01877 212
1753331537878 0.01872 213
1753331552780 0.01873 214
1753331567919 0.01878 215
1753331582867 0.01874 216
1753331597538 0.01876 217
1753331612515 0.01875 218
1753331627715 0.01872 219
1753331642390 0.01873 220
1753331657509 0.01874 221
1753331672192 0.01878 222
1753331687005 0.01873 223
1753331702269 0.01875 224
1753331716987 0.01877 225
1753331731852 0.01874 226
1753331746545 0.01871 227
1753331761603 0.01872 228
1753331776238 0.01874 229
1753331790962 0.01876 230
1753331805756 0.01873 231
1753331820431 0.01873 232
1753331835142 0.01874 233
1753331850208 0.01875 234
1753331864924 0.01876 235
1753331879842 0.01874 236
1753331894749 0.01876 237
1753331909378 0.01872 238
1753331924592 0.01869 239
1753331939600 0.01872 240
1753331954741 0.01871 241
1753331969455 0.01875 242
1753331984326 0.01872 243
1753331999189 0.01874 244
1753332013900 0.01872 245
1753332029123 0.01874 246
1753332043970 0.01873 247
1753332058902 0.01873 248
1753332073791 0.01874 249
1753332088537 0.01874 250
1753332103654 0.01875 251
1753332118494 0.01874 252
1753332133169 0.01873 253
1753332148286 0.01875 254
1753332163415 0.01873 255
1753332178382 0.01872 256
1753332193076 0.0187 257
1753332208021 0.01871 258
1753332222767 0.01872 259
1753332237468 0.01873 260
1753332252673 0.01869 261
1753332267528 0.01874 262
1753332282733 0.01874 263
1753332297886 0.01871 264
1753332312601 0.01872 265
1753332327670 0.01875 266
1753332342308 0.01872 267
1753332357052 0.01872 268
1753332371994 0.0187 269
1753332387163 0.01872 270
1753332402001 0.01871 271
1753332416765 0.0187 272
1753332431860 0.01873 273
1753332446608 0.0187 274
1753332461500 0.01871 275
1753332476462 0.01874 276
1753332491165 0.0187 277
1753332506193 0.01871 278
1753332521169 0.01873 279
1753332535900 0.0187 280
1753332551032 0.01873 281
1753332565747 0.01873 282
1753332580655 0.0187 283
1753332595442 0.01871 284
1753332610424 0.0187 285
1753332625354 0.01871 286
1753332639939 0.01869 287
1753332654965 0.0187 288
1753332669729 0.01869 289
1753332684403 0.01869 290
1753332699345 0.01872 291
1753332713976 0.01869 292
1753332729045 0.01868 293
1753332744016 0.0187 294
1753332758699 0.01871 295
1753332773918 0.01871 296
1753332788726 0.01868 297
1753332803411 0.0187 298
1753332818243 0.0187 299
1753332833192 0.0187 300
