1753328391277 0.0010000000474974513 1
1753328408027 0.0010000000474974513 2
1753328422813 0.0010000000474974513 3
1753328437543 0.0010000000474974513 4
1753328452617 0.0010000000474974513 5
1753328467371 0.0010000000474974513 6
1753328482409 0.0010000000474974513 7
1753328497379 0.0010000000474974513 8
1753328512223 0.0010000000474974513 9
1753328527045 0.0010000000474974513 10
1753328541862 0.0010000000474974513 11
1753328556680 0.0010000000474974513 12
1753328571571 0.0010000000474974513 13
1753328586325 0.0010000000474974513 14
1753328601669 0.0010000000474974513 15
1753328616666 0.0010000000474974513 16
1753328631684 0.0010000000474974513 17
1753328646372 0.0010000000474974513 18
1753328661341 0.0010000000474974513 19
1753328676491 0.0010000000474974513 20
1753328691187 0.0010000000474974513 21
1753328706528 0.0010000000474974513 22
1753328721476 0.0010000000474974513 23
1753328736242 0.0010000000474974513 24
1753328751171 0.0010000000474974513 25
1753328765978 0.0010000000474974513 26
1753328780688 0.0010000000474974513 27
1753328795578 0.0010000000474974513 28
1753328810381 0.0010000000474974513 29
1753328825128 0.0010000000474974513 30
1753328840115 0.0010000000474974513 31
1753328855111 0.0010000000474974513 32
1753328869732 0.0010000000474974513 33
1753328884490 0.0010000000474974513 34
1753328899390 0.0010000000474974513 35
1753328914020 0.0010000000474974513 36
1753328929046 0.0010000000474974513 37
1753328944252 0.0010000000474974513 38
1753328958919 0.0010000000474974513 39
1753328974100 0.0010000000474974513 40
1753328988897 0.0010000000474974513 41
1753329003558 0.0010000000474974513 42
1753329018820 0.0010000000474974513 43
1753329033360 0.0010000000474974513 44
1753329048288 0.0010000000474974513 45
1753329063064 0.0010000000474974513 46
1753329077855 0.0010000000474974513 47
1753329092562 0.0010000000474974513 48
1753329107436 0.0010000000474974513 49
1753329122275 0.0010000000474974513 50
1753329136979 0.0010000000474974513 51
1753329151954 0.0010000000474974513 52
1753329166769 0.0010000000474974513 53
1753329181373 0.0010000000474974513 54
1753329196399 0.0010000000474974513 55
1753329211156 0.0010000000474974513 56
1753329225808 0.0010000000474974513 57
1753329240799 0.0010000000474974513 58
1753329255585 0.0010000000474974513 59
1753329270689 0.0010000000474974513 60
1753329285578 0.0010000000474974513 61
1753329300578 0.0010000000474974513 62
1753329315164 0.0010000000474974513 63
1753329329673 0.00020000000949949026 64
1753329344707 0.00020000000949949026 65
1753329359546 0.00020000000949949026 66
1753329374612 0.00020000000949949026 67
1753329389480 0.00020000000949949026 68
1753329404166 0.00020000000949949026 69
1753329419196 0.00020000000949949026 70
1753329433992 0.00020000000949949026 71
1753329448679 0.00020000000949949026 72
1753329463719 4.0000002627493814e-05 73
1753329478480 4.0000002627493814e-05 74
1753329493304 4.0000002627493814e-05 75
1753329508227 4.0000002627493814e-05 76
1753329523218 4.0000002627493814e-05 77
1753329537996 4.0000002627493814e-05 78
1753329552791 4.0000002627493814e-05 79
1753329567892 4.0000002627493814e-05 80
1753329582663 4.0000002627493814e-05 81
1753329597687 8.000000889296643e-06 82
1753329612619 8.000000889296643e-06 83
1753329627311 8.000000889296643e-06 84
1753329642380 8.000000889296643e-06 85
1753329657036 8.000000889296643e-06 86
1753329671731 8.000000889296643e-06 87
1753329686585 8.000000889296643e-06 88
1753329701393 8.000000889296643e-06 89
1753329716318 8.000000889296643e-06 90
1753329731505 1.6000001323845936e-06 91
1753329746406 1.6000001323845936e-06 92
1753329761076 1.6000001323845936e-06 93
1753329775807 1.6000001323845936e-06 94
1753329790809 1.6000001323845936e-06 95
1753329805734 1.6000001323845936e-06 96
1753329820674 1.6000001323845936e-06 97
1753329835482 1.6000001323845936e-06 98
1753329850142 1.6000001323845936e-06 99
1753329864978 9.999999974752427e-07 100
1753329879616 9.999999974752427e-07 101
1753329894312 9.999999974752427e-07 102
1753329909270 9.999999974752427e-07 103
1753329923963 9.999999974752427e-07 104
1753329938641 9.999999974752427e-07 105
1753329953640 9.999999974752427e-07 106
1753329968773 9.999999974752427e-07 107
1753329983443 9.999999974752427e-07 108
1753329998130 9.999999974752427e-07 109
1753330013109 9.999999974752427e-07 110
1753330027845 9.999999974752427e-07 111
1753330042905 9.999999974752427e-07 112
1753330058018 9.999999974752427e-07 113
1753330072717 9.999999974752427e-07 114
1753330087614 9.999999974752427e-07 115
1753330102442 9.999999974752427e-07 116
1753330117472 9.999999974752427e-07 117
1753330132319 9.999999974752427e-07 118
1753330147151 9.999999974752427e-07 119
1753330162103 9.999999974752427e-07 120
1753330177031 9.999999974752427e-07 121
1753330192335 9.999999974752427e-07 122
1753330207219 9.999999974752427e-07 123
1753330221914 9.999999974752427e-07 124
1753330237220 9.999999974752427e-07 125
1753330252321 9.999999974752427e-07 126
1753330266989 9.999999974752427e-07 127
1753330282094 9.999999974752427e-07 128
1753330296845 9.999999974752427e-07 129
1753330311605 9.999999974752427e-07 130
1753330326798 9.999999974752427e-07 131
1753330341565 9.999999974752427e-07 132
1753330356433 9.999999974752427e-07 133
1753330371466 9.999999974752427e-07 134
1753330386256 9.999999974752427e-07 135
1753330401015 9.999999974752427e-07 136
1753330415898 9.999999974752427e-07 137
1753330430968 9.999999974752427e-07 138
1753330446077 9.999999974752427e-07 139
1753330460859 9.999999974752427e-07 140
1753330476164 9.999999974752427e-07 141
1753330491012 9.999999974752427e-07 142
1753330505895 9.999999974752427e-07 143
1753330520886 9.999999974752427e-07 144
1753330535586 9.999999974752427e-07 145
1753330550734 9.999999974752427e-07 146
1753330565939 9.999999974752427e-07 147
1753330580663 9.999999974752427e-07 148
1753330595647 9.999999974752427e-07 149
1753330610432 9.999999974752427e-07 150
1753330625247 9.999999974752427e-07 151
1753330640347 9.999999974752427e-07 152
1753330655594 9.999999974752427e-07 153
1753330670725 9.999999974752427e-07 154
1753330685387 9.999999974752427e-07 155
1753330700375 9.999999974752427e-07 156
1753330715104 9.999999974752427e-07 157
1753330729816 9.999999974752427e-07 158
1753330745005 9.999999974752427e-07 159
1753330759774 9.999999974752427e-07 160
1753330774951 9.999999974752427e-07 161
1753330790091 9.999999974752427e-07 162
1753330804869 9.999999974752427e-07 163
1753330819846 9.999999974752427e-07 164
1753330834605 9.999999974752427e-07 165
1753330849368 9.999999974752427e-07 166
1753330864329 9.999999974752427e-07 167
1753330879306 9.999999974752427e-07 168
1753330894111 9.999999974752427e-07 169
1753330908679 9.999999974752427e-07 170
1753330923469 9.999999974752427e-07 171
1753330938173 9.999999974752427e-07 172
1753330953009 9.999999974752427e-07 173
1753330967779 9.999999974752427e-07 174
1753330982444 9.999999974752427e-07 175
1753330997669 9.999999974752427e-07 176
1753331012575 9.999999974752427e-07 177
1753331027261 9.999999974752427e-07 178
1753331042320 9.999999974752427e-07 179
1753331056951 9.999999974752427e-07 180
1753331071658 9.999999974752427e-07 181
1753331086813 9.999999974752427e-07 182
1753331101885 9.999999974752427e-07 183
1753331116575 9.999999974752427e-07 184
1753331131403 9.999999974752427e-07 185
1753331146344 9.999999974752427e-07 186
1753331161131 9.999999974752427e-07 187
1753331175901 9.999999974752427e-07 188
1753331190729 9.999999974752427e-07 189
1753331205428 9.999999974752427e-07 190
1753331220811 9.999999974752427e-07 191
1753331235974 9.999999974752427e-07 192
1753331250874 9.999999974752427e-07 193
1753331265953 9.999999974752427e-07 194
1753331280710 9.999999974752427e-07 195
1753331295569 9.999999974752427e-07 196
1753331310583 9.999999974752427e-07 197
1753331325662 9.999999974752427e-07 198
1753331340449 9.999999974752427e-07 199
1753331355237 9.999999974752427e-07 200
1753331370287 9.999999974752427e-07 201
1753331384969 9.999999974752427e-07 202
1753331399730 9.999999974752427e-07 203
1753331414660 9.999999974752427e-07 204
1753331429846 9.999999974752427e-07 205
1753331444631 9.999999974752427e-07 206
1753331459730 9.999999974752427e-07 207
1753331474468 9.999999974752427e-07 208
1753331489600 9.999999974752427e-07 209
1753331504506 9.999999974752427e-07 210
1753331519333 9.999999974752427e-07 211
1753331534213 9.999999974752427e-07 212
1753331548917 9.999999974752427e-07 213
1753331564195 9.999999974752427e-07 214
1753331579162 9.999999974752427e-07 215
1753331593837 9.999999974752427e-07 216
1753331608887 9.999999974752427e-07 217
1753331624033 9.999999974752427e-07 218
1753331638757 9.999999974752427e-07 219
1753331653813 9.999999974752427e-07 220
1753331668499 9.999999974752427e-07 221
1753331683274 9.999999974752427e-07 222
1753331698585 9.999999974752427e-07 223
1753331713403 9.999999974752427e-07 224
1753331728215 9.999999974752427e-07 225
1753331742900 9.999999974752427e-07 226
1753331757895 9.999999974752427e-07 227
1753331772598 9.999999974752427e-07 228
1753331787396 9.999999974752427e-07 229
1753331802205 9.999999974752427e-07 230
1753331816802 9.999999974752427e-07 231
1753331831530 9.999999974752427e-07 232
1753331846544 9.999999974752427e-07 233
1753331861197 9.999999974752427e-07 234
1753331876111 9.999999974752427e-07 235
1753331891065 9.999999974752427e-07 236
1753331905669 9.999999974752427e-07 237
1753331920937 9.999999974752427e-07 238
1753331935870 9.999999974752427e-07 239
1753331950971 9.999999974752427e-07 240
1753331965736 9.999999974752427e-07 241
1753331980676 9.999999974752427e-07 242
1753331995458 9.999999974752427e-07 243
1753332010247 9.999999974752427e-07 244
1753332025394 9.999999974752427e-07 245
1753332040309 9.999999974752427e-07 246
1753332055281 9.999999974752427e-07 247
1753332070135 9.999999974752427e-07 248
1753332084873 9.999999974752427e-07 249
1753332099974 9.999999974752427e-07 250
1753332114756 9.999999974752427e-07 251
1753332129498 9.999999974752427e-07 252
1753332144522 9.999999974752427e-07 253
1753332159716 9.999999974752427e-07 254
1753332174782 9.999999974752427e-07 255
1753332189403 9.999999974752427e-07 256
1753332204312 9.999999974752427e-07 257
1753332219070 9.999999974752427e-07 258
1753332233828 9.999999974752427e-07 259
1753332248960 9.999999974752427e-07 260
1753332263846 9.999999974752427e-07 261
1753332279053 9.999999974752427e-07 262
1753332294221 9.999999974752427e-07 263
1753332308988 9.999999974752427e-07 264
1753332324027 9.999999974752427e-07 265
1753332338639 9.999999974752427e-07 266
1753332353331 9.999999974752427e-07 267
1753332368302 9.999999974752427e-07 268
1753332383482 9.999999974752427e-07 269
1753332398366 9.999999974752427e-07 270
1753332413089 9.999999974752427e-07 271
1753332428142 9.999999974752427e-07 272
1753332442926 9.999999974752427e-07 273
1753332457860 9.999999974752427e-07 274
1753332472735 9.999999974752427e-07 275
1753332487509 9.999999974752427e-07 276
1753332502538 9.999999974752427e-07 277
1753332517454 9.999999974752427e-07 278
1753332532283 9.999999974752427e-07 279
1753332547388 9.999999974752427e-07 280
1753332562104 9.999999974752427e-07 281
1753332576936 9.999999974752427e-07 282
1753332591802 9.999999974752427e-07 283
1753332606690 9.999999974752427e-07 284
1753332621691 9.999999974752427e-07 285
1753332636291 9.999999974752427e-07 286
1753332651367 9.999999974752427e-07 287
1753332666008 9.999999974752427e-07 288
1753332680795 9.999999974752427e-07 289
1753332695629 9.999999974752427e-07 290
1753332710333 9.999999974752427e-07 291
1753332725415 9.999999974752427e-07 292
1753332740374 9.999999974752427e-07 293
1753332755069 9.999999974752427e-07 294
1753332770033 9.999999974752427e-07 295
1753332785131 9.999999974752427e-07 296
1753332799720 9.999999974752427e-07 297
1753332814525 9.999999974752427e-07 298
1753332829609 9.999999974752427e-07 299
1753332844405 9.999999974752427e-07 300
