1753321839972 1.0 0
1753321872365 2.0 0
1753321905102 3.0 0
1753321937137 4.0 0
1753321969585 5.0 0
1753322002404 6.0 0
1753322034716 7.0 0
1753322066633 8.0 0
1753322099081 9.0 0
1753322131039 10.0 0
1753322163296 11.0 0
1753322196584 12.0 0
1753322229512 13.0 0
1753322262356 14.0 0
1753322294766 15.0 0
1753322327407 16.0 0
1753322359532 17.0 0
1753322392157 18.0 0
1753322424953 19.0 0
1753322457379 20.0 0
1753322489756 21.0 0
1753322522017 22.0 0
1753322554389 23.0 0
1753322586892 24.0 0
1753322618966 25.0 0
1753322650932 26.0 0
1753322683152 27.0 0
1753322715235 28.0 0
1753322747501 29.0 0
1753322780314 30.0 0
1753322812235 31.0 0
1753322844378 32.0 0
1753322876339 33.0 0
1753322908357 34.0 0
1753322940379 35.0 0
1753322972696 36.0 0
1753323005777 37.0 0
1753323037708 38.0 0
1753323069893 39.0 0
1753323102761 40.0 0
1753323134826 41.0 0
1753323166906 42.0 0
1753323231537 44.0 0
1753323263975 45.0 0
1753323328771 47.0 0
1753323361323 48.0 0
1753323393422 49.0 0
1753323458004 51.0 0
1753323490675 52.0 0
1753323523038 53.0 0
1753323619778 56.0 0
1753323716670 59.0 0
1753323748763 60.0 0
1753323781433 61.0 0
1753323845716 63.0 0
1753323878296 64.0 0
1753323942577 66.0 0
1753324006317 68.0 0
1753324134393 72.0 0
1753324230379 75.0 0
1753324262334 76.0 0
