1753321815185 0.66643 1
1753321848261 0.55567 2
1753321880485 0.49943 3
1753321913212 0.45 4
1753321945339 0.3977 5
1753321977825 0.35016 6
1753322010561 0.30808 7
1753322042935 0.27129 8
1753322074880 0.23911 9
1753322107262 0.21096 10
1753322139220 0.18477 11
1753322171601 0.16095 12
1753322204813 0.14236 13
1753322237839 0.1268 14
1753322270647 0.11366 15
1753322303048 0.10239 16
1753322335652 0.09284 17
1753322367810 0.08467 18
1753322400480 0.07759 19
1753322433320 0.07152 20
1753322465677 0.06625 21
1753322498072 0.06165 22
1753322530259 0.05766 23
1753322562682 0.05416 24
1753322595260 0.05109 25
1753322627189 0.04836 26
1753322659263 0.04596 27
1753322691348 0.0438 28
1753322723457 0.04184 29
1753322755764 0.04007 30
1753322788451 0.03858 31
1753322820575 0.03715 32
1753322852705 0.03589 33
1753322884566 0.03474 34
1753322916689 0.03365 35
1753322948530 0.03271 36
1753322980989 0.03185 37
1753323014078 0.03104 38
1753323046031 0.03029 39
1753323078140 0.02962 40
1753323111060 0.02898 41
1753323142971 0.02843 42
1753323175262 0.02786 43
1753323207806 0.02738 44
1753323239876 0.02688 45
1753323272240 0.02652 46
1753323304680 0.02612 47
1753323337110 0.02573 48
1753323369636 0.02534 49
1753323401627 0.025 50
1753323433645 0.0247 51
1753323466331 0.02444 52
1753323498952 0.02412 53
1753323531382 0.02388 54
1753323563316 0.02364 55
1753323595592 0.02343 56
1753323627984 0.0232 57
1753323660416 0.02296 58
1753323692928 0.02277 59
1753323724969 0.02254 60
1753323757041 0.02234 61
1753323789709 0.02216 62
1753323821949 0.02197 63
1753323853928 0.02179 64
1753323886510 0.02165 65
1753323918912 0.02152 66
1753323950809 0.02145 67
1753323982832 0.02133 68
1753324014486 0.02125 69
1753324046240 0.02111 70
1753324078821 0.02098 71
1753324110651 0.0209 72
1753324142632 0.02079 73
1753324174587 0.0207 74
1753324206510 0.02063 75
1753324238665 0.02054 76
1753324270570 0.02042 77
1753324302754 0.02036 78
1753324334450 0.0203 79
1753324366664 0.0202 80
1753324398742 0.02012 81
1753324430478 0.02005 82
1753324462534 0.01999 83
1753324494555 0.01997 84
1753324527341 0.0199 85
1753324559506 0.01977 86
1753324591420 0.01966 87
1753324623692 0.01965 88
1753324655736 0.01961 89
1753324688859 0.01962 90
1753324721063 0.01958 91
1753324753009 0.01958 92
1753324784684 0.01954 93
1753324817210 0.01956 94
1753324849259 0.01951 95
1753324881220 0.0195 96
1753324913039 0.01947 97
1753324945114 0.01948 98
1753324977160 0.01947 99
1753325009236 0.01946 100
1753325041790 0.01948 101
1753325074592 0.01947 102
1753325106324 0.01947 103
1753325138376 0.01947 104
1753325170410 0.01946 105
1753325202105 0.01944 106
1753325234467 0.01947 107
1753325267009 0.01947 108
1753325299339 0.01945 109
1753325332038 0.01945 110
1753325364036 0.01947 111
1753325396405 0.01946 112
1753325428777 0.01944 113
1753325461168 0.01947 114
1753325493720 0.01948 115
1753325525765 0.01943 116
1753325558088 0.01944 117
1753325590144 0.01946 118
1753325621880 0.01944 119
1753325654253 0.01946 120
1753325685923 0.01944 121
1753325717942 0.01945 122
1753325749712 0.01945 123
1753325781800 0.01943 124
1753325814406 0.01945 125
1753325846558 0.01944 126
1753325878378 0.01943 127
1753325910687 0.01943 128
1753325942670 0.01943 129
1753325974825 0.01944 130
1753326006938 0.01944 131
1753326038865 0.01942 132
1753326071515 0.01943 133
1753326103445 0.01944 134
1753326135816 0.01945 135
1753326167946 0.01943 136
1753326200468 0.01944 137
1753326231945 0.01944 138
1753326264334 0.01943 139
1753326297363 0.01943 140
1753326329313 0.01946 141
1753326361837 0.01943 142
1753326393805 0.01944 143
1753326426491 0.01945 144
1753326458406 0.01945 145
1753326490528 0.01945 146
1753326522411 0.01945 147
1753326554151 0.01943 148
1753326587154 0.01945 149
1753326619973 0.01944 150
1753326652767 0.01944 151
1753326685391 0.01946 152
1753326717183 0.01943 153
1753326749536 0.01942 154
1753326781270 0.01944 155
1753326813251 0.01941 156
1753326845128 0.01942 157
1753326877964 0.01943 158
1753326910163 0.01945 159
1753326942217 0.01943 160
1753326975546 0.01943 161
1753327007537 0.01947 162
1753327039854 0.01945 163
1753327071946 0.01944 164
1753327103866 0.01943 165
1753327136092 0.01944 166
1753327168247 0.01943 167
1753327200960 0.01944 168
1753327233131 0.01945 169
1753327265108 0.01946 170
1753327297185 0.01942 171
1753327329539 0.01942 172
1753327361480 0.01944 173
1753327393418 0.01942 174
1753327425526 0.01942 175
1753327457397 0.01943 176
1753327489527 0.01945 177
1753327521557 0.01944 178
1753327553773 0.01945 179
1753327585556 0.01942 180
1753327617867 0.01947 181
1753327649856 0.01942 182
1753327681640 0.01943 183
1753327713798 0.01943 184
1753327746022 0.01941 185
1753327778966 0.01947 186
1753327811073 0.01942 187
1753327843306 0.01941 188
1753327875215 0.01944 189
1753327907350 0.01942 190
1753327939475 0.01942 191
1753327970992 0.01943 192
1753328003049 0.01943 193
1753328035489 0.01943 194
1753328067302 0.01942 195
1753328099213 0.0194 196
1753328131448 0.01941 197
1753328163340 0.01943 198
1753328195813 0.01943 199
1753328227873 0.01943 200
1753328260079 0.01944 201
1753328291542 0.01944 202
1753328323723 0.01942 203
1753328355962 0.01944 204
1753328387812 0.01946 205
1753328419748 0.01939 206
1753328451822 0.01943 207
1753328483852 0.0194 208
1753328515821 0.01941 209
1753328548183 0.01942 210
1753328579816 0.01942 211
1753328612019 0.01941 212
1753328644414 0.01942 213
1753328676428 0.01941 214
1753328708368 0.01945 215
1753328740961 0.01942 216
1753328772850 0.01943 217
1753328804883 0.0194 218
1753328837007 0.01943 219
1753328868780 0.01943 220
1753328900540 0.01941 221
1753328932399 0.01941 222
1753328964635 0.01945 223
1753328996216 0.01942 224
1753329028399 0.01942 225
1753329060777 0.01943 226
1753329093255 0.01943 227
1753329125480 0.01942 228
1753329157472 0.01944 229
1753329189278 0.01942 230
1753329221780 0.01942 231
1753329253574 0.01941 232
1753329285622 0.01938 233
1753329317314 0.01939 234
1753329349909 0.01942 235
1753329382224 0.01941 236
1753329414577 0.01943 237
1753329446736 0.01942 238
1753329478737 0.01942 239
1753329510893 0.01941 240
1753329542695 0.01942 241
1753329574489 0.01941 242
1753329606574 0.01941 243
1753329638888 0.01943 244
1753329671274 0.01946 245
1753329703068 0.01943 246
1753329734872 0.0194 247
1753329767326 0.01942 248
1753329799713 0.01943 249
1753329831829 0.01941 250
1753329863742 0.01943 251
1753329896176 0.01941 252
1753329927716 0.01939 253
1753329959767 0.01941 254
1753329991520 0.01941 255
1753330023541 0.01942 256
1753330055974 0.01943 257
1753330087874 0.01941 258
1753330120177 0.01942 259
1753330152279 0.01941 260
1753330184880 0.0194 261
1753330216612 0.0194 262
1753330249009 0.0194 263
1753330281760 0.01942 264
1753330313572 0.0194 265
1753330345372 0.01941 266
1753330377668 0.01942 267
1753330409691 0.01938 268
1753330441689 0.0194 269
1753330473549 0.0194 270
1753330505906 0.01939 271
1753330537732 0.01939 272
1753330569937 0.01936 273
1753330601891 0.01941 274
1753330633550 0.0194 275
1753330665753 0.01941 276
1753330697787 0.01939 277
1753330729761 0.01942 278
1753330761820 0.01941 279
1753330793997 0.01939 280
1753330826824 0.0194 281
1753330858767 0.01943 282
1753330891435 0.01939 283
1753330923374 0.01941 284
1753330955606 0.01937 285
1753330987748 0.01939 286
1753331020567 0.01943 287
1753331052836 0.01939 288
1753331085143 0.0194 289
1753331117269 0.01939 290
1753331149089 0.01937 291
1753331181449 0.0194 292
1753331213367 0.0194 293
1753331245981 0.01941 294
1753331278155 0.01939 295
1753331310558 0.01937 296
1753331342960 0.01939 297
1753331374706 0.01939 298
1753331407504 0.01939 299
1753331439096 0.01937 300
