1753321839980 0.0010000000474974513 1
1753321872372 0.0010000000474974513 2
1753321905108 0.0010000000474974513 3
1753321937144 0.0010000000474974513 4
1753321969591 0.0010000000474974513 5
1753322002410 0.0010000000474974513 6
1753322034723 0.0010000000474974513 7
1753322066640 0.0010000000474974513 8
1753322099088 0.0010000000474974513 9
1753322131045 0.0010000000474974513 10
1753322163303 0.0010000000474974513 11
1753322196590 0.0010000000474974513 12
1753322229518 0.0010000000474974513 13
1753322262363 0.0010000000474974513 14
1753322294772 0.0010000000474974513 15
1753322327414 0.0010000000474974513 16
1753322359538 0.0010000000474974513 17
1753322392163 0.0010000000474974513 18
1753322424959 0.0010000000474974513 19
1753322457385 0.0010000000474974513 20
1753322489763 0.0010000000474974513 21
1753322522023 0.0010000000474974513 22
1753322554396 0.0010000000474974513 23
1753322586899 0.0010000000474974513 24
1753322618972 0.0010000000474974513 25
1753322650939 0.0010000000474974513 26
1753322683157 0.0010000000474974513 27
1753322715242 0.0010000000474974513 28
1753322747507 0.0010000000474974513 29
1753322780321 0.0010000000474974513 30
1753322812241 0.0010000000474974513 31
1753322844384 0.0010000000474974513 32
1753322876345 0.0010000000474974513 33
1753322908363 0.0010000000474974513 34
1753322940386 0.0010000000474974513 35
1753322972703 0.0010000000474974513 36
1753323005784 0.0010000000474974513 37
1753323037714 0.0010000000474974513 38
1753323069900 0.0010000000474974513 39
1753323102768 0.0010000000474974513 40
1753323134833 0.0010000000474974513 41
1753323166913 0.0010000000474974513 42
1753323199495 0.0010000000474974513 43
1753323231543 0.0010000000474974513 44
1753323263982 0.0010000000474974513 45
1753323296568 0.0010000000474974513 46
1753323328777 0.0010000000474974513 47
1753323361333 0.0010000000474974513 48
1753323393429 0.0010000000474974513 49
1753323425444 0.0010000000474974513 50
1753323458014 0.0010000000474974513 51
1753323490682 0.0010000000474974513 52
1753323523045 0.0010000000474974513 53
1753323555161 0.0010000000474974513 54
1753323587377 0.0010000000474974513 55
1753323619785 0.0010000000474974513 56
1753323652183 0.0010000000474974513 57
1753323684634 0.0010000000474974513 58
1753323716676 0.0010000000474974513 59
1753323748770 0.0010000000474974513 60
1753323781442 0.0010000000474974513 61
1753323813681 0.0010000000474974513 62
1753323845722 0.0010000000474974513 63
1753323878303 0.0010000000474974513 64
1753323910630 0.0010000000474974513 65
1753323942584 0.0010000000474974513 66
1753323974602 0.0010000000474974513 67
1753324006324 0.0010000000474974513 68
1753324038214 0.0010000000474974513 69
1753324070514 0.0010000000474974513 70
1753324102322 0.0010000000474974513 71
1753324134399 0.0010000000474974513 72
1753324166364 0.0010000000474974513 73
1753324198245 0.0010000000474974513 74
1753324230386 0.0010000000474974513 75
1753324262340 0.0010000000474974513 76
1753324294487 0.0010000000474974513 77
1753324326187 0.0010000000474974513 78
1753324358472 0.0010000000474974513 79
1753324390550 0.0010000000474974513 80
1753324422180 0.0010000000474974513 81
1753324454212 0.0010000000474974513 82
1753324486244 0.0010000000474974513 83
1753324519034 0.0010000000474974513 84
1753324551178 0.00020000000949949026 85
1753324583290 0.00020000000949949026 86
1753324615385 0.00020000000949949026 87
1753324647413 0.00020000000949949026 88
1753324680576 0.00020000000949949026 89
1753324712791 0.00020000000949949026 90
1753324744741 0.00020000000949949026 91
1753324776505 0.00020000000949949026 92
1753324808936 0.00020000000949949026 93
1753324841366 4.0000002627493814e-05 94
1753324872945 4.0000002627493814e-05 95
1753324904724 4.0000002627493814e-05 96
1753324936839 4.0000002627493814e-05 97
1753324968975 4.0000002627493814e-05 98
1753325001000 4.0000002627493814e-05 99
1753325033438 4.0000002627493814e-05 100
1753325066363 4.0000002627493814e-05 101
1753325098062 4.0000002627493814e-05 102
1753325130143 8.000000889296643e-06 103
1753325162170 8.000000889296643e-06 104
1753325193915 8.000000889296643e-06 105
1753325226245 8.000000889296643e-06 106
1753325258737 8.000000889296643e-06 107
1753325291049 8.000000889296643e-06 108
1753325323705 8.000000889296643e-06 109
1753325355791 8.000000889296643e-06 110
1753325388096 8.000000889296643e-06 111
1753325420514 1.6000001323845936e-06 112
1753325452956 1.6000001323845936e-06 113
1753325485446 1.6000001323845936e-06 114
1753325517531 1.6000001323845936e-06 115
1753325550117 1.6000001323845936e-06 116
1753325581976 1.6000001323845936e-06 117
1753325613871 1.6000001323845936e-06 118
1753325645987 1.6000001323845936e-06 119
1753325677741 1.6000001323845936e-06 120
1753325709699 9.999999974752427e-07 121
1753325741709 9.999999974752427e-07 122
1753325773537 9.999999974752427e-07 123
1753325806220 9.999999974752427e-07 124
1753325838317 9.999999974752427e-07 125
1753325870257 9.999999974752427e-07 126
1753325902555 9.999999974752427e-07 127
1753325934450 9.999999974752427e-07 128
1753325966626 9.999999974752427e-07 129
1753325998582 9.999999974752427e-07 130
1753326030600 9.999999974752427e-07 131
1753326063206 9.999999974752427e-07 132
1753326095113 9.999999974752427e-07 133
1753326127582 9.999999974752427e-07 134
1753326159706 9.999999974752427e-07 135
1753326192162 9.999999974752427e-07 136
1753326223924 9.999999974752427e-07 137
1753326256058 9.999999974752427e-07 138
1753326289136 9.999999974752427e-07 139
1753326321140 9.999999974752427e-07 140
1753326353579 9.999999974752427e-07 141
1753326385603 9.999999974752427e-07 142
1753326418230 9.999999974752427e-07 143
1753326450102 9.999999974752427e-07 144
1753326482335 9.999999974752427e-07 145
1753326514217 9.999999974752427e-07 146
1753326545890 9.999999974752427e-07 147
1753326578924 9.999999974752427e-07 148
1753326611782 9.999999974752427e-07 149
1753326644541 9.999999974752427e-07 150
1753326677113 9.999999974752427e-07 151
1753326708971 9.999999974752427e-07 152
1753326741237 9.999999974752427e-07 153
1753326773038 9.999999974752427e-07 154
1753326805064 9.999999974752427e-07 155
1753326836882 9.999999974752427e-07 156
1753326869652 9.999999974752427e-07 157
1753326902009 9.999999974752427e-07 158
1753326933966 9.999999974752427e-07 159
1753326967235 9.999999974752427e-07 160
1753326999396 9.999999974752427e-07 161
1753327031605 9.999999974752427e-07 162
1753327063714 9.999999974752427e-07 163
1753327095553 9.999999974752427e-07 164
1753327127939 9.999999974752427e-07 165
1753327159938 9.999999974752427e-07 166
1753327192724 9.999999974752427e-07 167
1753327224841 9.999999974752427e-07 168
1753327256875 9.999999974752427e-07 169
1753327288887 9.999999974752427e-07 170
1753327321286 9.999999974752427e-07 171
1753327353236 9.999999974752427e-07 172
1753327385278 9.999999974752427e-07 173
1753327417181 9.999999974752427e-07 174
1753327449143 9.999999974752427e-07 175
1753327481317 9.999999974752427e-07 176
1753327513555 9.999999974752427e-07 177
1753327545474 9.999999974752427e-07 178
1753327577322 9.999999974752427e-07 179
1753327609533 9.999999974752427e-07 180
1753327641762 9.999999974752427e-07 181
1753327673389 9.999999974752427e-07 182
1753327705553 9.999999974752427e-07 183
1753327737668 9.999999974752427e-07 184
1753327770662 9.999999974752427e-07 185
1753327802735 9.999999974752427e-07 186
1753327835111 9.999999974752427e-07 187
1753327866894 9.999999974752427e-07 188
1753327899277 9.999999974752427e-07 189
1753327931297 9.999999974752427e-07 190
1753327962785 9.999999974752427e-07 191
1753327994873 9.999999974752427e-07 192
1753328027266 9.999999974752427e-07 193
1753328059015 9.999999974752427e-07 194
1753328090943 9.999999974752427e-07 195
1753328123256 9.999999974752427e-07 196
1753328155099 9.999999974752427e-07 197
1753328187572 9.999999974752427e-07 198
1753328219741 9.999999974752427e-07 199
1753328251710 9.999999974752427e-07 200
1753328283261 9.999999974752427e-07 201
1753328315502 9.999999974752427e-07 202
1753328347645 9.999999974752427e-07 203
1753328379817 9.999999974752427e-07 204
1753328411499 9.999999974752427e-07 205
1753328443554 9.999999974752427e-07 206
1753328475659 9.999999974752427e-07 207
1753328507550 9.999999974752427e-07 208
1753328539938 9.999999974752427e-07 209
1753328571636 9.999999974752427e-07 210
1753328603762 9.999999974752427e-07 211
1753328636264 9.999999974752427e-07 212
1753328668225 9.999999974752427e-07 213
1753328700134 9.999999974752427e-07 214
1753328732780 9.999999974752427e-07 215
1753328764554 9.999999974752427e-07 216
1753328796601 9.999999974752427e-07 217
1753328828828 9.999999974752427e-07 218
1753328860515 9.999999974752427e-07 219
1753328892228 9.999999974752427e-07 220
1753328924153 9.999999974752427e-07 221
1753328956419 9.999999974752427e-07 222
1753328987988 9.999999974752427e-07 223
1753329020137 9.999999974752427e-07 224
1753329052544 9.999999974752427e-07 225
1753329085042 9.999999974752427e-07 226
1753329117256 9.999999974752427e-07 227
1753329149324 9.999999974752427e-07 228
1753329181096 9.999999974752427e-07 229
1753329213527 9.999999974752427e-07 230
1753329245287 9.999999974752427e-07 231
1753329277592 9.999999974752427e-07 232
1753329309062 9.999999974752427e-07 233
1753329341571 9.999999974752427e-07 234
1753329373936 9.999999974752427e-07 235
1753329406348 9.999999974752427e-07 236
1753329438450 9.999999974752427e-07 237
1753329470486 9.999999974752427e-07 238
1753329502624 9.999999974752427e-07 239
1753329534482 9.999999974752427e-07 240
1753329566262 9.999999974752427e-07 241
1753329598384 9.999999974752427e-07 242
1753329630592 9.999999974752427e-07 243
1753329663052 9.999999974752427e-07 244
1753329694945 9.999999974752427e-07 245
1753329726630 9.999999974752427e-07 246
1753329759149 9.999999974752427e-07 247
1753329791443 9.999999974752427e-07 248
1753329823598 9.999999974752427e-07 249
1753329855491 9.999999974752427e-07 250
1753329887919 9.999999974752427e-07 251
1753329919498 9.999999974752427e-07 252
1753329951390 9.999999974752427e-07 253
1753329983398 9.999999974752427e-07 254
1753330015609 9.999999974752427e-07 255
1753330047672 9.999999974752427e-07 256
1753330079661 9.999999974752427e-07 257
1753330111916 9.999999974752427e-07 258
1753330144025 9.999999974752427e-07 259
1753330176674 9.999999974752427e-07 260
1753330208735 9.999999974752427e-07 261
1753330240729 9.999999974752427e-07 262
1753330273606 9.999999974752427e-07 263
1753330305418 9.999999974752427e-07 264
1753330337211 9.999999974752427e-07 265
1753330369395 9.999999974752427e-07 266
1753330401437 9.999999974752427e-07 267
1753330433382 9.999999974752427e-07 268
1753330465371 9.999999974752427e-07 269
1753330497679 9.999999974752427e-07 270
1753330529522 9.999999974752427e-07 271
1753330561615 9.999999974752427e-07 272
1753330593749 9.999999974752427e-07 273
1753330625360 9.999999974752427e-07 274
1753330657528 9.999999974752427e-07 275
1753330689629 9.999999974752427e-07 276
1753330721487 9.999999974752427e-07 277
1753330753489 9.999999974752427e-07 278
1753330785722 9.999999974752427e-07 279
1753330818546 9.999999974752427e-07 280
1753330850509 9.999999974752427e-07 281
1753330883167 9.999999974752427e-07 282
1753330915149 9.999999974752427e-07 283
1753330947406 9.999999974752427e-07 284
1753330979503 9.999999974752427e-07 285
1753331012378 9.999999974752427e-07 286
1753331044524 9.999999974752427e-07 287
1753331076883 9.999999974752427e-07 288
1753331109072 9.999999974752427e-07 289
1753331140919 9.999999974752427e-07 290
1753331173241 9.999999974752427e-07 291
1753331205093 9.999999974752427e-07 292
1753331237704 9.999999974752427e-07 293
1753331269923 9.999999974752427e-07 294
1753331302293 9.999999974752427e-07 295
1753331334649 9.999999974752427e-07 296
1753331366746 9.999999974752427e-07 297
1753331399291 9.999999974752427e-07 298
1753331430941 9.999999974752427e-07 299
1753331463251 9.999999974752427e-07 300
