1752941231813 1.0 0
1752941264519 2.0 0
1752941296679 3.0 0
1752941328732 4.0 0
1752941360789 5.0 0
1752941392893 6.0 0
1752941425309 7.0 0
1752941457599 8.0 0
1752941489710 9.0 0
1752941522133 10.0 0
1752941554220 11.0 0
1752941587074 12.0 0
1752941619286 13.0 0
1752941653055 14.0 0
1752941685050 15.0 0
1752941717031 16.0 0
1752941749642 17.0 0
1752941782640 18.0 0
1752941814667 19.0 0
1752941847323 20.0 0
1752941880146 21.0 0
1752941912925 22.0 0
1752941946067 23.0 0
1752941978899 24.0 0
1752942011695 25.0 0
1752942044627 26.0 0
1752942077332 27.0 0
1752942110226 28.0 0
1752942143286 29.0 0
1752942175826 30.0 0
1752942208739 31.0 0
1752942240965 32.0 0
1752942306233 34.0 0
1752942339220 35.0 0
1752942437836 38.0 0
1752942470860 39.0 0
1752942536160 41.0 0
1752942601048 43.0 0
1752942666827 45.0 0
1752942699503 46.0 0
1752942763839 48.0 0
1752942893290 52.0 0
1752943121234 59.0 0
1752943448622 69.0 0
