1752941214236 0.71218 1
1752941247130 0.57789 2
1752941279774 0.48245 3
1752941311950 0.39664 4
1752941344040 0.3241 5
1752941376070 0.26218 6
1752941408195 0.21255 7
1752941440543 0.17335 8
1752941472976 0.13973 9
1752941504983 0.11507 10
1752941537438 0.09687 11
1752941569529 0.0829 12
1752941602309 0.07212 13
1752941634546 0.06357 14
1752941668308 0.05678 15
1752941700297 0.05143 16
1752941732452 0.04708 17
1752941764859 0.04349 18
1752941797900 0.04043 19
1752941829886 0.03788 20
1752941862571 0.03578 21
1752941895421 0.0341 22
1752941928254 0.03246 23
1752941961447 0.03112 24
1752941994281 0.03001 25
1752942026893 0.029 26
1752942059905 0.02814 27
1752942092599 0.02734 28
1752942125433 0.02665 29
1752942158609 0.026 30
1752942191190 0.02597 31
1752942223994 0.02512 32
1752942256516 0.02466 33
1752942288671 0.0242 34
1752942321586 0.02385 35
1752942354605 0.02349 36
1752942387332 0.02315 37
1752942420216 0.02289 38
1752942453046 0.02261 39
1752942486077 0.0224 40
1752942518749 0.02215 41
1752942551399 0.02201 42
1752942584281 0.02186 43
1752942616436 0.02155 44
1752942649125 0.02143 45
1752942682102 0.02129 46
1752942714717 0.02122 47
1752942746953 0.02102 48
1752942779133 0.02089 49
1752942811505 0.02073 50
1752942844153 0.02068 51
1752942876207 0.02054 52
1752942908580 0.02047 53
1752942940574 0.02032 54
1752942973015 0.02031 55
1752943005850 0.02016 56
1752943038062 0.02005 57
1752943070944 0.01998 58
1752943103809 0.01995 59
1752943136453 0.01987 60
1752943169426 0.01984 61
1752943202222 0.01976 62
1752943234999 0.01969 63
1752943267801 0.01961 64
1752943300577 0.0196 65
1752943333572 0.01951 66
1752943366242 0.01944 67
1752943398318 0.01942 68
1752943431247 0.01932 69
1752943463915 0.0194 70
1752943496706 0.01928 71
1752943529074 0.01927 72
1752943562171 0.01919 73
1752943595012 0.01923 74
1752943627901 0.0191 75
1752943659818 0.01907 76
1752943692737 0.01899 77
1752943725151 0.01897 78
1752943757532 0.01895 79
1752943789576 0.01893 80
1752943821565 0.0189 81
1752943854493 0.01878 82
1752943887238 0.01878 83
1752943919812 0.01874 84
1752943952788 0.01873 85
1752943985525 0.01872 86
1752944017605 0.01866 87
1752944049897 0.01862 88
1752944081903 0.01864 89
1752944114611 0.01864 90
1752944147424 0.01862 91
1752944180039 0.01857 92
1752944213460 0.01857 93
1752944245588 0.0185 94
1752944277458 0.01848 95
1752944310723 0.01843 96
1752944343243 0.01845 97
1752944376165 0.01841 98
1752944409785 0.01835 99
1752944443064 0.01838 100
1752944476376 0.01834 101
1752944508870 0.01833 102
1752944542246 0.01827 103
1752944574664 0.01825 104
1752944608160 0.01827 105
1752944640908 0.01817 106
1752944673726 0.01818 107
1752944706534 0.01819 108
1752944739862 0.01816 109
1752944773083 0.01814 110
1752944805955 0.01814 111
1752944838761 0.0181 112
1752944871529 0.01819 113
1752944905126 0.01805 114
1752944937949 0.01805 115
1752944970622 0.01809 116
1752945003429 0.01803 117
1752945035895 0.018 118
1752945069184 0.018 119
1752945101979 0.01792 120
1752945134975 0.01802 121
1752945168069 0.01797 122
1752945201399 0.01791 123
1752945234997 0.01789 124
1752945268330 0.01789 125
1752945301021 0.01791 126
1752945333869 0.01785 127
1752945366646 0.01788 128
1752945399445 0.01783 129
1752945432122 0.01778 130
1752945464934 0.0178 131
1752945497997 0.01773 132
1752945529877 0.01778 133
1752945562743 0.01775 134
1752945595670 0.01771 135
1752945627943 0.01771 136
1752945660694 0.0177 137
1752945693557 0.01762 138
1752945727277 0.01768 139
1752945760281 0.01759 140
1752945792863 0.01767 141
1752945825751 0.0176 142
1752945858675 0.01759 143
1752945891533 0.01762 144
1752945924182 0.01762 145
1752945956869 0.0176 146
1752945989668 0.0176 147
1752946022450 0.01759 148
1752946054587 0.01755 149
1752946087781 0.01758 150
1752946119760 0.01752 151
1752946152544 0.01753 152
1752946185292 0.01749 153
1752946218418 0.01751 154
1752946250954 0.01746 155
1752946284081 0.0175 156
1752946316971 0.01749 157
1752946350085 0.01744 158
1752946382744 0.01742 159
1752946416033 0.01745 160
1752946449017 0.01748 161
1752946481586 0.01742 162
1752946514639 0.01744 163
1752946547372 0.01738 164
1752946580052 0.01737 165
1752946612768 0.0174 166
1752946645604 0.01736 167
1752946678439 0.01734 168
1752946711292 0.01739 169
1752946744465 0.01732 170
1752946777413 0.0173 171
1752946809783 0.01735 172
1752946842910 0.01734 173
1752946875297 0.01734 174
1752946907889 0.01731 175
1752946940118 0.01731 176
1752946972988 0.01732 177
1752947005720 0.01726 178
1752947038833 0.01731 179
1752947071667 0.01727 180
1752947104627 0.01725 181
1752947137535 0.01729 182
1752947170807 0.01725 183
1752947203588 0.01728 184
1752947236882 0.01724 185
1752947268832 0.01717 186
1752947301729 0.01723 187
1752947334341 0.01728 188
1752947367180 0.01721 189
1752947400418 0.01719 190
1752947433211 0.01718 191
1752947466865 0.01716 192
1752947499413 0.01714 193
1752947532775 0.01715 194
1752947565037 0.01722 195
1752947597741 0.01717 196
1752947630530 0.01714 197
1752947663426 0.01716 198
1752947696480 0.01709 199
1752947729279 0.0171 200
1752947763135 0.01713 201
1752947795886 0.0171 202
1752947828869 0.01713 203
1752947861442 0.01712 204
1752947894320 0.01715 205
1752947927354 0.01707 206
1752947959438 0.01706 207
1752947992178 0.01707 208
1752948024822 0.01706 209
1752948057917 0.01707 210
1752948091592 0.01705 211
1752948124570 0.01703 212
1752948157657 0.01708 213
1752948190451 0.01705 214
1752948223288 0.01706 215
1752948256170 0.01702 216
1752948288945 0.01704 217
1752948321533 0.017 218
1752948354298 0.01702 219
1752948386953 0.01703 220
1752948419787 0.01705 221
1752948452359 0.01697 222
1752948486095 0.01701 223
1752948518936 0.017 224
1752948551722 0.01704 225
1752948584745 0.01701 226
1752948617621 0.01699 227
1752948650469 0.01699 228
1752948683394 0.01695 229
1752948716508 0.01698 230
1752948749285 0.01692 231
1752948782205 0.01699 232
1752948815315 0.01696 233
1752948848122 0.01695 234
1752948880886 0.01692 235
1752948913787 0.01693 236
1752948946356 0.01698 237
1752948979153 0.01693 238
1752949012123 0.01695 239
1752949044690 0.01692 240
1752949077595 0.0169 241
1752949110390 0.01695 242
1752949143529 0.01693 243
1752949176328 0.01689 244
1752949209391 0.01689 245
1752949242127 0.01689 246
1752949275057 0.01693 247
1752949307660 0.01693 248
1752949340430 0.01687 249
1752949373300 0.01689 250
1752949406772 0.01687 251
1752949440359 0.01687 252
1752949473099 0.01691 253
1752949505691 0.01688 254
1752949538289 0.01688 255
1752949570909 0.01684 256
1752949603595 0.01686 257
1752949636510 0.01685 258
1752949669851 0.01686 259
1752949702622 0.01685 260
1752949735286 0.0169 261
1752949768015 0.01683 262
1752949801113 0.01682 263
1752949833908 0.01682 264
1752949866632 0.01684 265
1752949899663 0.01686 266
1752949933240 0.01686 267
1752949966149 0.01684 268
1752949998986 0.01687 269
1752950030894 0.01684 270
1752950063671 0.01679 271
1752950095804 0.01684 272
1752950128527 0.01683 273
1752950161897 0.01681 274
1752950194901 0.0168 275
1752950227813 0.01679 276
1752950260560 0.01682 277
1752950293324 0.01677 278
1752950326846 0.0168 279
1752950360090 0.01677 280
1752950392830 0.01677 281
1752950425574 0.01678 282
1752950458873 0.01675 283
1752950492072 0.01676 284
1752950524314 0.01673 285
1752950556686 0.01676 286
1752950589598 0.01678 287
1752950622355 0.01675 288
1752950655350 0.01672 289
1752950688404 0.01676 290
1752950721282 0.0167 291
1752950754110 0.0168 292
1752950787185 0.01672 293
1752950819776 0.01676 294
1752950852576 0.01677 295
1752950886015 0.01679 296
1752950919606 0.01677 297
1752950952773 0.01674 298
1752950985977 0.01675 299
1752951018167 0.01674 300
