1753145232043 1.0 0
1753145249075 2.0 0
1753145266184 3.0 0
1753145283342 4.0 0
1753145300687 5.0 0
1753145317805 6.0 0
1753145334899 7.0 0
1753145352288 8.0 0
1753145369459 9.0 0
1753145386569 10.0 0
1753145403699 11.0 0
1753145420819 12.0 0
1753145438213 13.0 0
1753145455329 14.0 0
1753145472447 15.0 0
1753145489845 16.0 0
1753145506985 17.0 0
1753145524062 18.0 0
1753145541176 19.0 0
1753145558564 20.0 0
1753145575702 21.0 0
1753145592812 22.0 0
1753145610156 23.0 0
1753145627314 24.0 0
1753145644420 25.0 0
1753145661531 26.0 0
1753145678620 27.0 0
1753145696010 28.0 0
1753145713221 29.0 0
1753145730346 30.0 0
1753145747609 31.0 0
1753145764761 32.0 0
1753145781879 33.0 0
1753145798952 34.0 0
1753145816226 35.0 0
1753145833325 36.0 0
1753145850530 37.0 0
1753145867859 38.0 0
1753145884962 39.0 0
1753145902157 40.0 0
1753145919294 41.0 0
1753145936438 42.0 0
1753145953817 43.0 0
1753145971065 44.0 0
1753145988333 45.0 0
1753146022935 47.0 0
1753146040241 48.0 0
1753146057461 49.0 0
1753146109384 52.0 0
1753146126869 53.0 0
1753146144028 54.0 0
1753146161235 55.0 0
1753146178481 56.0 0
1753146212418 58.0 0
1753146246149 60.0 0
1753146263101 61.0 0
1753146296253 63.0 0
1753146312983 64.0 0
1753146346493 66.0 0
1753146380287 68.0 0
1753146414506 70.0 0
1753146431626 71.0 0
1753146466059 73.0 0
1753146482717 74.0 0
1753146634362 83.0 0
1753146684264 86.0 0
1753146751880 90.0 0
1753146869362 97.0 0
