1753145217546 0.64644 1
1753145235266 0.53875 2
1753145252352 0.49146 3
1753145269503 0.44967 4
1753145286647 0.41046 5
1753145303930 0.37364 6
1753145321087 0.33897 7
1753145338193 0.30618 8
1753145355591 0.27586 9
1753145372741 0.24583 10
1753145389859 0.21645 11
1753145406972 0.19078 12
1753145424109 0.16885 13
1753145441473 0.15024 14
1753145458614 0.13441 15
1753145475754 0.12087 16
1753145493099 0.10938 17
1753145510221 0.09948 18
1753145527348 0.09103 19
1753145544501 0.08376 20
1753145561832 0.07741 21
1753145578968 0.0719 22
1753145596097 0.0671 23
1753145613438 0.06284 24
1753145630583 0.05907 25
1753145647706 0.05578 26
1753145664801 0.05285 27
1753145681947 0.05024 28
1753145699321 0.04789 29
1753145716507 0.04575 30
1753145733580 0.04385 31
1753145750879 0.04215 32
1753145767981 0.04062 33
1753145785132 0.03923 34
1753145802167 0.03794 35
1753145819457 0.03676 36
1753145836622 0.0357 37
1753145853798 0.03468 38
1753145871113 0.03378 39
1753145888231 0.03294 40
1753145905443 0.03216 41
1753145922567 0.03144 42
1753145939724 0.03078 43
1753145957106 0.03017 44
1753145974352 0.0296 45
1753145991619 0.02902 46
1753146009004 0.02854 47
1753146026240 0.02807 48
1753146043536 0.02765 49
1753146060772 0.02724 50
1753146078198 0.02684 51
1753146095433 0.02642 52
1753146112683 0.02603 53
1753146130167 0.02577 54
1753146147336 0.02548 55
1753146164559 0.02517 56
1753146181758 0.02484 57
1753146198856 0.02461 58
1753146215918 0.02435 59
1753146232517 0.02414 60
1753146249384 0.02392 61
1753146266365 0.02364 62
1753146282959 0.02349 63
1753146299526 0.02325 64
1753146316255 0.02308 65
1753146333140 0.02286 66
1753146349737 0.02273 67
1753146366710 0.02257 68
1753146383527 0.02241 69
1753146400628 0.02228 70
1753146417771 0.02205 71
1753146434878 0.02197 72
1753146452021 0.02185 73
1753146469332 0.02172 74
1753146485940 0.02157 75
1753146502534 0.02148 76
1753146519456 0.02132 77
1753146536052 0.02124 78
1753146552926 0.02116 79
1753146569646 0.02101 80
1753146586915 0.02093 81
1753146603985 0.02086 82
1753146620818 0.02073 83
1753146637655 0.02065 84
1753146654375 0.02058 85
1753146670917 0.02052 86
1753146687515 0.02041 87
1753146704438 0.02037 88
1753146721806 0.02024 89
1753146738407 0.02017 90
1753146755134 0.02014 91
1753146772144 0.02007 92
1753146788708 0.02 93
1753146805353 0.01995 94
1753146822045 0.01989 95
1753146839169 0.01978 96
1753146855877 0.01974 97
1753146872577 0.01967 98
1753146889454 0.01961 99
1753146906186 0.01956 100
1753146922708 0.0195 101
1753146939362 0.01941 102
1753146956110 0.01945 103
1753146973118 0.01937 104
1753146989863 0.01931 105
1753147006548 0.01927 106
1753147023544 0.01924 107
1753147040485 0.0191 108
1753147057657 0.0191 109
1753147074904 0.01908 110
1753147091424 0.01904 111
1753147107972 0.01899 112
1753147125110 0.01895 113
1753147141688 0.01894 114
1753147158620 0.01894 115
1753147175218 0.01887 116
1753147192062 0.0188 117
1753147209240 0.01879 118
1753147226619 0.01873 119
1753147243200 0.0187 120
1753147260355 0.01871 121
1753147277625 0.01862 122
1753147294748 0.01861 123
1753147312037 0.01859 124
1753147329117 0.01855 125
1753147346178 0.01848 126
1753147363206 0.01851 127
1753147380361 0.0185 128
1753147397743 0.01843 129
1753147414847 0.01842 130
1753147431893 0.01834 131
1753147449131 0.01836 132
1753147466300 0.01837 133
1753147483395 0.01829 134
1753147500525 0.01832 135
1753147517908 0.01826 136
1753147535027 0.01827 137
1753147552152 0.01821 138
1753147569482 0.0182 139
1753147586607 0.01821 140
1753147603745 0.01816 141
1753147620838 0.01813 142
1753147637963 0.0181 143
1753147655296 0.01805 144
1753147672447 0.01805 145
1753147689619 0.01804 146
1753147707021 0.01802 147
1753147724253 0.01801 148
1753147741402 0.01797 149
1753147758604 0.01794 150
1753147776002 0.01796 151
1753147793173 0.01795 152
1753147810318 0.01796 153
1753147827684 0.01788 154
1753147844877 0.01787 155
1753147862082 0.01789 156
1753147879222 0.01783 157
1753147896378 0.01782 158
1753147913496 0.01781 159
1753147930111 0.0178 160
1753147947177 0.01774 161
1753147964400 0.01774 162
1753147981506 0.01773 163
1753147998581 0.01776 164
1753148015623 0.01775 165
1753148032882 0.01768 166
1753148050160 0.01765 167
1753148067196 0.01765 168
1753148084436 0.01764 169
1753148101522 0.01766 170
1753148118569 0.01762 171
1753148135595 0.01758 172
1753148152801 0.01764 173
1753148169858 0.0176 174
1753148187071 0.01759 175
1753148204086 0.01753 176
1753148221108 0.01757 177
1753148238339 0.01755 178
1753148255341 0.01751 179
1753148272376 0.0175 180
1753148289637 0.01755 181
1753148306757 0.01751 182
1753148323875 0.01748 183
1753148341153 0.01748 184
1753148358302 0.01741 185
1753148375411 0.01745 186
1753148392680 0.01747 187
1753148409786 0.01742 188
1753148426955 0.01742 189
1753148443585 0.01741 190
1753148460413 0.01737 191
1753148477113 0.01737 192
1753148494248 0.01735 193
1753148511606 0.0174 194
1753148528820 0.01734 195
1753148545959 0.01735 196
1753148563090 0.01733 197
1753148580218 0.01731 198
1753148597509 0.01734 199
1753148613989 0.01732 200
1753148630629 0.01727 201
1753148647800 0.01722 202
1753148664628 0.01727 203
1753148681599 0.0173 204
1753148698387 0.0173 205
1753148715354 0.01725 206
1753148731998 0.01722 207
1753148748840 0.0172 208
1753148765810 0.01729 209
1753148782469 0.01721 210
1753148799147 0.01724 211
1753148815795 0.01716 212
1753148832299 0.01717 213
1753148849157 0.01718 214
1753148865826 0.0172 215
1753148882757 0.01722 216
1753148899568 0.01714 217
1753148916161 0.01716 218
1753148933096 0.01717 219
1753148949677 0.01714 220
1753148966875 0.01713 221
1753148983507 0.01717 222
1753149000093 0.01712 223
1753149017040 0.01712 224
1753149033653 0.01713 225
1753149050369 0.01709 226
1753149066948 0.01714 227
1753149083593 0.0171 228
1753149100573 0.01705 229
1753149117197 0.01707 230
1753149133832 0.01708 231
1753149150704 0.01709 232
1753149167495 0.01707 233
1753149184370 0.01701 234
1753149201383 0.017 235
1753149217978 0.01705 236
1753149234549 0.01704 237
1753149251360 0.01705 238
1753149268028 0.01702 239
1753149284807 0.017 240
1753149301381 0.01704 241
1753149318038 0.01702 242
1753149334572 0.01697 243
1753149351600 0.01699 244
1753149368140 0.017 245
1753149385144 0.01703 246
1753149401682 0.01701 247
1753149418252 0.01699 248
1753149435108 0.01698 249
1753149451675 0.01697 250
1753149468207 0.01701 251
1753149485280 0.01695 252
1753149502006 0.01696 253
1753149518984 0.01695 254
1753149536061 0.01696 255
1753149553283 0.01697 256
1753149570377 0.01694 257
1753149587392 0.01691 258
1753149604645 0.01696 259
1753149621667 0.01692 260
1753149638740 0.01691 261
1753149655698 0.01692 262
1753149672708 0.0169 263
1753149689876 0.01689 264
1753149706914 0.01689 265
1753149723920 0.01688 266
1753149741112 0.0169 267
1753149758081 0.01691 268
1753149775202 0.01689 269
1753149792311 0.01688 270
1753149809561 0.0169 271
1753149826633 0.01684 272
1753149843632 0.01686 273
1753149860823 0.01688 274
1753149878074 0.01687 275
1753149895219 0.01683 276
1753149911738 0.0168 277
1753149928795 0.01683 278
1753149945667 0.01682 279
1753149962458 0.01681 280
1753149979490 0.01681 281
1753149996578 0.0168 282
1753150013556 0.01682 283
1753150030573 0.01681 284
1753150047494 0.0168 285
1753150064653 0.01681 286
1753150081654 0.01683 287
1753150098618 0.0168 288
1753150115781 0.0168 289
1753150132794 0.01682 290
1753150149847 0.01682 291
1753150166790 0.01681 292
1753150183720 0.01682 293
1753150200841 0.01678 294
1753150217855 0.01681 295
1753150234286 0.01681 296
1753150251071 0.01678 297
1753150267561 0.01681 298
1753150283890 0.01679 299
1753150300981 0.01676 300
