1753141125065 1.0 0
1753141160617 2.0 0
1753141196071 3.0 0
1753141231530 4.0 0
1753141266929 5.0 0
1753141302415 6.0 0
1753141338017 7.0 0
1753141373641 8.0 0
1753141409092 9.0 0
1753141444540 10.0 0
1753141480420 11.0 0
1753141515902 12.0 0
1753141551019 13.0 0
1753141586976 14.0 0
1753141623036 15.0 0
1753141658223 16.0 0
1753141693681 17.0 0
1753141728817 18.0 0
1753141764234 19.0 0
1753141799434 20.0 0
1753141834736 21.0 0
1753141870166 22.0 0
1753141905659 23.0 0
1753141976236 25.0 0
1753142046923 27.0 0
1753142117507 29.0 0
1753142153543 30.0 0
1753142224287 32.0 0
1753142259881 33.0 0
1753142295562 34.0 0
1753142331154 35.0 0
1753142366449 36.0 0
1753142401847 37.0 0
1753142437755 38.0 0
1753142473752 39.0 0
1753142509095 40.0 0
1753142544630 41.0 0
1753142579999 42.0 0
1753142615397 43.0 0
1753142650802 44.0 0
1753142686224 45.0 0
1753142721776 46.0 0
1753142757302 47.0 0
1753142792615 48.0 0
1753142828115 49.0 0
1753142863992 50.0 0
1753142899557 51.0 0
1753142935324 52.0 0
1753142970938 53.0 0
1753143006298 54.0 0
1753143042350 55.0 0
1753143077777 56.0 0
1753143113347 57.0 0
1753143148781 58.0 0
1753143184156 59.0 0
1753143219639 60.0 0
1753143255551 61.0 0
1753143290872 62.0 0
1753143326465 63.0 0
1753143361722 64.0 0
1753143397159 65.0 0
1753143433113 66.0 0
1753143468595 67.0 0
1753143503468 68.0 0
1753143539335 69.0 0
1753143610155 71.0 0
1753143645825 72.0 0
1753143681321 73.0 0
1753143717040 74.0 0
1753143752476 75.0 0
1753143788276 76.0 0
1753143824093 77.0 0
1753143859292 78.0 0
1753143894890 79.0 0
1753143930728 80.0 0
1753143966759 81.0 0
1753144002609 82.0 0
1753144037838 83.0 0
1753144143941 86.0 0
1753144179312 87.0 0
1753144249747 89.0 0
1753144284886 90.0 0
1753144356308 92.0 0
1753144427651 94.0 0
1753144462974 95.0 0
1753144604892 99.0 0
1753144640197 100.0 0
1753144710972 102.0 0
1753144923447 108.0 0
1753145137087 114.0 0
1753145243183 117.0 0
1753145385337 121.0 0
1753145669373 129.0 0
1753146449264 151.0 0
