1753141095732 0.67509 1
1753141131167 0.57262 2
1753141166760 0.54496 3
1753141202222 0.52173 4
1753141237714 0.49864 5
1753141273202 0.47485 6
1753141308680 0.45015 7
1753141344317 0.42568 8
1753141379827 0.40165 9
1753141415278 0.3784 10
1753141450834 0.35656 11
1753141486651 0.33576 12
1753141522176 0.31607 13
1753141557238 0.29746 14
1753141593230 0.27977 15
1753141629248 0.26299 16
1753141664500 0.24683 17
1753141699932 0.23058 18
1753141735091 0.21493 19
1753141770448 0.20122 20
1753141805708 0.18872 21
1753141840972 0.17715 22
1753141876525 0.16649 23
1753141911880 0.15684 24
1753141947262 0.14806 25
1753141982454 0.13922 26
1753142017844 0.13125 27
1753142053296 0.12392 28
1753142088274 0.11711 29
1753142123862 0.11076 30
1753142159891 0.1051 31
1753142195204 0.10003 32
1753142230676 0.09464 33
1753142266104 0.08984 34
1753142301725 0.08546 35
1753142337477 0.08135 36
1753142372730 0.07754 37
1753142408718 0.07403 38
1753142444761 0.07075 39
1753142480067 0.06763 40
1753142515372 0.06482 41
1753142550929 0.06214 42
1753142586353 0.05973 43
1753142621800 0.05741 44
1753142657053 0.05527 45
1753142692533 0.05332 46
1753142728112 0.05145 47
1753142763569 0.04972 48
1753142798820 0.04807 49
1753142834553 0.04656 50
1753142870325 0.04519 51
1753142905881 0.04384 52
1753142941545 0.04265 53
1753142977080 0.04147 54
1753143012693 0.04036 55
1753143048632 0.0394 56
1753143083964 0.0384 57
1753143119626 0.03752 58
1753143155059 0.03665 59
1753143190430 0.03583 60
1753143226210 0.03506 61
1753143261858 0.03439 62
1753143297084 0.03367 63
1753143332728 0.03306 64
1753143367973 0.03245 65
1753143403431 0.03188 66
1753143439209 0.03135 67
1753143474866 0.03081 68
1753143509768 0.03032 69
1753143545545 0.02986 70
1753143581178 0.02942 71
1753143616518 0.02899 72
1753143652109 0.02857 73
1753143687650 0.02822 74
1753143723318 0.02785 75
1753143758906 0.0275 76
1753143794751 0.02714 77
1753143830303 0.02686 78
1753143865883 0.02655 79
1753143901539 0.02624 80
1753143937158 0.02597 81
1753143973118 0.0257 82
1753144008874 0.02546 83
1753144044103 0.02522 84
1753144079563 0.02497 85
1753144115041 0.02474 86
1753144150244 0.02453 87
1753144185668 0.02433 88
1753144220869 0.02412 89
1753144256009 0.02394 90
1753144291201 0.02374 91
1753144326592 0.02357 92
1753144362626 0.02344 93
1753144398365 0.02322 94
1753144433939 0.02308 95
1753144469228 0.0229 96
1753144504533 0.02277 97
1753144540084 0.02265 98
1753144575527 0.0225 99
1753144611189 0.02239 100
1753144646440 0.02221 101
1753144682040 0.02208 102
1753144717332 0.02197 103
1753144752667 0.02187 104
1753144787916 0.02174 105
1753144823223 0.02165 106
1753144858652 0.02154 107
1753144893891 0.02144 108
1753144929689 0.02133 109
1753144965715 0.02121 110
1753145001056 0.02111 111
1753145036234 0.02102 112
1753145071900 0.02095 113
1753145107054 0.02086 114
1753145143350 0.02079 115
1753145178479 0.02072 116
1753145214157 0.02062 117
1753145249451 0.02056 118
1753145284879 0.02052 119
1753145320871 0.02042 120
1753145356321 0.02036 121
1753145391507 0.02028 122
1753145426634 0.02021 123
1753145462320 0.02017 124
1753145497651 0.0201 125
1753145533694 0.02003 126
1753145569319 0.01999 127
1753145604673 0.01996 128
1753145640001 0.01988 129
1753145675622 0.01982 130
1753145710855 0.01978 131
1753145746252 0.01971 132
1753145781695 0.01965 133
1753145816983 0.01963 134
1753145852422 0.01957 135
1753145887935 0.01954 136
1753145923001 0.01949 137
1753145958837 0.01946 138
1753145994170 0.01942 139
1753146029413 0.01936 140
1753146064828 0.01936 141
1753146100034 0.0193 142
1753146135517 0.01927 143
1753146170870 0.01922 144
1753146206278 0.01916 145
1753146241866 0.01915 146
1753146277605 0.01913 147
1753146313300 0.01909 148
1753146348515 0.01904 149
1753146383980 0.01902 150
1753146419571 0.01895 151
1753146455511 0.01892 152
1753146490890 0.01888 153
1753146526230 0.01887 154
1753146561965 0.01883 155
1753146597990 0.01881 156
1753146633082 0.01879 157
1753146668525 0.01878 158
1753146704318 0.01872 159
1753146740036 0.01871 160
1753146775792 0.01868 161
1753146811456 0.01865 162
1753146847418 0.01862 163
1753146884087 0.01861 164
1753146920189 0.0186 165
1753146955485 0.01857 166
1753146990938 0.01852 167
1753147026586 0.0185 168
1753147061743 0.0185 169
1753147097164 0.0185 170
1753147132521 0.01847 171
1753147168121 0.01845 172
1753147203932 0.01841 173
1753147239445 0.01837 174
1753147275203 0.01836 175
1753147310402 0.01837 176
1753147345624 0.01834 177
1753147380827 0.01831 178
1753147416713 0.01829 179
1753147452441 0.01828 180
1753147488050 0.01826 181
1753147524224 0.01824 182
1753147559253 0.01822 183
1753147594684 0.0182 184
1753147630257 0.01819 185
1753147665845 0.01817 186
1753147701068 0.01827 187
1753147736651 0.01818 188
1753147772032 0.01814 189
1753147808090 0.01811 190
1753147843579 0.01809 191
1753147878880 0.01809 192
1753147913907 0.01807 193
1753147949459 0.01804 194
1753147985188 0.01801 195
1753148020599 0.01804 196
1753148056407 0.01802 197
1753148092154 0.01799 198
1753148127605 0.01798 199
1753148162933 0.01796 200
1753148198952 0.01796 201
1753148234426 0.01795 202
1753148270175 0.01794 203
1753148306014 0.01795 204
1753148341210 0.0179 205
1753148376372 0.01787 206
1753148412078 0.01788 207
1753148447653 0.01788 208
1753148482927 0.01785 209
1753148518322 0.01783 210
1753148553745 0.01783 211
1753148589054 0.01781 212
1753148624250 0.01781 213
1753148659634 0.01778 214
1753148694729 0.01781 215
1753148729946 0.01778 216
1753148765925 0.01777 217
1753148801450 0.01775 218
1753148836741 0.01775 219
1753148872213 0.01772 220
1753148907867 0.01775 221
1753148943010 0.01774 222
1753148978430 0.0177 223
1753149014244 0.01769 224
1753149049743 0.01771 225
1753149086068 0.01767 226
1753149121399 0.01768 227
1753149157304 0.01765 228
1753149192792 0.01764 229
1753149228075 0.01764 230
1753149263305 0.01764 231
1753149299378 0.01762 232
1753149334763 0.0176 233
1753149370681 0.01762 234
1753149406077 0.0176 235
1753149441601 0.0176 236
1753149477393 0.01759 237
1753149512632 0.01758 238
1753149548124 0.01758 239
1753149583691 0.01756 240
1753149619427 0.01756 241
1753149654764 0.01755 242
1753149690426 0.01755 243
1753149726181 0.01752 244
1753149761548 0.01751 245
1753149796938 0.01752 246
1753149832542 0.01751 247
1753149868106 0.01747 248
1753149903740 0.01751 249
1753149939004 0.01748 250
1753149974340 0.01751 251
1753150009523 0.0175 252
1753150044801 0.01747 253
1753150080108 0.01746 254
1753150115381 0.01744 255
1753150150778 0.01745 256
1753150186420 0.01744 257
1753150222328 0.01744 258
1753150257729 0.01744 259
1753150293107 0.01744 260
1753150328486 0.01741 261
1753150363646 0.01743 262
1753150398922 0.01741 263
1753150434414 0.01742 264
1753150469913 0.01739 265
1753150505334 0.01739 266
1753150542151 0.01738 267
1753150577683 0.01738 268
1753150613018 0.01735 269
1753150648793 0.01739 270
1753150684353 0.01737 271
1753150719925 0.01737 272
1753150755630 0.01737 273
1753150790997 0.01736 274
1753150826402 0.01735 275
1753150861690 0.01734 276
1753150896800 0.01735 277
1753150932517 0.01733 278
1753150967679 0.01733 279
1753151003746 0.01733 280
1753151039271 0.01733 281
1753151074762 0.01731 282
1753151111046 0.01731 283
1753151146604 0.01731 284
1753151181838 0.01731 285
1753151217355 0.01729 286
1753151252772 0.01728 287
1753151287943 0.01727 288
1753151323177 0.01728 289
1753151358337 0.01728 290
1753151393589 0.01726 291
1753151429475 0.01727 292
1753151465079 0.01727 293
1753151500121 0.01727 294
1753151535867 0.01726 295
1753151571282 0.01726 296
1753151606672 0.01724 297
1753151642336 0.01726 298
1753151677825 0.01723 299
1753151713280 0.01722 300
