1753246107830 1.0 0
1753246129433 2.0 0
1753246151006 3.0 0
1753246173532 4.0 0
1753246194976 5.0 0
1753246216904 6.0 0
1753246239581 7.0 0
1753246261636 8.0 0
1753246283047 9.0 0
1753246304730 10.0 0
1753246326440 11.0 0
1753246347693 12.0 0
1753246369059 13.0 0
1753246390670 14.0 0
1753246412368 15.0 0
1753246434540 16.0 0
1753246456202 17.0 0
1753246478788 18.0 0
1753246522971 20.0 0
1753246545236 21.0 0
1753246588228 23.0 0
1753246610011 24.0 0
1753246631865 25.0 0
1753246653814 26.0 0
1753246696339 28.0 0
1753246717908 29.0 0
1753246760873 31.0 0
1753246890701 37.0 0
