1753246095699 0.40238 1
1753246117920 0.27193 2
1753246139438 0.18777 3
1753246160995 0.13097 4
1753246183451 0.09522 5
1753246205041 0.07264 6
1753246226893 0.05799 7
1753246249544 0.04817 8
1753246271557 0.04138 9
1753246293075 0.03652 10
1753246314575 0.03296 11
1753246336422 0.03028 12
1753246357664 0.02822 13
1753246378986 0.02662 14
1753246400680 0.02534 15
1753246422447 0.02428 16
1753246444641 0.02346 17
1753246466639 0.02275 18
1753246488861 0.02217 19
1753246511396 0.02166 20
1753246533035 0.02124 21
1753246555231 0.02089 22
1753246576639 0.02055 23
1753246598308 0.0203 24
1753246619916 0.02005 25
1753246641786 0.01985 26
1753246663631 0.01965 27
1753246685075 0.01948 28
1753246706230 0.01933 29
1753246727855 0.01919 30
1753246749538 0.01906 31
1753246771278 0.01897 32
1753246793080 0.01887 33
1753246814676 0.01879 34
1753246836125 0.01869 35
1753246857938 0.01862 36
1753246879423 0.01855 37
1753246900623 0.01849 38
1753246922179 0.01844 39
1753246943448 0.01838 40
1753246964909 0.01834 41
1753246986983 0.01829 42
1753247008644 0.01824 43
1753247030328 0.01821 44
1753247052439 0.01817 45
1753247073609 0.01814 46
1753247095075 0.01811 47
1753247116455 0.01808 48
1753247138136 0.01805 49
1753247159737 0.01802 50
1753247181755 0.01798 51
1753247203286 0.01798 52
1753247224828 0.01794 53
1753247246272 0.01793 54
1753247267998 0.01791 55
1753247289334 0.01789 56
1753247310863 0.01787 57
1753247332038 0.01785 58
1753247353486 0.01783 59
1753247375026 0.01782 60
1753247396363 0.0178 61
1753247417520 0.01778 62
1753247439083 0.01777 63
1753247460718 0.01776 64
1753247482225 0.01775 65
1753247503429 0.01773 66
1753247525129 0.01772 67
1753247547066 0.01772 68
1753247568438 0.0177 69
1753247589748 0.01768 70
1753247611336 0.01768 71
1753247633017 0.01766 72
1753247654612 0.01766 73
1753247676371 0.01765 74
1753247698076 0.01763 75
1753247719534 0.01764 76
1753247741671 0.01762 77
1753247762856 0.01761 78
1753247784203 0.0176 79
1753247805900 0.01759 80
1753247827090 0.0176 81
1753247848608 0.01758 82
1753247870079 0.01756 83
1753247891324 0.01756 84
1753247912522 0.01755 85
1753247933933 0.01755 86
1753247955512 0.01753 87
1753247977071 0.01753 88
1753247998294 0.01752 89
1753248020151 0.01751 90
1753248041563 0.01751 91
1753248062739 0.01751 92
1753248084230 0.01751 93
1753248105640 0.01749 94
1753248127124 0.01748 95
1753248148625 0.01748 96
1753248170042 0.01747 97
1753248191755 0.01748 98
1753248213026 0.01747 99
1753248234673 0.01745 100
1753248256383 0.01745 101
1753248278089 0.01745 102
1753248299630 0.01745 103
1753248321014 0.01744 104
1753248342598 0.01743 105
1753248363985 0.01744 106
1753248385825 0.01743 107
1753248407025 0.01742 108
1753248428519 0.01741 109
1753248450185 0.01739 110
1753248471577 0.01741 111
1753248493081 0.0174 112
1753248514596 0.01739 113
1753248535951 0.01739 114
1753248557705 0.01739 115
1753248579070 0.01739 116
1753248601098 0.01738 117
1753248622755 0.01736 118
1753248643954 0.01737 119
1753248665450 0.01736 120
1753248686652 0.01736 121
1753248708323 0.01736 122
1753248729634 0.01737 123
1753248751285 0.01734 124
1753248772840 0.01734 125
1753248794188 0.01734 126
1753248815793 0.01735 127
1753248837608 0.01734 128
1753248859024 0.01732 129
1753248880278 0.01732 130
1753248901841 0.01731 131
1753248923207 0.01732 132
1753248944682 0.01731 133
1753248966135 0.01731 134
1753248987479 0.01731 135
1753249009341 0.01729 136
1753249030933 0.01729 137
1753249052433 0.01729 138
1753249074318 0.01727 139
1753249095534 0.01728 140
1753249116877 0.01729 141
1753249138143 0.01727 142
1753249160181 0.01728 143
1753249181430 0.01728 144
1753249202790 0.01727 145
1753249224435 0.01726 146
1753249245663 0.01725 147
1753249267194 0.01724 148
1753249288447 0.01725 149
1753249309886 0.01725 150
1753249331460 0.01725 151
1753249352692 0.01726 152
1753249374361 0.01722 153
1753249395815 0.01724 154
1753249417180 0.01724 155
1753249438545 0.01723 156
1753249459770 0.01723 157
1753249482064 0.01723 158
1753249503466 0.01722 159
1753249524752 0.01723 160
1753249546251 0.01723 161
1753249567713 0.01722 162
1753249588926 0.01722 163
1753249610101 0.01721 164
1753249631570 0.01721 165
1753249653199 0.01721 166
1753249674510 0.0172 167
1753249695989 0.01721 168
1753249717616 0.01719 169
1753249739491 0.0172 170
1753249760927 0.0172 171
1753249782255 0.01719 172
1753249803903 0.01719 173
1753249825247 0.01717 174
1753249846695 0.01719 175
1753249868627 0.01718 176
1753249890044 0.01717 177
1753249911400 0.01716 178
1753249932697 0.01717 179
1753249953989 0.01718 180
1753249975612 0.01716 181
1753249997073 0.01717 182
1753250018830 0.01715 183
1753250040493 0.01715 184
1753250061977 0.01715 185
1753250083604 0.01715 186
1753250105252 0.01715 187
1753250127103 0.01715 188
1753250148634 0.01715 189
1753250170047 0.01714 190
1753250191842 0.01715 191
1753250213412 0.01714 192
1753250234925 0.01714 193
1753250257117 0.01714 194
1753250278529 0.01714 195
1753250300218 0.01714 196
1753250322260 0.01712 197
1753250343997 0.01712 198
1753250365458 0.01712 199
1753250387173 0.01712 200
1753250408538 0.01712 201
1753250430124 0.01711 202
1753250451699 0.01712 203
1753250473130 0.01711 204
1753250494469 0.01712 205
1753250516514 0.01712 206
1753250537973 0.01711 207
1753250559303 0.01709 208
1753250580720 0.01711 209
1753250602446 0.01709 210
1753250623939 0.0171 211
1753250645346 0.01709 212
1753250667175 0.0171 213
1753250689329 0.01709 214
1753250710654 0.01708 215
1753250732123 0.01709 216
1753250754060 0.01709 217
1753250775981 0.01709 218
1753250797434 0.01708 219
1753250818703 0.01707 220
1753250840390 0.01708 221
1753250861748 0.01707 222
1753250883279 0.01708 223
1753250905428 0.01706 224
1753250926891 0.01707 225
1753250948327 0.01707 226
1753250969750 0.01706 227
1753250991088 0.01705 228
1753251012914 0.01707 229
1753251034323 0.01706 230
1753251055822 0.01707 231
1753251077578 0.01705 232
1753251099089 0.01705 233
1753251120388 0.01704 234
1753251141706 0.01706 235
1753251163238 0.01704 236
1753251184890 0.01706 237
1753251206337 0.01705 238
1753251228551 0.01705 239
1753251250196 0.01704 240
1753251271749 0.01704 241
1753251293274 0.01703 242
1753251314644 0.01704 243
1753251336180 0.01704 244
1753251357407 0.01703 245
1753251378984 0.01704 246
1753251400737 0.01702 247
1753251422439 0.01703 248
1753251443905 0.01703 249
1753251465714 0.01704 250
1753251487559 0.01703 251
1753251509277 0.01702 252
1753251530498 0.01702 253
1753251551979 0.01702 254
1753251573591 0.01702 255
1753251595228 0.01701 256
1753251616454 0.01701 257
1753251637738 0.01702 258
1753251659312 0.01701 259
1753251680619 0.01701 260
1753251702218 0.01702 261
1753251724492 0.01702 262
1753251746025 0.017 263
1753251767616 0.017 264
1753251788897 0.017 265
1753251810157 0.01699 266
1753251831699 0.01701 267
1753251852976 0.017 268
1753251874656 0.017 269
1753251896321 0.01699 270
1753251917880 0.01699 271
1753251939110 0.017 272
1753251960728 0.01699 273
1753251982613 0.01698 274
1753252004286 0.01699 275
1753252025649 0.01699 276
1753252047294 0.01698 277
1753252068825 0.01698 278
1753252090252 0.01698 279
1753252111480 0.01698 280
1753252132825 0.01698 281
1753252154476 0.01696 282
1753252175742 0.01698 283
1753252197127 0.01699 284
1753252218623 0.01698 285
1753252239934 0.01699 286
1753252261306 0.01696 287
1753252282494 0.01698 288
1753252304143 0.01698 289
1753252325854 0.01697 290
1753252347398 0.01697 291
1753252368950 0.01699 292
1753252390587 0.01698 293
1753252412221 0.01696 294
1753252433911 0.01697 295
1753252455823 0.01696 296
1753252477503 0.01696 297
1753252499106 0.01696 298
1753252521062 0.01696 299
1753252542583 0.01696 300
