1753240143366 1.0 0
1753240158025 2.0 0
1753240173285 3.0 0
1753240188182 4.0 0
1753240202704 5.0 0
1753240217425 6.0 0
1753240232094 7.0 0
1753240246966 8.0 0
1753240261771 9.0 0
1753240276696 10.0 0
1753240291637 11.0 0
1753240306348 12.0 0
1753240321192 13.0 0
1753240335544 14.0 0
1753240350002 15.0 0
1753240364765 16.0 0
1753240379381 17.0 0
1753240394171 18.0 0
1753240408990 19.0 0
1753240423457 20.0 0
1753240438146 21.0 0
1753240452813 22.0 0
1753240467512 23.0 0
1753240482397 24.0 0
1753240496962 25.0 0
1753240511687 26.0 0
1753240526475 27.0 0
1753240541194 28.0 0
1753240556006 29.0 0
1753240570767 30.0 0
1753240585552 31.0 0
1753240600399 32.0 0
1753240615154 33.0 0
1753240630035 34.0 0
1753240644860 35.0 0
1753240659427 36.0 0
1753240674100 37.0 0
1753240688811 38.0 0
1753240703720 39.0 0
1753240718300 40.0 0
1753240733097 41.0 0
1753240747887 42.0 0
1753240762518 43.0 0
1753240777873 44.0 0
1753240792579 45.0 0
1753240807511 46.0 0
1753240822248 47.0 0
1753240851870 49.0 0
1753240866721 50.0 0
1753240895802 52.0 0
1753240910600 53.0 0
1753240939849 55.0 0
1753240954633 56.0 0
1753240984298 58.0 0
1753241013716 60.0 0
1753241042996 62.0 0
1753241175568 71.0 0
1753241190416 72.0 0
1753241293592 79.0 0
