1753240131266 0.57321 1
1753240146560 0.509 2
1753240161260 0.46142 3
1753240176499 0.41636 4
1753240191429 0.37607 5
1753240205848 0.34025 6
1753240220680 0.30767 7
1753240235329 0.27843 8
1753240250189 0.25204 9
1753240264954 0.22743 10
1753240279852 0.2039 11
1753240294775 0.18372 12
1753240309554 0.16645 13
1753240324303 0.15107 14
1753240338671 0.13753 15
1753240353164 0.12557 16
1753240367982 0.1148 17
1753240382594 0.10521 18
1753240397354 0.09672 19
1753240412118 0.08917 20
1753240426610 0.0822 21
1753240441308 0.07612 22
1753240455901 0.07056 23
1753240470692 0.06561 24
1753240485621 0.06126 25
1753240500187 0.05733 26
1753240514902 0.0539 27
1753240529609 0.05085 28
1753240544406 0.04806 29
1753240559182 0.04568 30
1753240574008 0.04352 31
1753240588821 0.0415 32
1753240603652 0.03979 33
1753240618365 0.03814 34
1753240633284 0.03669 35
1753240648063 0.03542 36
1753240662626 0.03426 37
1753240677337 0.03315 38
1753240691978 0.03196 39
1753240706943 0.03016 40
1753240721476 0.02803 41
1753240736331 0.0269 42
1753240751105 0.02624 43
1753240766166 0.02573 44
1753240781082 0.02535 45
1753240796061 0.02503 46
1753240810723 0.0247 47
1753240825477 0.02439 48
1753240840252 0.02411 49
1753240855071 0.02386 50
1753240869837 0.02362 51
1753240884297 0.02339 52
1753240898983 0.02317 53
1753240913699 0.02298 54
1753240928408 0.0228 55
1753240943102 0.02261 56
1753240957832 0.02242 57
1753240972904 0.02228 58
1753240987456 0.02212 59
1753241002116 0.02199 60
1753241016837 0.0218 61
1753241031404 0.02163 62
1753241046130 0.02153 63
1753241060942 0.0214 64
1753241075842 0.02129 65
1753241090533 0.02118 66
1753241105051 0.02109 67
1753241119862 0.02095 68
1753241134614 0.02086 69
1753241149527 0.02076 70
1753241164077 0.02062 71
1753241178827 0.0206 72
1753241193582 0.02048 73
1753241208212 0.02039 74
1753241222957 0.02029 75
1753241237787 0.02024 76
1753241252468 0.02013 77
1753241267149 0.02008 78
1753241281829 0.02003 79
1753241296809 0.01995 80
1753241311686 0.01989 81
1753241326278 0.01984 82
1753241340975 0.01978 83
1753241355973 0.01969 84
1753241370852 0.01964 85
1753241385637 0.0196 86
1753241400287 0.01951 87
1753241415183 0.01947 88
1753241430007 0.01945 89
1753241444768 0.01937 90
1753241459546 0.01932 91
1753241474368 0.0193 92
1753241489012 0.01928 93
1753241503723 0.01924 94
1753241518551 0.01919 95
1753241533557 0.01913 96
1753241548274 0.01907 97
1753241562876 0.01904 98
1753241577730 0.01902 99
1753241592420 0.01898 100
1753241607157 0.01895 101
1753241621763 0.01889 102
1753241636489 0.01883 103
1753241651242 0.01882 104
1753241666044 0.01883 105
1753241681123 0.01882 106
1753241695749 0.01873 107
1753241710582 0.0187 108
1753241725402 0.0187 109
1753241740338 0.01864 110
1753241755086 0.01864 111
1753241769936 0.01859 112
1753241784608 0.01857 113
1753241799412 0.01857 114
1753241814208 0.01851 115
1753241828981 0.01849 116
1753241843720 0.01849 117
1753241858477 0.01847 118
1753241873227 0.01842 119
1753241887896 0.01839 120
1753241902529 0.01839 121
1753241917018 0.01837 122
1753241931640 0.01835 123
1753241946264 0.01829 124
1753241961317 0.01827 125
1753241976286 0.01826 126
1753241991002 0.01824 127
1753242005826 0.01823 128
1753242020446 0.01822 129
1753242035224 0.0182 130
1753242049992 0.01818 131
1753242064700 0.01817 132
1753242079376 0.01816 133
1753242094106 0.01815 134
1753242108924 0.01809 135
1753242123592 0.01806 136
1753242138051 0.01808 137
1753242152636 0.01807 138
1753242167366 0.01803 139
1753242182166 0.01802 140
1753242196887 0.01798 141
1753242211685 0.01797 142
1753242226408 0.01797 143
1753242241137 0.01797 144
1753242255981 0.01795 145
1753242270811 0.01791 146
1753242285306 0.01789 147
1753242299967 0.01787 148
1753242314717 0.01789 149
1753242329341 0.01787 150
1753242344169 0.01786 151
1753242358729 0.01785 152
1753242373426 0.01782 153
1753242388353 0.01779 154
1753242403169 0.01781 155
1753242417869 0.01779 156
1753242432724 0.01776 157
1753242447333 0.01779 158
1753242461996 0.01775 159
1753242476777 0.01772 160
1753242491542 0.01771 161
1753242506164 0.01771 162
1753242520963 0.01769 163
1753242535613 0.01766 164
1753242550618 0.01767 165
1753242565622 0.0177 166
1753242580322 0.01768 167
1753242595026 0.01765 168
1753242609968 0.01764 169
1753242624790 0.01761 170
1753242639537 0.01759 171
1753242654064 0.01761 172
1753242668703 0.01761 173
1753242683390 0.01759 174
1753242698054 0.01758 175
1753242712880 0.01758 176
1753242727634 0.01757 177
1753242742153 0.01753 178
1753242756812 0.01755 179
1753242771591 0.01755 180
1753242786372 0.01754 181
1753242800995 0.01751 182
1753242815628 0.01749 183
1753242830256 0.01749 184
1753242844921 0.01748 185
1753242859641 0.0175 186
1753242874385 0.01748 187
1753242889065 0.01745 188
1753242903819 0.01746 189
1753242918578 0.01743 190
1753242933355 0.01743 191
1753242948144 0.01743 192
1753242962705 0.01745 193
1753242977395 0.01743 194
1753242992322 0.01742 195
1753243007101 0.01742 196
1753243021984 0.01739 197
1753243037190 0.01737 198
1753243051808 0.01736 199
1753243066428 0.01737 200
1753243081146 0.01738 201
1753243095950 0.01734 202
1753243110346 0.01735 203
1753243125093 0.01731 204
1753243139847 0.01731 205
1753243154707 0.01734 206
1753243169734 0.0173 207
1753243184374 0.01732 208
1753243199020 0.01732 209
1753243213782 0.01729 210
1753243228595 0.0173 211
1753243243451 0.01726 212
1753243258343 0.01728 213
1753243273003 0.01726 214
1753243287758 0.01725 215
1753243302574 0.01724 216
1753243317172 0.01725 217
1753243331768 0.01723 218
1753243346525 0.01723 219
1753243361340 0.01723 220
1753243376107 0.01724 221
1753243390839 0.0172 222
1753243405321 0.01718 223
1753243419981 0.0172 224
1753243434410 0.01717 225
1753243449196 0.01718 226
1753243463965 0.0172 227
1753243478716 0.01719 228
1753243493473 0.0172 229
1753243508168 0.01716 230
1753243522913 0.01715 231
1753243537729 0.01715 232
1753243552255 0.01718 233
1753243567000 0.01717 234
1753243581713 0.01714 235
1753243596374 0.01713 236
1753243610877 0.01715 237
1753243625632 0.01714 238
1753243640257 0.01715 239
1753243655022 0.01712 240
1753243669829 0.01712 241
1753243684449 0.0171 242
1753243699262 0.01712 243
1753243713969 0.01711 244
1753243728768 0.01708 245
1753243743851 0.01707 246
1753243758659 0.01707 247
1753243773168 0.01709 248
1753243787789 0.01708 249
1753243802319 0.0171 250
1753243817227 0.01708 251
1753243831879 0.01707 252
1753243846581 0.01707 253
1753243861313 0.01706 254
1753243876041 0.01705 255
1753243890738 0.01705 256
1753243905250 0.01704 257
1753243920109 0.01704 258
1753243934786 0.01702 259
1753243949278 0.01702 260
1753243964148 0.01704 261
1753243978938 0.01706 262
1753243993540 0.01703 263
1753244008197 0.01701 264
1753244022949 0.01702 265
1753244037628 0.01703 266
1753244052260 0.01701 267
1753244066988 0.01701 268
1753244081578 0.017 269
1753244096280 0.017 270
1753244110995 0.01698 271
1753244125522 0.01698 272
1753244140469 0.01699 273
1753244155378 0.01697 274
1753244169764 0.01699 275
1753244184588 0.01698 276
1753244199233 0.01699 277
1753244213998 0.01696 278
1753244228726 0.01698 279
1753244243547 0.01697 280
1753244258278 0.01695 281
1753244272921 0.01697 282
1753244287556 0.01695 283
1753244302228 0.01695 284
1753244317002 0.01694 285
1753244331700 0.01695 286
1753244346591 0.01694 287
1753244361699 0.01697 288
1753244376420 0.01696 289
1753244390866 0.01691 290
1753244405619 0.01692 291
1753244420366 0.01694 292
1753244434880 0.01692 293
1753244449742 0.01693 294
1753244464473 0.01691 295
1753244479303 0.01692 296
1753244494057 0.0169 297
1753244508807 0.01691 298
1753244523404 0.01689 299
1753244538194 0.01687 300
