1753338107134 1.0 0
1753338126782 2.0 0
1753338146358 3.0 0
1753338165754 4.0 0
1753338185064 5.0 0
1753338204415 6.0 0
1753338223572 7.0 0
1753338243033 8.0 0
1753338262730 9.0 0
1753338282334 10.0 0
1753338302898 11.0 0
1753338322418 12.0 0
1753338342478 13.0 0
1753338362897 14.0 0
1753338382826 15.0 0
1753338403399 16.0 0
1753338423259 17.0 0
1753338443854 18.0 0
1753338464214 19.0 0
1753338484241 20.0 0
1753338504395 21.0 0
1753338544265 23.0 0
1753338564510 24.0 0
1753338584467 25.0 0
1753338604492 26.0 0
1753338624606 27.0 0
1753338644597 28.0 0
1753338664640 29.0 0
1753338685026 30.0 0
1753338704853 31.0 0
1753338724997 32.0 0
1753338744919 33.0 0
1753338784882 35.0 0
1753338805188 36.0 0
1753338825152 37.0 0
1753338845584 38.0 0
1753338865548 39.0 0
1753338884950 40.0 0
1753339005632 46.0 0
1753339067220 49.0 0
1753339168768 54.0 0
1753339270142 59.0 0
