1753338092240 0.49926 1
1753338112983 0.37481 2
1753338132602 0.30889 3
1753338152339 0.25526 4
1753338171587 0.21072 5
1753338190958 0.17451 6
1753338210292 0.14538 7
1753338229480 0.1223 8
1753338248938 0.10402 9
1753338268536 0.08965 10
1753338288174 0.07817 11
1753338308721 0.06902 12
1753338328283 0.0614 13
1753338348264 0.05399 14
1753338368765 0.04884 15
1753338388547 0.04487 16
1753338409183 0.0415 17
1753338429050 0.03879 18
1753338449747 0.03645 19
1753338470004 0.03445 20
1753338490003 0.03278 21
1753338510210 0.03145 22
1753338530318 0.03013 23
1753338550019 0.02901 24
1753338570219 0.02813 25
1753338590316 0.02721 26
1753338610264 0.02647 27
1753338630320 0.02585 28
1753338650470 0.0253 29
1753338670394 0.02476 30
1753338690766 0.02428 31
1753338710618 0.02389 32
1753338730734 0.02348 33
1753338750676 0.02307 34
1753338770372 0.02281 35
1753338790645 0.02246 36
1753338810966 0.02224 37
1753338830911 0.02195 38
1753338851454 0.02174 39
1753338871324 0.02151 40
1753338890722 0.02135 41
1753338911383 0.02114 42
1753338931102 0.02099 43
1753338950494 0.02081 44
1753338971180 0.0207 45
1753338991233 0.02056 46
1753339011458 0.02046 47
1753339031882 0.02027 48
1753339052711 0.02016 49
1753339073049 0.02005 50
1753339093011 0.01994 51
1753339114042 0.0199 52
1753339134364 0.01976 53
1753339154382 0.01967 54
1753339174644 0.01963 55
1753339195009 0.01955 56
1753339215240 0.01947 57
1753339235134 0.01944 58
1753339255709 0.0193 59
1753339276029 0.01925 60
1753339296096 0.0192 61
1753339316661 0.01916 62
1753339337070 0.0191 63
1753339356658 0.01905 64
1753339376996 0.01896 65
1753339396772 0.01892 66
1753339416583 0.0189 67
1753339437024 0.0189 68
1753339456822 0.01872 69
1753339476621 0.01867 70
1753339496595 0.01862 71
1753339516444 0.01856 72
1753339536467 0.01858 73
1753339556381 0.01855 74
1753339577105 0.01855 75
1753339596563 0.01855 76
1753339616402 0.01849 77
1753339636492 0.01847 78
1753339656182 0.01845 79
1753339676502 0.01845 80
1753339696558 0.01847 81
1753339716825 0.01846 82
1753339736691 0.01844 83
1753339757166 0.01844 84
1753339777564 0.01843 85
1753339797826 0.0184 86
1753339818029 0.01846 87
1753339838366 0.01841 88
1753339857858 0.0184 89
1753339877990 0.01842 90
1753339898432 0.0184 91
1753339918223 0.01845 92
1753339938045 0.0184 93
1753339957828 0.01843 94
1753339978171 0.01843 95
1753339998309 0.01843 96
1753340018361 0.01843 97
1753340039136 0.01842 98
1753340059208 0.01842 99
1753340079742 0.01845 100
1753340099825 0.01839 101
1753340119856 0.01842 102
1753340139869 0.01841 103
1753340159645 0.01842 104
1753340179863 0.0184 105
1753340200035 0.01841 106
1753340219950 0.0184 107
1753340240281 0.01843 108
1753340260474 0.01841 109
1753340280102 0.01843 110
1753340300249 0.01842 111
1753340320460 0.01838 112
1753340340540 0.01839 113
1753340360626 0.01841 114
1753340380722 0.01841 115
1753340401544 0.01841 116
1753340422007 0.01841 117
1753340441972 0.01842 118
1753340462060 0.01839 119
1753340482529 0.01842 120
1753340502214 0.0184 121
1753340522220 0.01842 122
1753340542328 0.0184 123
1753340562609 0.01843 124
1753340583013 0.01842 125
1753340602594 0.01839 126
1753340622828 0.01842 127
1753340642905 0.01841 128
1753340662914 0.01841 129
1753340682803 0.01842 130
1753340702847 0.01842 131
1753340723055 0.0184 132
1753340743296 0.0184 133
1753340763191 0.01843 134
1753340783361 0.01841 135
1753340803568 0.01839 136
1753340823766 0.01842 137
1753340843768 0.01841 138
1753340864365 0.01841 139
1753340884595 0.01842 140
1753340904647 0.01843 141
1753340925165 0.01839 142
1753340945291 0.01842 143
1753340965673 0.0184 144
1753340985185 0.0184 145
1753341005262 0.01841 146
1753341024953 0.01841 147
1753341045124 0.01843 148
1753341065652 0.0184 149
1753341086089 0.01842 150
1753341106082 0.01841 151
1753341126379 0.01839 152
1753341146676 0.01842 153
1753341166926 0.01842 154
1753341186869 0.0184 155
1753341207001 0.01843 156
1753341227467 0.01842 157
1753341247862 0.01843 158
1753341267624 0.01839 159
1753341287747 0.01841 160
1753341308110 0.01841 161
1753341328224 0.01842 162
1753341348197 0.0184 163
1753341368429 0.01841 164
1753341388469 0.01841 165
1753341408648 0.0184 166
1753341428697 0.01841 167
1753341448513 0.01841 168
1753341468579 0.01842 169
1753341488708 0.01841 170
1753341509394 0.01837 171
1753341529276 0.0184 172
1753341549493 0.0184 173
1753341569397 0.0184 174
1753341589379 0.01841 175
1753341609982 0.01841 176
1753341630057 0.0184 177
1753341650058 0.0184 178
1753341670000 0.01841 179
1753341689773 0.01837 180
1753341709754 0.0184 181
1753341730383 0.0184 182
1753341750271 0.01838 183
1753341770744 0.01841 184
1753341790848 0.01837 185
1753341810930 0.01838 186
1753341831292 0.01837 187
1753341851384 0.01839 188
1753341871194 0.01841 189
1753341891513 0.01839 190
1753341911524 0.01841 191
1753341931738 0.01836 192
1753341952336 0.01841 193
1753341972365 0.01841 194
1753341992283 0.01839 195
1753342012404 0.0184 196
1753342032466 0.01838 197
1753342052729 0.01838 198
1753342072465 0.01838 199
1753342092216 0.01839 200
1753342112236 0.01842 201
1753342132381 0.01839 202
1753342152618 0.01838 203
1753342172914 0.01839 204
1753342193055 0.0184 205
1753342212798 0.01839 206
1753342232751 0.01838 207
1753342253018 0.0184 208
1753342273042 0.01839 209
1753342293302 0.0184 210
1753342313507 0.01841 211
1753342333079 0.01838 212
1753342353085 0.01838 213
1753342373165 0.01837 214
1753342393311 0.0184 215
1753342413520 0.01838 216
1753342434208 0.01838 217
1753342454319 0.01839 218
1753342474620 0.01838 219
1753342494482 0.01835 220
1753342514380 0.01838 221
1753342534820 0.01837 222
1753342554896 0.01836 223
1753342574842 0.01837 224
1753342595553 0.01838 225
1753342615770 0.01837 226
1753342635861 0.01839 227
1753342656047 0.0184 228
1753342676679 0.01837 229
1753342697111 0.01837 230
1753342717354 0.01837 231
1753342738105 0.01836 232
1753342758160 0.01837 233
1753342778607 0.01838 234
1753342798563 0.01839 235
1753342818683 0.0184 236
1753342838818 0.01837 237
1753342858918 0.01841 238
1753342878889 0.01836 239
1753342899000 0.01839 240
1753342918741 0.01841 241
1753342938822 0.01836 242
1753342958519 0.01837 243
1753342979263 0.01836 244
1753342999728 0.01841 245
1753343019907 0.01839 246
1753343039980 0.01836 247
1753343060491 0.01836 248
1753343080726 0.01838 249
1753343100943 0.01838 250
1753343121114 0.01836 251
1753343141829 0.01839 252
1753343161333 0.01836 253
1753343181175 0.01835 254
1753343201751 0.01837 255
1753343221789 0.01839 256
1753343241985 0.01838 257
1753343262001 0.01837 258
1753343281825 0.01836 259
1753343302026 0.01837 260
1753343322320 0.01839 261
1753343342482 0.01836 262
1753343362398 0.01837 263
1753343382884 0.01834 264
1753343403126 0.01836 265
1753343423242 0.01838 266
1753343443493 0.01839 267
1753343463239 0.01838 268
1753343483403 0.01838 269
1753343503773 0.01841 270
1753343523490 0.01837 271
1753343543550 0.01836 272
1753343564116 0.01835 273
1753343584370 0.01835 274
1753343604510 0.01838 275
1753343624986 0.01837 276
1753343645500 0.01836 277
1753343665889 0.01836 278
1753343685874 0.01836 279
1753343705871 0.01837 280
1753343726018 0.01835 281
1753343746008 0.01834 282
1753343766281 0.01835 283
1753343786819 0.01835 284
1753343807278 0.01837 285
1753343827490 0.01837 286
1753343847766 0.01836 287
1753343868146 0.01836 288
1753343888013 0.01835 289
1753343908330 0.01834 290
1753343928689 0.01837 291
1753343948714 0.01835 292
1753343968636 0.01834 293
1753343988959 0.01835 294
1753344008703 0.01834 295
1753344028850 0.01836 296
1753344048699 0.01836 297
1753344068506 0.01837 298
1753344088509 0.01833 299
1753344108727 0.01832 300
