1753338107140 0.0010000000474974513 1
1753338126788 0.0010000000474974513 2
1753338146364 0.0010000000474974513 3
1753338165758 0.0010000000474974513 4
1753338185069 0.0010000000474974513 5
1753338204419 0.0010000000474974513 6
1753338223576 0.0010000000474974513 7
1753338243036 0.0010000000474974513 8
1753338262734 0.0010000000474974513 9
1753338282338 0.0010000000474974513 10
1753338302902 0.0010000000474974513 11
1753338322422 0.0010000000474974513 12
1753338342481 0.0010000000474974513 13
1753338362901 0.0010000000474974513 14
1753338382829 0.0010000000474974513 15
1753338403403 0.0010000000474974513 16
1753338423263 0.0010000000474974513 17
1753338443858 0.0010000000474974513 18
1753338464218 0.0010000000474974513 19
1753338484246 0.0010000000474974513 20
1753338504398 0.0010000000474974513 21
1753338524562 0.0010000000474974513 22
1753338544269 0.0010000000474974513 23
1753338564514 0.0010000000474974513 24
1753338584471 0.0010000000474974513 25
1753338604496 0.0010000000474974513 26
1753338624611 0.0010000000474974513 27
1753338644602 0.0010000000474974513 28
1753338664643 0.0010000000474974513 29
1753338685030 0.0010000000474974513 30
1753338704857 0.0010000000474974513 31
1753338725001 0.0010000000474974513 32
1753338744922 0.0010000000474974513 33
1753338764642 0.0010000000474974513 34
1753338784886 0.0010000000474974513 35
1753338805192 0.0010000000474974513 36
1753338825156 0.0010000000474974513 37
1753338845589 0.0010000000474974513 38
1753338865552 0.0010000000474974513 39
1753338884954 0.0010000000474974513 40
1753338905499 0.0010000000474974513 41
1753338925261 0.0010000000474974513 42
1753338944735 0.0010000000474974513 43
1753338965305 0.0010000000474974513 44
1753338985435 0.0010000000474974513 45
1753339005636 0.0010000000474974513 46
1753339026021 0.0010000000474974513 47
1753339046890 0.0010000000474974513 48
1753339067224 0.0010000000474974513 49
1753339087233 0.0010000000474974513 50
1753339108185 0.0010000000474974513 51
1753339128522 0.0010000000474974513 52
1753339148620 0.0010000000474974513 53
1753339168771 0.0010000000474974513 54
1753339189169 0.0010000000474974513 55
1753339209455 0.0010000000474974513 56
1753339229361 0.0010000000474974513 57
1753339249819 0.0010000000474974513 58
1753339270146 0.0010000000474974513 59
1753339290216 0.0010000000474974513 60
1753339310900 0.0010000000474974513 61
1753339331212 0.0010000000474974513 62
1753339350864 0.0010000000474974513 63
1753339371162 0.0010000000474974513 64
1753339390973 0.0010000000474974513 65
1753339410779 0.0010000000474974513 66
1753339431176 0.0010000000474974513 67
1753339450945 0.00020000000949949026 68
1753339470728 0.00020000000949949026 69
1753339490763 0.00020000000949949026 70
1753339510561 0.00020000000949949026 71
1753339530622 0.00020000000949949026 72
1753339550622 0.00020000000949949026 73
1753339571235 0.00020000000949949026 74
1753339590797 0.00020000000949949026 75
1753339610579 0.00020000000949949026 76
1753339630631 4.0000002627493814e-05 77
1753339650413 4.0000002627493814e-05 78
1753339670771 4.0000002627493814e-05 79
1753339690823 4.0000002627493814e-05 80
1753339710958 4.0000002627493814e-05 81
1753339730790 4.0000002627493814e-05 82
1753339751362 4.0000002627493814e-05 83
1753339771711 4.0000002627493814e-05 84
1753339792029 4.0000002627493814e-05 85
1753339812226 8.000000889296643e-06 86
1753339832527 8.000000889296643e-06 87
1753339852021 8.000000889296643e-06 88
1753339872241 8.000000889296643e-06 89
1753339892573 8.000000889296643e-06 90
1753339912476 8.000000889296643e-06 91
1753339932192 8.000000889296643e-06 92
1753339952125 8.000000889296643e-06 93
1753339972372 8.000000889296643e-06 94
1753339992472 1.6000001323845936e-06 95
1753340012503 1.6000001323845936e-06 96
1753340033252 1.6000001323845936e-06 97
1753340053308 1.6000001323845936e-06 98
1753340073968 1.6000001323845936e-06 99
1753340094036 1.6000001323845936e-06 100
1753340114143 1.6000001323845936e-06 101
1753340134133 1.6000001323845936e-06 102
1753340153795 1.6000001323845936e-06 103
1753340174020 9.999999974752427e-07 104
1753340194149 9.999999974752427e-07 105
1753340214098 9.999999974752427e-07 106
1753340234416 9.999999974752427e-07 107
1753340254673 9.999999974752427e-07 108
1753340274249 9.999999974752427e-07 109
1753340294393 9.999999974752427e-07 110
1753340314617 9.999999974752427e-07 111
1753340334710 9.999999974752427e-07 112
1753340354754 9.999999974752427e-07 113
1753340374913 9.999999974752427e-07 114
1753340395765 9.999999974752427e-07 115
1753340416160 9.999999974752427e-07 116
1753340436199 9.999999974752427e-07 117
1753340456184 9.999999974752427e-07 118
1753340476743 9.999999974752427e-07 119
1753340496430 9.999999974752427e-07 120
1753340516379 9.999999974752427e-07 121
1753340536534 9.999999974752427e-07 122
1753340556763 9.999999974752427e-07 123
1753340577189 9.999999974752427e-07 124
1753340596822 9.999999974752427e-07 125
1753340616960 9.999999974752427e-07 126
1753340637043 9.999999974752427e-07 127
1753340657026 9.999999974752427e-07 128
1753340676922 9.999999974752427e-07 129
1753340696951 9.999999974752427e-07 130
1753340717241 9.999999974752427e-07 131
1753340737447 9.999999974752427e-07 132
1753340757346 9.999999974752427e-07 133
1753340777558 9.999999974752427e-07 134
1753340797696 9.999999974752427e-07 135
1753340817921 9.999999974752427e-07 136
1753340837961 9.999999974752427e-07 137
1753340858596 9.999999974752427e-07 138
1753340878736 9.999999974752427e-07 139
1753340898869 9.999999974752427e-07 140
1753340919401 9.999999974752427e-07 141
1753340939461 9.999999974752427e-07 142
1753340959864 9.999999974752427e-07 143
1753340979325 9.999999974752427e-07 144
1753340999406 9.999999974752427e-07 145
1753341019081 9.999999974752427e-07 146
1753341039260 9.999999974752427e-07 147
1753341059785 9.999999974752427e-07 148
1753341080297 9.999999974752427e-07 149
1753341100273 9.999999974752427e-07 150
1753341120587 9.999999974752427e-07 151
1753341140904 9.999999974752427e-07 152
1753341161158 9.999999974752427e-07 153
1753341181109 9.999999974752427e-07 154
1753341201119 9.999999974752427e-07 155
1753341221583 9.999999974752427e-07 156
1753341242020 9.999999974752427e-07 157
1753341261846 9.999999974752427e-07 158
1753341281936 9.999999974752427e-07 159
1753341302328 9.999999974752427e-07 160
1753341322400 9.999999974752427e-07 161
1753341342367 9.999999974752427e-07 162
1753341362636 9.999999974752427e-07 163
1753341382680 9.999999974752427e-07 164
1753341402869 9.999999974752427e-07 165
1753341422864 9.999999974752427e-07 166
1753341442661 9.999999974752427e-07 167
1753341462740 9.999999974752427e-07 168
1753341482902 9.999999974752427e-07 169
1753341503535 9.999999974752427e-07 170
1753341523459 9.999999974752427e-07 171
1753341543681 9.999999974752427e-07 172
1753341563600 9.999999974752427e-07 173
1753341583577 9.999999974752427e-07 174
1753341604211 9.999999974752427e-07 175
1753341624184 9.999999974752427e-07 176
1753341644214 9.999999974752427e-07 177
1753341664183 9.999999974752427e-07 178
1753341683970 9.999999974752427e-07 179
1753341703962 9.999999974752427e-07 180
1753341724574 9.999999974752427e-07 181
1753341744515 9.999999974752427e-07 182
1753341764951 9.999999974752427e-07 183
1753341784970 9.999999974752427e-07 184
1753341805145 9.999999974752427e-07 185
1753341825452 9.999999974752427e-07 186
1753341845565 9.999999974752427e-07 187
1753341865442 9.999999974752427e-07 188
1753341885644 9.999999974752427e-07 189
1753341905657 9.999999974752427e-07 190
1753341925900 9.999999974752427e-07 191
1753341946524 9.999999974752427e-07 192
1753341966584 9.999999974752427e-07 193
1753341986502 9.999999974752427e-07 194
1753342006608 9.999999974752427e-07 195
1753342026671 9.999999974752427e-07 196
1753342046856 9.999999974752427e-07 197
1753342066719 9.999999974752427e-07 198
1753342086463 9.999999974752427e-07 199
1753342106380 9.999999974752427e-07 200
1753342126492 9.999999974752427e-07 201
1753342146759 9.999999974752427e-07 202
1753342167059 9.999999974752427e-07 203
1753342187177 9.999999974752427e-07 204
1753342206929 9.999999974752427e-07 205
1753342226914 9.999999974752427e-07 206
1753342247216 9.999999974752427e-07 207
1753342267219 9.999999974752427e-07 208
1753342287422 9.999999974752427e-07 209
1753342307699 9.999999974752427e-07 210
1753342327267 9.999999974752427e-07 211
1753342347284 9.999999974752427e-07 212
1753342367383 9.999999974752427e-07 213
1753342387531 9.999999974752427e-07 214
1753342407720 9.999999974752427e-07 215
1753342428384 9.999999974752427e-07 216
1753342448501 9.999999974752427e-07 217
1753342468801 9.999999974752427e-07 218
1753342488647 9.999999974752427e-07 219
1753342508496 9.999999974752427e-07 220
1753342528954 9.999999974752427e-07 221
1753342549031 9.999999974752427e-07 222
1753342569001 9.999999974752427e-07 223
1753342589675 9.999999974752427e-07 224
1753342609988 9.999999974752427e-07 225
1753342630083 9.999999974752427e-07 226
1753342650221 9.999999974752427e-07 227
1753342670890 9.999999974752427e-07 228
1753342691308 9.999999974752427e-07 229
1753342711478 9.999999974752427e-07 230
1753342732257 9.999999974752427e-07 231
1753342752317 9.999999974752427e-07 232
1753342772740 9.999999974752427e-07 233
1753342792798 9.999999974752427e-07 234
1753342812838 9.999999974752427e-07 235
1753342832983 9.999999974752427e-07 236
1753342853064 9.999999974752427e-07 237
1753342873101 9.999999974752427e-07 238
1753342893177 9.999999974752427e-07 239
1753342912915 9.999999974752427e-07 240
1753342932994 9.999999974752427e-07 241
1753342952729 9.999999974752427e-07 242
1753342973447 9.999999974752427e-07 243
1753342993941 9.999999974752427e-07 244
1753343014112 9.999999974752427e-07 245
1753343034158 9.999999974752427e-07 246
1753343054652 9.999999974752427e-07 247
1753343074883 9.999999974752427e-07 248
1753343095007 9.999999974752427e-07 249
1753343115236 9.999999974752427e-07 250
1753343135943 9.999999974752427e-07 251
1753343155525 9.999999974752427e-07 252
1753343175366 9.999999974752427e-07 253
1753343195985 9.999999974752427e-07 254
1753343215946 9.999999974752427e-07 255
1753343236126 9.999999974752427e-07 256
1753343256180 9.999999974752427e-07 257
1753343275980 9.999999974752427e-07 258
1753343296155 9.999999974752427e-07 259
1753343316485 9.999999974752427e-07 260
1753343336684 9.999999974752427e-07 261
1753343356535 9.999999974752427e-07 262
1753343376998 9.999999974752427e-07 263
1753343397269 9.999999974752427e-07 264
1753343417418 9.999999974752427e-07 265
1753343437734 9.999999974752427e-07 266
1753343457424 9.999999974752427e-07 267
1753343477545 9.999999974752427e-07 268
1753343498007 9.999999974752427e-07 269
1753343517683 9.999999974752427e-07 270
1753343537799 9.999999974752427e-07 271
1753343558245 9.999999974752427e-07 272
1753343578603 9.999999974752427e-07 273
1753343598712 9.999999974752427e-07 274
1753343619219 9.999999974752427e-07 275
1753343639709 9.999999974752427e-07 276
1753343660062 9.999999974752427e-07 277
1753343680077 9.999999974752427e-07 278
1753343700050 9.999999974752427e-07 279
1753343720193 9.999999974752427e-07 280
1753343740280 9.999999974752427e-07 281
1753343760470 9.999999974752427e-07 282
1753343781082 9.999999974752427e-07 283
1753343801435 9.999999974752427e-07 284
1753343821686 9.999999974752427e-07 285
1753343841917 9.999999974752427e-07 286
1753343862387 9.999999974752427e-07 287
1753343882219 9.999999974752427e-07 288
1753343902467 9.999999974752427e-07 289
1753343922871 9.999999974752427e-07 290
1753343942930 9.999999974752427e-07 291
1753343962871 9.999999974752427e-07 292
1753343983167 9.999999974752427e-07 293
1753344002911 9.999999974752427e-07 294
1753344022964 9.999999974752427e-07 295
1753344042827 9.999999974752427e-07 296
1753344062658 9.999999974752427e-07 297
1753344082747 9.999999974752427e-07 298
1753344102915 9.999999974752427e-07 299
1753344122909 9.999999974752427e-07 300
