1753251221238 1.0 0
1753251239245 2.0 0
1753251256835 3.0 0
1753251274553 4.0 0
1753251292757 5.0 0
1753251311002 6.0 0
1753251328890 7.0 0
1753251347431 8.0 0
1753251366034 9.0 0
1753251383935 10.0 0
1753251401848 11.0 0
1753251420122 12.0 0
1753251438311 13.0 0
1753251456779 14.0 0
1753251475217 15.0 0
1753251493279 16.0 0
1753251511730 17.0 0
1753251530111 18.0 0
1753251548607 19.0 0
1753251585221 21.0 0
1753251602788 22.0 0
1753251621667 23.0 0
1753251640352 24.0 0
1753251658309 25.0 0
1753251676292 26.0 0
1753251694892 27.0 0
1753251712943 28.0 0
1753251731392 29.0 0
1753251749144 30.0 0
1753251767257 31.0 0
1753251786013 32.0 0
1753251803785 33.0 0
1753251822025 34.0 0
1753251841023 35.0 0
1753251859719 36.0 0
1753251877529 37.0 0
1753251896541 38.0 0
1753251914695 39.0 0
1753251932618 40.0 0
1753251950531 41.0 0
1753251968115 42.0 0
1753251986309 43.0 0
1753252005074 44.0 0
1753252023438 45.0 0
1753252041354 46.0 0
1753252059527 47.0 0
1753252077551 48.0 0
1753252095679 49.0 0
1753252114021 50.0 0
1753252132613 51.0 0
1753252169114 53.0 0
1753252187907 54.0 0
1753252205914 55.0 0
1753252224347 56.0 0
1753252242749 57.0 0
1753252279536 59.0 0
1753252333692 62.0 0
1753252351943 63.0 0
1753252406271 66.0 0
1753252423995 67.0 0
1753252442206 68.0 0
1753252496890 71.0 0
1753252588258 76.0 0
1753252606454 77.0 0
1753252679013 81.0 0
1753252733839 84.0 0
1753252806614 88.0 0
