1753251205574 0.77482 1
1753251225284 0.6129 2
1753251243164 0.54471 3
1753251260840 0.49526 4
1753251278579 0.45001 5
1753251296998 0.40728 6
1753251314948 0.36836 7
1753251332799 0.33266 8
1753251351289 0.29985 9
1753251369916 0.27018 10
1753251387832 0.24384 11
1753251405791 0.21982 12
1753251423971 0.19868 13
1753251442239 0.17995 14
1753251460720 0.16334 15
1753251479169 0.14882 16
1753251497165 0.13597 17
1753251515690 0.12467 18
1753251534053 0.11459 19
1753251552513 0.10477 20
1753251570616 0.09486 21
1753251589157 0.08764 22
1753251606693 0.08147 23
1753251625597 0.07591 24
1753251644239 0.07098 25
1753251662214 0.06665 26
1753251680179 0.06285 27
1753251698813 0.05936 28
1753251716844 0.05622 29
1753251735340 0.05349 30
1753251753023 0.05101 31
1753251771172 0.04858 32
1753251789856 0.04657 33
1753251807712 0.04466 34
1753251825910 0.04296 35
1753251844920 0.04143 36
1753251863588 0.03999 37
1753251881432 0.03874 38
1753251900425 0.03753 39
1753251918592 0.03647 40
1753251936493 0.03541 41
1753251954409 0.03448 42
1753251972015 0.0336 43
1753251990174 0.03276 44
1753252008979 0.03204 45
1753252027376 0.0313 46
1753252045651 0.03064 47
1753252063390 0.03004 48
1753252081506 0.02949 49
1753252099549 0.02898 50
1753252117916 0.02849 51
1753252136538 0.02802 52
1753252154601 0.02756 53
1753252172985 0.02715 54
1753252191849 0.02682 55
1753252209776 0.02641 56
1753252228190 0.02622 57
1753252246612 0.02577 58
1753252264733 0.02545 59
1753252283470 0.0251 60
1753252301540 0.02487 61
1753252320006 0.02463 62
1753252337521 0.02431 63
1753252355823 0.02411 64
1753252374225 0.02394 65
1753252392139 0.02366 66
1753252410168 0.02341 67
1753252427864 0.02325 68
1753252446075 0.02313 69
1753252464656 0.02289 70
1753252482691 0.02272 71
1753252500823 0.02252 72
1753252519062 0.02241 73
1753252537264 0.02232 74
1753252555969 0.02212 75
1753252573749 0.02202 76
1753252592158 0.02185 77
1753252610341 0.02169 78
1753252628233 0.02158 79
1753252646164 0.02144 80
1753252664449 0.02145 81
1753252682894 0.02126 82
1753252700913 0.02111 83
1753252719211 0.02105 84
1753252737756 0.02099 85
1753252756060 0.02093 86
1753252774430 0.0208 87
1753252792219 0.02068 88
1753252810499 0.02059 89
1753252827987 0.02049 90
1753252845914 0.02042 91
1753252864270 0.02032 92
1753252882362 0.02026 93
1753252900504 0.02019 94
1753252918968 0.02009 95
1753252937173 0.02003 96
1753252955108 0.01998 97
1753252973351 0.01993 98
1753252991727 0.01987 99
1753253009815 0.01986 100
1753253028046 0.01971 101
1753253046530 0.0197 102
1753253064679 0.01963 103
1753253082609 0.01955 104
1753253101041 0.01951 105
1753253119280 0.01948 106
1753253137414 0.01945 107
1753253155453 0.01942 108
1753253173547 0.0194 109
1753253192227 0.0193 110
1753253210405 0.01926 111
1753253229001 0.01923 112
1753253247303 0.01911 113
1753253265035 0.01912 114
1753253283133 0.01903 115
1753253301184 0.01901 116
1753253319037 0.01906 117
1753253336745 0.01895 118
1753253354962 0.01896 119
1753253373210 0.01892 120
1753253392119 0.01893 121
1753253409954 0.0188 122
1753253428165 0.01878 123
1753253445975 0.01881 124
1753253464296 0.01877 125
1753253482473 0.01873 126
1753253500959 0.01864 127
1753253520005 0.01865 128
1753253538164 0.01858 129
1753253556488 0.01865 130
1753253574302 0.01852 131
1753253592071 0.01857 132
1753253610000 0.01848 133
1753253628127 0.0185 134
1753253646376 0.01841 135
1753253664503 0.01839 136
1753253682622 0.01842 137
1753253701074 0.01843 138
1753253719065 0.01844 139
1753253737168 0.01831 140
1753253754994 0.01834 141
1753253773352 0.01823 142
1753253791364 0.01829 143
1753253809785 0.01833 144
1753253828000 0.01822 145
1753253846235 0.01819 146
1753253864136 0.01816 147
1753253882270 0.01813 148
1753253900383 0.01809 149
1753253918773 0.01812 150
1753253937182 0.01808 151
1753253955557 0.01805 152
1753253973642 0.01799 153
1753253991864 0.01795 154
1753254010150 0.01802 155
1753254028226 0.01799 156
1753254045994 0.01799 157
1753254064034 0.01793 158
1753254082621 0.01801 159
1753254100778 0.0179 160
1753254119253 0.01793 161
1753254137644 0.01782 162
1753254155731 0.01784 163
1753254174421 0.01786 164
1753254192454 0.01786 165
1753254210534 0.01777 166
1753254228741 0.01781 167
1753254247270 0.01785 168
1753254265647 0.01778 169
1753254283476 0.01779 170
1753254302033 0.01779 171
1753254320123 0.01774 172
1753254338365 0.01776 173
1753254356665 0.0177 174
1753254375031 0.01766 175
1753254393231 0.01764 176
1753254411526 0.01771 177
1753254429849 0.01779 178
1753254447925 0.01771 179
1753254465806 0.01763 180
1753254484317 0.01761 181
1753254502477 0.01759 182
1753254520631 0.01756 183
1753254538293 0.01761 184
1753254556046 0.01754 185
1753254574345 0.01755 186
1753254592658 0.01752 187
1753254610574 0.01757 188
1753254628949 0.0175 189
1753254647204 0.01755 190
1753254665914 0.01754 191
1753254684457 0.01751 192
1753254702770 0.01749 193
1753254721464 0.01756 194
1753254739686 0.01748 195
1753254757985 0.01745 196
1753254776183 0.01747 197
1753254794790 0.01745 198
1753254812698 0.01746 199
1753254830476 0.01742 200
1753254848568 0.01739 201
1753254866785 0.01735 202
1753254884928 0.01736 203
1753254902978 0.01736 204
1753254921038 0.01736 205
1753254939132 0.01733 206
1753254957102 0.01732 207
1753254975124 0.01736 208
1753254993086 0.01738 209
1753255010826 0.01731 210
1753255029065 0.01735 211
1753255047051 0.0173 212
1753255065545 0.01731 213
1753255083858 0.01727 214
1753255102229 0.01725 215
1753255120572 0.01722 216
1753255138692 0.01724 217
1753255157157 0.01728 218
1753255175181 0.01726 219
1753255194014 0.01721 220
1753255212586 0.01724 221
1753255231395 0.01719 222
1753255249702 0.01723 223
1753255267660 0.01721 224
1753255286261 0.01723 225
1753255304233 0.01729 226
1753255322257 0.01723 227
1753255340253 0.01717 228
1753255358428 0.01719 229
1753255376448 0.01719 230
1753255394493 0.01715 231
1753255412283 0.01716 232
1753255430934 0.01714 233
1753255449799 0.0172 234
1753255467890 0.01715 235
1753255485795 0.01712 236
1753255503686 0.01711 237
1753255521780 0.01709 238
1753255539356 0.01709 239
1753255558095 0.01711 240
1753255576264 0.01711 241
1753255594652 0.0171 242
1753255612396 0.0171 243
1753255630147 0.01714 244
1753255648464 0.01714 245
1753255666329 0.01711 246
1753255684095 0.0171 247
1753255702629 0.01706 248
1753255720893 0.01709 249
1753255739056 0.01704 250
1753255757901 0.01708 251
1753255776051 0.01702 252
1753255794390 0.017 253
1753255812382 0.01695 254
1753255830706 0.01698 255
1753255848938 0.01703 256
1753255867596 0.01705 257
1753255885752 0.01706 258
1753255903838 0.01702 259
1753255921971 0.01705 260
1753255940180 0.01699 261
1753255958427 0.01704 262
1753255976300 0.01698 263
1753255994652 0.017 264
1753256012724 0.017 265
1753256030549 0.01694 266
1753256048409 0.01693 267
1753256066666 0.01698 268
1753256085131 0.01696 269
1753256103343 0.01695 270
1753256121755 0.01695 271
1753256139866 0.01696 272
1753256158088 0.01694 273
1753256176830 0.01692 274
1753256195781 0.01694 275
1753256213966 0.01693 276
1753256231797 0.01688 277
1753256249955 0.01692 278
1753256268066 0.01692 279
1753256286480 0.01696 280
1753256304230 0.01693 281
1753256322718 0.01694 282
1753256340759 0.01691 283
1753256359119 0.01689 284
1753256377139 0.01689 285
1753256395084 0.01691 286
1753256413302 0.01687 287
1753256431684 0.01689 288
1753256449570 0.01686 289
1753256467666 0.01688 290
1753256485854 0.01685 291
1753256504024 0.01683 292
1753256522187 0.01685 293
1753256540919 0.01684 294
1753256559496 0.01685 295
1753256578012 0.01683 296
1753256596072 0.01684 297
1753256614527 0.01683 298
1753256632375 0.01679 299
1753256650664 0.01689 300
