1753248251725 1.0 0
1753248268203 2.0 0
1753248282930 3.0 0
1753248297639 4.0 0
1753248312448 5.0 0
1753248326913 6.0 0
1753248341545 7.0 0
1753248356493 8.0 0
1753248371599 9.0 0
1753248386297 10.0 0
1753248400900 11.0 0
1753248415930 12.0 0
1753248430729 13.0 0
1753248445345 14.0 0
1753248460366 15.0 0
1753248474987 16.0 0
1753248489874 17.0 0
1753248504541 18.0 0
1753248519173 19.0 0
1753248534038 20.0 0
1753248548545 21.0 0
1753248563163 22.0 0
1753248578398 23.0 0
1753248593414 24.0 0
1753248608088 25.0 0
1753248622844 26.0 0
1753248652534 28.0 0
1753248682271 30.0 0
1753248696814 31.0 0
1753248711846 32.0 0
1753248726749 33.0 0
1753248741469 34.0 0
1753248756410 35.0 0
1753248770994 36.0 0
1753248815146 39.0 0
1753248844362 41.0 0
1753248874223 43.0 0
1753248888863 44.0 0
1753248933437 47.0 0
1753248992284 51.0 0
1753249022300 53.0 0
