1753248239875 0.58442 1
1753248255464 0.45094 2
1753248271896 0.37346 3
1753248286598 0.31414 4
1753248301247 0.26149 5
1753248316044 0.21722 6
1753248330650 0.17971 7
1753248345232 0.15003 8
1753248360229 0.12676 9
1753248375244 0.10844 10
1753248389883 0.09394 11
1753248404642 0.08235 12
1753248419669 0.07309 13
1753248434428 0.06554 14
1753248449012 0.05938 15
1753248464050 0.05422 16
1753248478634 0.05 17
1753248493593 0.04645 18
1753248508208 0.04344 19
1753248522863 0.04086 20
1753248537626 0.03868 21
1753248552258 0.03677 22
1753248567068 0.03508 23
1753248582124 0.03362 24
1753248597084 0.03234 25
1753248611703 0.03124 26
1753248626565 0.03022 27
1753248641542 0.0293 28
1753248656241 0.02851 29
1753248670933 0.02777 30
1753248685896 0.02711 31
1753248700457 0.02654 32
1753248715501 0.026 33
1753248730486 0.02557 34
1753248745063 0.02503 35
1753248760034 0.02464 36
1753248774648 0.02426 37
1753248789273 0.02391 38
1753248804031 0.02361 39
1753248818807 0.02327 40
1753248833402 0.02302 41
1753248848082 0.02276 42
1753248863269 0.02255 43
1753248877879 0.02229 44
1753248892526 0.02207 45
1753248907396 0.02189 46
1753248922022 0.02171 47
1753248937034 0.02151 48
1753248951575 0.02136 49
1753248966281 0.02121 50
1753248981317 0.02111 51
1753248996177 0.02093 52
1753249010875 0.02086 53
1753249025956 0.02065 54
1753249040553 0.02057 55
1753249055222 0.02048 56
1753249070156 0.02033 57
1753249084764 0.02028 58
1753249099773 0.02015 59
1753249114473 0.02002 60
1753249129121 0.01995 61
1753249144003 0.01987 62
1753249158615 0.01977 63
1753249173268 0.01968 64
1753249188038 0.01966 65
1753249202805 0.01953 66
1753249217556 0.01949 67
1753249232200 0.01943 68
1753249247200 0.01939 69
1753249261801 0.01929 70
1753249276516 0.01925 71
1753249291141 0.01922 72
1753249305895 0.01911 73
1753249320634 0.0191 74
1753249335333 0.01904 75
1753249349917 0.01899 76
1753249364738 0.01893 77
1753249379213 0.01889 78
1753249393702 0.01884 79
1753249408416 0.01878 80
1753249423053 0.01877 81
1753249437859 0.01875 82
1753249452908 0.0187 83
1753249467952 0.01869 84
1753249482481 0.01863 85
1753249497144 0.01861 86
1753249512204 0.01852 87
1753249526819 0.01851 88
1753249541706 0.0185 89
1753249556321 0.01845 90
1753249571046 0.01841 91
1753249586027 0.01838 92
1753249600622 0.01833 93
1753249615186 0.01832 94
1753249630106 0.01829 95
1753249644814 0.01826 96
1753249659766 0.01821 97
1753249674515 0.01819 98
1753249689517 0.01817 99
1753249704601 0.01816 100
1753249719373 0.01815 101
1753249734078 0.01808 102
1753249748781 0.01807 103
1753249763830 0.01809 104
1753249778450 0.01804 105
1753249793117 0.01798 106
1753249808184 0.01798 107
1753249822920 0.01799 108
1753249837563 0.0179 109
1753249852338 0.01791 110
1753249866873 0.01789 111
1753249881779 0.01788 112
1753249896629 0.01786 113
1753249911499 0.01783 114
1753249926193 0.0178 115
1753249940801 0.01779 116
1753249955782 0.01783 117
1753249970491 0.01776 118
1753249985632 0.01776 119
1753250000262 0.01777 120
1753250014788 0.0177 121
1753250029801 0.01764 122
1753250044344 0.0177 123
1753250058949 0.01769 124
1753250073884 0.01765 125
1753250088718 0.01761 126
1753250103704 0.01762 127
1753250118492 0.01762 128
1753250133533 0.01758 129
1753250148134 0.0176 130
1753250162849 0.01754 131
1753250177940 0.01751 132
1753250192795 0.01752 133
1753250207809 0.01758 134
1753250222508 0.01753 135
1753250237296 0.01749 136
1753250252313 0.01753 137
1753250266924 0.01748 138
1753250281579 0.01745 139
1753250296542 0.01749 140
1753250311263 0.01745 141
1753250326048 0.01741 142
1753250340953 0.01739 143
1753250356053 0.01742 144
1753250370794 0.01742 145
1753250385391 0.0174 146
1753250400150 0.01739 147
1753250415078 0.0174 148
1753250429849 0.01734 149
1753250444547 0.01739 150
1753250459278 0.01734 151
1753250474329 0.01733 152
1753250489021 0.01733 153
1753250503597 0.01732 154
1753250518308 0.01729 155
1753250533094 0.01727 156
1753250547967 0.01725 157
1753250562622 0.01726 158
1753250577674 0.01725 159
1753250592309 0.01724 160
1753250606864 0.01723 161
1753250621597 0.01723 162
1753250636350 0.01725 163
1753250651372 0.01724 164
1753250666169 0.01718 165
1753250680751 0.0172 166
1753250695832 0.0172 167
1753250710557 0.01717 168
1753250725200 0.01718 169
1753250740124 0.01715 170
1753250754838 0.01721 171
1753250769682 0.01718 172
1753250784216 0.01713 173
1753250799064 0.01714 174
1753250813653 0.01716 175
1753250828306 0.01713 176
1753250843155 0.0171 177
1753250858315 0.01711 178
1753250873097 0.0171 179
1753250888135 0.01711 180
1753250902861 0.01708 181
1753250917475 0.01711 182
1753250932447 0.0171 183
1753250947203 0.01706 184
1753250961953 0.01705 185
1753250976741 0.01704 186
1753250991776 0.01701 187
1753251006781 0.01707 188
1753251021533 0.01705 189
1753251036490 0.01708 190
1753251051107 0.01703 191
1753251065876 0.01708 192
1753251081120 0.01704 193
1753251096238 0.01701 194
1753251110849 0.01702 195
1753251125853 0.017 196
1753251140475 0.01697 197
1753251155534 0.017 198
1753251170188 0.01702 199
1753251184961 0.01705 200
1753251199833 0.01703 201
1753251214714 0.01701 202
1753251229560 0.01696 203
1753251244217 0.01697 204
1753251258921 0.01697 205
1753251273836 0.01697 206
1753251288569 0.01699 207
1753251303253 0.01694 208
1753251318174 0.01696 209
1753251332820 0.01697 210
1753251347580 0.01695 211
1753251362189 0.0169 212
1753251377192 0.01693 213
1753251392238 0.01691 214
1753251407027 0.01692 215
1753251422020 0.01693 216
1753251437198 0.0169 217
1753251452019 0.0169 218
1753251466718 0.01689 219
1753251481433 0.01692 220
1753251496505 0.01689 221
1753251511175 0.01688 222
1753251526019 0.01692 223
1753251541094 0.01688 224
1753251555807 0.01692 225
1753251570774 0.0169 226
1753251585305 0.01688 227
1753251600450 0.01682 228
1753251615397 0.01685 229
1753251630480 0.01685 230
1753251645395 0.01687 231
1753251660206 0.01682 232
1753251675051 0.01683 233
1753251689798 0.01682 234
1753251704531 0.01682 235
1753251719487 0.01683 236
1753251734189 0.01682 237
1753251749384 0.01685 238
1753251764325 0.01684 239
1753251778885 0.01681 240
1753251794017 0.01682 241
1753251808557 0.01681 242
1753251823339 0.0168 243
1753251838252 0.01685 244
1753251853186 0.01681 245
1753251868481 0.0168 246
1753251883299 0.01681 247
1753251898215 0.01677 248
1753251912876 0.01678 249
1753251927790 0.0168 250
1753251942862 0.01679 251
1753251957469 0.01683 252
1753251972454 0.01676 253
1753251987842 0.01678 254
1753252002535 0.01678 255
1753252017509 0.01679 256
1753252032324 0.01678 257
1753252047007 0.01681 258
1753252062021 0.01679 259
1753252076638 0.01673 260
1753252091782 0.01676 261
1753252106554 0.01671 262
1753252121162 0.01677 263
1753252136104 0.01678 264
1753252150731 0.01673 265
1753252165955 0.01677 266
1753252180845 0.01673 267
1753252195489 0.0167 268
1753252210371 0.01672 269
1753252225068 0.01676 270
1753252239587 0.01675 271
1753252254625 0.01674 272
1753252269257 0.01673 273
1753252284229 0.01674 274
1753252298911 0.01672 275
1753252314030 0.01669 276
1753252328886 0.01669 277
1753252343484 0.01669 278
1753252358410 0.0167 279
1753252373120 0.0167 280
1753252387899 0.01672 281
1753252402886 0.01671 282
1753252417543 0.01673 283
1753252432599 0.01669 284
1753252447302 0.01668 285
1753252461951 0.01666 286
1753252476894 0.01668 287
1753252491671 0.01668 288
1753252506708 0.01669 289
1753252521501 0.01669 290
1753252536749 0.01669 291
1753252551871 0.01668 292
1753252566592 0.01671 293
1753252581620 0.0167 294
1753252596202 0.01664 295
1753252610792 0.01668 296
1753252625793 0.01667 297
1753252640383 0.01666 298
1753252655500 0.01664 299
1753252670444 0.01667 300
