1752945305832 1.0 0
1752945352384 2.0 0
1752945398761 3.0 0
1752945445226 4.0 0
1752945491021 5.0 0
1752945536753 6.0 0
1752945582570 7.0 0
1752945629018 8.0 0
1752945675153 9.0 0
1752945721436 10.0 0
1752945767527 11.0 0
1752945813559 12.0 0
1752945859452 13.0 0
1752945905242 14.0 0
1752945951512 15.0 0
1752945998512 16.0 0
1752946044754 17.0 0
1752946091055 18.0 0
1752946228919 21.0 0
1752946275217 22.0 0
1752946321741 23.0 0
1752946506464 27.0 0
1752946783204 33.0 0
1752946875590 35.0 0
1752946922212 36.0 0
