1752945274666 0.46102 1
1752945322870 0.29791 2
1752945368641 0.19413 3
1752945415142 0.12944 4
1752945461519 0.09118 5
1752945507262 0.06831 6
1752945552850 0.05416 7
1752945598727 0.04498 8
1752945645336 0.03877 9
1752945691563 0.03443 10
1752945737624 0.03125 11
1752945783827 0.0284 12
1752945829812 0.02642 13
1752945875644 0.02507 14
1752945921910 0.02401 15
1752945968282 0.02315 16
1752946014855 0.02246 17
1752946061083 0.0219 18
1752946107277 0.02141 19
1752946153443 0.02102 20
1752946199475 0.02066 21
1752946245311 0.02038 22
1752946291615 0.02012 23
1752946337957 0.01989 24
1752946384121 0.01971 25
1752946430478 0.01953 26
1752946476751 0.01937 27
1752946522783 0.01923 28
1752946569270 0.01911 29
1752946615254 0.019 30
1752946661080 0.0189 31
1752946707194 0.01882 32
1752946753504 0.01873 33
1752946799517 0.01866 34
1752946845660 0.0186 35
1752946891853 0.01853 36
1752946938452 0.01848 37
1752946984520 0.01842 38
1752947030895 0.01837 39
1752947076998 0.01832 40
1752947124085 0.01828 41
1752947170619 0.01824 42
1752947217335 0.0182 43
1752947263831 0.01817 44
1752947309719 0.01814 45
1752947355455 0.01811 46
1752947402517 0.01809 47
1752947448581 0.01806 48
1752947494634 0.01803 49
1752947540531 0.018 50
1752947586679 0.01799 51
1752947632557 0.01796 52
1752947678576 0.01793 53
1752947725008 0.01792 54
1752947771213 0.0179 55
1752947817872 0.01788 56
1752947864133 0.01786 57
1752947910264 0.01784 58
1752947956832 0.01783 59
1752948002650 0.01782 60
1752948048550 0.0178 61
1752948094983 0.01779 62
1752948141129 0.01778 63
1752948186925 0.01777 64
1752948232944 0.01775 65
1752948279447 0.01774 66
1752948325855 0.01773 67
1752948371687 0.01772 68
1752948418035 0.01771 69
1752948464294 0.01769 70
1752948510352 0.01768 71
1752948556079 0.01768 72
1752948602051 0.01766 73
1752948648292 0.01767 74
1752948694216 0.01766 75
1752948740201 0.01764 76
1752948786473 0.01764 77
1752948832294 0.01765 78
1752948877991 0.01762 79
1752948924219 0.01762 80
1752948970091 0.01761 81
1752949016969 0.0176 82
1752949063476 0.01759 83
1752949110084 0.01758 84
1752949156092 0.01756 85
1752949202042 0.01757 86
1752949248763 0.01756 87
1752949294538 0.01755 88
1752949340970 0.01756 89
1752949387170 0.01756 90
1752949433496 0.01754 91
1752949479580 0.01754 92
1752949526086 0.01752 93
1752949572493 0.01752 94
1752949618757 0.01752 95
1752949664622 0.01752 96
1752949711518 0.01751 97
1752949757432 0.0175 98
1752949803688 0.01749 99
1752949849444 0.0175 100
1752949895664 0.0175 101
1752949941670 0.01749 102
1752949987503 0.01748 103
1752950033513 0.01747 104
1752950080299 0.01747 105
1752950126454 0.01748 106
1752950172466 0.01746 107
1752950218789 0.01746 108
1752950265682 0.01747 109
1752950312312 0.01744 110
1752950358851 0.01745 111
1752950404728 0.01745 112
1752950450646 0.01745 113
1752950496645 0.01743 114
1752950542427 0.01743 115
1752950588201 0.01742 116
1752950634281 0.01742 117
1752950680955 0.01741 118
1752950727375 0.01742 119
1752950773501 0.01741 120
1752950819544 0.01741 121
1752950866490 0.0174 122
1752950913022 0.01741 123
1752950959221 0.01739 124
1752951006371 0.01739 125
1752951051972 0.01739 126
1752951097915 0.01739 127
1752951143417 0.01738 128
1752951189191 0.01738 129
1752951235477 0.01737 130
1752951281567 0.01738 131
1752951328561 0.01737 132
1752951374564 0.01737 133
1752951420633 0.01737 134
1752951466236 0.01736 135
1752951512379 0.01736 136
1752951559358 0.01735 137
1752951605540 0.01735 138
1752951651602 0.01736 139
1752951697878 0.01735 140
1752951743998 0.01734 141
1752951790315 0.01733 142
1752951836289 0.01734 143
1752951882488 0.01733 144
1752951928396 0.01733 145
1752951974713 0.01733 146
1752952020725 0.01732 147
1752952066622 0.01731 148
1752952112862 0.01732 149
1752952158972 0.01732 150
1752952205504 0.01732 151
1752952252110 0.01731 152
1752952298133 0.01731 153
1752952343973 0.01731 154
1752952389809 0.0173 155
1752952435802 0.0173 156
1752952482243 0.0173 157
1752952527900 0.0173 158
1752952574080 0.01729 159
1752952620941 0.01728 160
1752952667036 0.0173 161
1752952713235 0.0173 162
1752952759144 0.01729 163
1752952805343 0.01728 164
1752952851731 0.01727 165
1752952898752 0.01729 166
1752952944847 0.01728 167
1752952990763 0.01728 168
1752953036827 0.01726 169
1752953082589 0.01727 170
1752953128728 0.01727 171
1752953174940 0.01726 172
1752953220647 0.01725 173
1752953266617 0.01725 174
1752953313012 0.01726 175
1752953358628 0.01726 176
1752953404312 0.01725 177
1752953451307 0.01724 178
1752953497730 0.01726 179
1752953544424 0.01725 180
1752953590428 0.01724 181
1752953636788 0.01725 182
1752953682456 0.01724 183
1752953728366 0.01725 184
1752953774524 0.01723 185
1752953820836 0.01724 186
1752953867159 0.01723 187
1752953912964 0.01724 188
1752953959646 0.01723 189
1752954005639 0.01723 190
1752954052153 0.01722 191
1752954098751 0.01723 192
1752954145200 0.01722 193
1752954191103 0.01721 194
1752954237188 0.01722 195
1752954283187 0.01722 196
1752954329249 0.01721 197
1752954375010 0.01721 198
1752954421175 0.01721 199
1752954468002 0.0172 200
1752954514911 0.0172 201
1752954561459 0.0172 202
1752954608577 0.0172 203
1752954654530 0.0172 204
1752954700953 0.0172 205
1752954747180 0.0172 206
1752954793149 0.0172 207
1752954839392 0.01719 208
1752954885496 0.01718 209
1752954931430 0.01721 210
1752954977381 0.01719 211
1752955023527 0.01719 212
1752955069425 0.01719 213
1752955115327 0.01718 214
1752955161563 0.01719 215
1752955207343 0.01717 216
1752955254423 0.01717 217
1752955300773 0.01717 218
1752955346823 0.01717 219
1752955392982 0.01718 220
1752955439150 0.01718 221
1752955485529 0.01717 222
1752955531978 0.01717 223
1752955577909 0.01717 224
1752955624124 0.01718 225
1752955670118 0.01716 226
1752955716638 0.01716 227
1752955762567 0.01716 228
1752955808775 0.01715 229
1752955855252 0.01716 230
1752955901073 0.01716 231
1752955947588 0.01715 232
1752955994074 0.01715 233
1752956040550 0.01715 234
1752956086474 0.01717 235
1752956133254 0.01715 236
1752956178929 0.01714 237
1752956224800 0.01714 238
1752956270966 0.01714 239
1752956316904 0.01715 240
1752956363371 0.01714 241
1752956409496 0.01714 242
1752956455596 0.01713 243
1752956501722 0.01714 244
1752956548045 0.01714 245
1752956594281 0.01714 246
1752956641308 0.01714 247
1752956687317 0.01714 248
1752956733713 0.01713 249
1752956780083 0.01713 250
1752956826204 0.01713 251
1752956872174 0.01712 252
1752956918431 0.01712 253
1752956964150 0.01712 254
1752957010541 0.01712 255
1752957056704 0.01712 256
1752957102616 0.01713 257
1752957148471 0.01713 258
1752957194920 0.01712 259
1752957241215 0.01711 260
1752957286913 0.01711 261
1752957333060 0.0171 262
1752957379095 0.0171 263
1752957425310 0.0171 264
1752957471070 0.0171 265
1752957517140 0.01711 266
1752957563720 0.01711 267
1752957609835 0.01711 268
1752957655775 0.01711 269
1752957701762 0.0171 270
1752957747729 0.01709 271
1752957794914 0.0171 272
1752957841636 0.01709 273
1752957887878 0.01709 274
1752957934056 0.01709 275
1752957979841 0.01709 276
1752958026195 0.01709 277
1752958072522 0.01708 278
1752958118414 0.01709 279
1752958165155 0.0171 280
1752958211261 0.01709 281
1752958257754 0.01709 282
1752958303883 0.01709 283
1752958350506 0.01708 284
1752958396312 0.01708 285
1752958443168 0.01709 286
1752958489647 0.01709 287
1752958535978 0.01708 288
1752958582005 0.01709 289
1752958628351 0.01707 290
1752958674318 0.01707 291
1752958720021 0.01708 292
1752958765828 0.01707 293
1752958811608 0.01708 294
1752958857497 0.01706 295
1752958903691 0.01707 296
1752958949641 0.01707 297
1752958995569 0.01707 298
1752959042118 0.01707 299
1752959088849 0.01706 300
