1753267067594 0.37799 1
1753267094938 0.18121 2
1753267117371 0.09997 3
1753267139925 0.06402 4
1753267162598 0.04672 5
1753267184884 0.03749 6
1753267207645 0.03201 7
1753267229789 0.0286 8
1753267251953 0.02625 9
1753267274350 0.02462 10
1753267296681 0.02345 11
1753267319290 0.02257 12
1753267341458 0.02187 13
1753267364045 0.02133 14
1753267386377 0.02089 15
1753267408635 0.02053 16
1753267431071 0.02023 17
1753267453455 0.01996 18
1753267475829 0.01974 19
1753267498314 0.01955 20
1753267520417 0.01937 21
1753267543202 0.01924 22
1753267565495 0.01911 23
1753267587711 0.019 24
1753267610127 0.01889 25
1753267632363 0.0188 26
1753267655057 0.01873 27
1753267677472 0.01865 28
1753267699596 0.01856 29
1753267721776 0.01852 30
1753267743869 0.01846 31
1753267766252 0.01843 32
1753267788690 0.01838 33
1753267810929 0.01832 34
1753267833382 0.0183 35
1753267855931 0.01825 36
1753267878167 0.01821 37
1753267900243 0.01818 38
1753267922537 0.01814 39
1753267944694 0.01811 40
1753267967087 0.01809 41
1753267989370 0.01807 42
1753268012035 0.01804 43
1753268034163 0.01802 44
1753268056315 0.01801 45
1753268078838 0.01799 46
1753268100918 0.01798 47
1753268123230 0.01795 48
1753268145437 0.01794 49
1753268167474 0.01792 50
1753268190077 0.01789 51
1753268212222 0.01789 52
1753268234377 0.01787 53
1753268256967 0.01785 54
1753268279194 0.01783 55
1753268302082 0.01782 56
1753268324276 0.0178 57
1753268346692 0.01782 58
1753268368768 0.01779 59
1753268390861 0.01777 60
1753268413296 0.01777 61
1753268435534 0.01775 62
1753268457789 0.01773 63
1753268479884 0.01773 64
1753268502068 0.01771 65
1753268524494 0.01772 66
1753268546694 0.01771 67
1753268568662 0.01768 68
1753268590873 0.01768 69
1753268612949 0.01767 70
1753268635364 0.01766 71
1753268657598 0.01766 72
1753268679825 0.01763 73
1753268701971 0.01762 74
1753268724098 0.01762 75
1753268746592 0.01761 76
1753268768759 0.01761 77
1753268791108 0.01759 78
1753268813364 0.01758 79
1753268835710 0.01757 80
1753268858160 0.01756 81
1753268880464 0.01756 82
1753268902690 0.01754 83
1753268925218 0.01754 84
1753268947501 0.01755 85
1753268969858 0.01753 86
1753268991939 0.01753 87
1753269014551 0.01752 88
1753269036799 0.01749 89
1753269058896 0.0175 90
1753269081233 0.01749 91
1753269103537 0.0175 92
1753269126038 0.01746 93
1753269148199 0.01745 94
1753269170527 0.01746 95
1753269193098 0.01745 96
1753269215194 0.01745 97
1753269237235 0.01744 98
1753269259675 0.01744 99
1753269281945 0.01743 100
1753269304394 0.01742 101
1753269326424 0.0174 102
1753269348835 0.01742 103
1753269371016 0.01739 104
1753269393150 0.01739 105
1753269415601 0.01741 106
1753269438092 0.01738 107
1753269460289 0.01738 108
1753269482561 0.01736 109
1753269504722 0.01736 110
1753269527114 0.01735 111
1753269549661 0.01735 112
1753269571874 0.01733 113
1753269594392 0.01734 114
1753269616613 0.01734 115
1753269638604 0.01733 116
1753269661155 0.01732 117
1753269683366 0.01732 118
1753269705876 0.01731 119
1753269728133 0.01729 120
1753269750250 0.01732 121
1753269772608 0.01728 122
1753269794958 0.01728 123
1753269817197 0.01729 124
1753269839733 0.01729 125
1753269861972 0.01726 126
1753269884376 0.01729 127
1753269906570 0.01727 128
1753269929054 0.01724 129
1753269951213 0.01727 130
1753269973476 0.01725 131
1753269995852 0.01724 132
1753270018128 0.01725 133
1753270040437 0.01724 134
1753270062613 0.01722 135
1753270084815 0.01722 136
1753270107450 0.01721 137
1753270129747 0.01723 138
1753270151873 0.01721 139
1753270174295 0.01721 140
1753270196500 0.01721 141
1753270218996 0.0172 142
1753270241171 0.01719 143
1753270263689 0.01718 144
1753270285803 0.01718 145
1753270308391 0.01717 146
1753270330643 0.01719 147
1753270352750 0.01718 148
1753270375044 0.01718 149
1753270397224 0.01717 150
1753270419366 0.01716 151
1753270441824 0.01716 152
1753270464129 0.01714 153
1753270486290 0.01716 154
1753270508827 0.01716 155
1753270530962 0.01716 156
1753270553479 0.01716 157
1753270575709 0.01714 158
1753270598349 0.01714 159
1753270620663 0.01715 160
1753270642846 0.01712 161
1753270665216 0.01712 162
1753270687295 0.01713 163
1753270709713 0.01711 164
1753270731928 0.01711 165
1753270754142 0.01711 166
1753270776646 0.01708 167
1753270798804 0.01712 168
1753270821004 0.0171 169
1753270843370 0.0171 170
1753270865455 0.01711 171
1753270888043 0.01708 172
1753270910246 0.01709 173
1753270932897 0.01708 174
1753270955145 0.01708 175
1753270977524 0.01708 176
1753270999975 0.01708 177
1753271022217 0.01707 178
1753271044599 0.01707 179
1753271066864 0.01706 180
1753271088952 0.01706 181
1753271111494 0.01706 182
1753271133783 0.01705 183
1753271155900 0.01706 184
1753271178141 0.01706 185
1753271200457 0.01704 186
1753271222979 0.01704 187
1753271245120 0.01706 188
1753271267579 0.01704 189
1753271289607 0.01703 190
1753271311970 0.01704 191
1753271334424 0.01704 192
1753271356629 0.01704 193
1753271379178 0.01702 194
1753271401329 0.01703 195
1753271423552 0.01704 196
1753271446323 0.01703 197
1753271468499 0.01702 198
1753271490493 0.01701 199
1753271512859 0.017 200
1753271535222 0.017 201
1753271557780 0.01699 202
1753271579946 0.01698 203
1753271602477 0.017 204
1753271624526 0.017 205
1753271646986 0.01699 206
1753271669249 0.01701 207
1753271691338 0.01699 208
1753271713899 0.01699 209
1753271736108 0.01698 210
1753271758222 0.01697 211
1753271780690 0.01699 212
1753271802961 0.01697 213
1753271825135 0.01699 214
1753271847432 0.01699 215
1753271869681 0.01698 216
1753271892263 0.01696 217
1753271914383 0.01698 218
1753271936883 0.01696 219
1753271959156 0.01696 220
1753271981479 0.01696 221
1753272003742 0.01698 222
1753272025751 0.01696 223
1753272048437 0.01695 224
1753272070749 0.01695 225
1753272092885 0.01695 226
1753272115330 0.01693 227
1753272137634 0.01696 228
1753272159851 0.01694 229
1753272182462 0.01694 230
1753272204826 0.01696 231
1753272226942 0.01695 232
1753272249251 0.01693 233
1753272271639 0.01693 234
1753272294128 0.01695 235
1753272316391 0.01693 236
1753272338932 0.01693 237
1753272361303 0.01693 238
1753272383509 0.01693 239
1753272405728 0.01692 240
1753272428114 0.01691 241
1753272450435 0.01692 242
1753272472878 0.01691 243
1753272495155 0.01693 244
1753272517652 0.01692 245
1753272540173 0.01691 246
1753272562272 0.01692 247
1753272584706 0.01692 248
1753272606970 0.01691 249
1753272629379 0.01691 250
1753272651579 0.0169 251
1753272673834 0.01691 252
1753272696466 0.01691 253
1753272718769 0.0169 254
1753272741002 0.0169 255
1753272763475 0.01689 256
1753272785760 0.0169 257
1753272808394 0.0169 258
1753272830625 0.01689 259
1753272853048 0.01689 260
1753272875643 0.01691 261
1753272898118 0.01689 262
1753272920595 0.0169 263
1753272942759 0.01687 264
1753272965446 0.01688 265
1753272987981 0.01687 266
1753273010382 0.01688 267
1753273032987 0.01685 268
1753273055274 0.01687 269
1753273077587 0.01687 270
1753273100126 0.01688 271
1753273122300 0.01688 272
1753273144866 0.01685 273
1753273167091 0.01686 274
1753273189530 0.01684 275
1753273212151 0.01686 276
1753273234333 0.01686 277
1753273256961 0.01685 278
1753273279243 0.01687 279
1753273301607 0.01686 280
1753273323889 0.01683 281
1753273346121 0.01685 282
1753273368706 0.01685 283
1753273390940 0.01685 284
1753273413133 0.01686 285
1753273435573 0.01685 286
1753273457782 0.01684 287
1753273480358 0.01683 288
1753273502448 0.01684 289
1753273525005 0.01685 290
1753273547531 0.01683 291
1753273569538 0.01684 292
1753273591887 0.01684 293
1753273614008 0.01684 294
1753273636581 0.01682 295
1753273658790 0.01683 296
1753273681006 0.01682 297
1753273703554 0.01684 298
1753273725797 0.01684 299
1753273748074 0.01683 300
