1753273942157 1.0 0
1753273973956 3.0 0
1753273988748 4.0 0
1753274003479 5.0 0
1753274018585 6.0 0
1753274033277 7.0 0
1753274048321 8.0 0
1753274063109 9.0 0
1753274077796 10.0 0
1753274092611 11.0 0
1753274107130 12.0 0
1753274122052 13.0 0
1753274136884 14.0 0
1753274151677 15.0 0
1753274166536 16.0 0
1753274181295 17.0 0
1753274196039 18.0 0
1753274210884 19.0 0
1753274225868 20.0 0
1753274240570 21.0 0
1753274255585 22.0 0
1753274270833 23.0 0
1753274285929 24.0 0
1753274300547 25.0 0
1753274315355 26.0 0
1753274330036 27.0 0
1753274344930 28.0 0
1753274359755 29.0 0
1753274374468 30.0 0
1753274389261 31.0 0
1753274404155 32.0 0
1753274418800 33.0 0
1753274433373 34.0 0
1753274448259 35.0 0
1753274477721 37.0 0
1753274492640 38.0 0
1753274507575 39.0 0
1753274551816 42.0 0
1753274596605 45.0 0
1753274611488 46.0 0
1753274655835 49.0 0
1753274670954 50.0 0
1753274685685 51.0 0
1753274730889 54.0 0
1753274939057 68.0 0
