1753273929880 0.47343 1
1753273945834 0.3784 2
1753273962240 0.33253 3
1753273977674 0.29589 4
1753273992366 0.26311 5
1753274007207 0.23366 6
1753274022216 0.20721 7
1753274036912 0.1837 8
1753274051997 0.16236 9
1753274066740 0.14129 10
1753274081467 0.12246 11
1753274096217 0.09491 12
1753274110772 0.08005 13
1753274125784 0.07123 14
1753274140567 0.06419 15
1753274155328 0.05836 16
1753274170142 0.05354 17
1753274185014 0.04951 18
1753274199907 0.04597 19
1753274214571 0.04306 20
1753274229564 0.04053 21
1753274244353 0.03824 22
1753274259504 0.03632 23
1753274274836 0.03465 24
1753274289522 0.03319 25
1753274304206 0.03187 26
1753274319062 0.03073 27
1753274333688 0.02971 28
1753274348639 0.02878 29
1753274363468 0.02797 30
1753274378164 0.02726 31
1753274392934 0.02657 32
1753274407877 0.02598 33
1753274422467 0.02542 34
1753274436977 0.02491 35
1753274452031 0.02446 36
1753274466611 0.02404 37
1753274481474 0.02368 38
1753274496339 0.02336 39
1753274511318 0.02301 40
1753274526089 0.02272 41
1753274540777 0.02241 42
1753274555569 0.02217 43
1753274570467 0.02193 44
1753274585363 0.02173 45
1753274600270 0.0215 46
1753274615208 0.02133 47
1753274629967 0.02116 48
1753274644569 0.02099 49
1753274659501 0.02084 50
1753274674613 0.02075 51
1753274689756 0.02057 52
1753274704810 0.0204 53
1753274719641 0.02028 54
1753274734569 0.02017 55
1753274749203 0.02006 56
1753274764043 0.02003 57
1753274778701 0.01988 58
1753274793685 0.01977 59
1753274808502 0.01972 60
1753274823281 0.01964 61
1753274838343 0.01956 62
1753274853441 0.01945 63
1753274868206 0.01942 64
1753274883134 0.01934 65
1753274897979 0.0193 66
1753274912742 0.01921 67
1753274927788 0.01917 68
1753274942714 0.01912 69
1753274957722 0.01906 70
1753274972710 0.01907 71
1753274987243 0.01899 72
1753275001748 0.0189 73
1753275016665 0.01885 74
1753275031521 0.01882 75
1753275046189 0.0188 76
1753275060856 0.01876 77
1753275075945 0.01872 78
1753275090503 0.01868 79
1753275105301 0.01867 80
1753275120349 0.01859 81
1753275135055 0.01858 82
1753275149773 0.01856 83
1753275164722 0.01856 84
1753275179589 0.01849 85
1753275194069 0.01849 86
1753275208559 0.01838 87
1753275223115 0.01844 88
1753275237898 0.01837 89
1753275252932 0.01835 90
1753275267581 0.01831 91
1753275282463 0.01831 92
1753275297321 0.01824 93
1753275312068 0.01821 94
1753275326619 0.01819 95
1753275341594 0.01817 96
1753275356327 0.01816 97
1753275371353 0.01822 98
1753275386164 0.01813 99
1753275401123 0.01813 100
1753275415909 0.01808 101
1753275430593 0.0181 102
1753275445379 0.01808 103
1753275460224 0.01805 104
1753275475405 0.01799 105
1753275490098 0.01803 106
1753275505161 0.01802 107
1753275520206 0.01794 108
1753275534954 0.018 109
1753275549523 0.01793 110
1753275564342 0.01792 111
1753275579052 0.01792 112
1753275594040 0.01786 113
1753275609080 0.01783 114
1753275624134 0.01783 115
1753275638771 0.01782 116
1753275653534 0.01782 117
1753275668016 0.01776 118
1753275683116 0.01779 119
1753275698171 0.01782 120
1753275712927 0.01772 121
1753275728177 0.01771 122
1753275743304 0.01771 123
1753275757963 0.01771 124
1753275772687 0.0177 125
1753275787727 0.01768 126
1753275802582 0.01765 127
1753275817653 0.01767 128
1753275832357 0.01764 129
1753275847355 0.01762 130
1753275861930 0.01763 131
1753275876585 0.01763 132
1753275891585 0.01765 133
1753275906275 0.01761 134
1753275921281 0.01758 135
1753275936044 0.01755 136
1753275950695 0.01754 137
1753275965717 0.01754 138
1753275980422 0.0175 139
1753275995298 0.0175 140
1753276009886 0.01751 141
1753276024881 0.0175 142
1753276039413 0.01748 143
1753276054210 0.01747 144
1753276069175 0.01741 145
1753276083984 0.01744 146
1753276098874 0.01744 147
1753276113510 0.01745 148
1753276128385 0.01742 149
1753276143132 0.01743 150
1753276157861 0.01737 151
1753276172583 0.01737 152
1753276187397 0.0174 153
1753276202140 0.01738 154
1753276217270 0.01735 155
1753276232034 0.01734 156
1753276247175 0.01731 157
1753276261822 0.01732 158
1753276276386 0.01733 159
1753276291222 0.01734 160
1753276306456 0.01733 161
1753276321180 0.01732 162
1753276336280 0.01729 163
1753276351069 0.01729 164
1753276365786 0.01725 165
1753276380419 0.01722 166
1753276394923 0.01723 167
1753276410010 0.01724 168
1753276424912 0.01729 169
1753276439871 0.01724 170
1753276454753 0.01725 171
1753276469523 0.01723 172
1753276484312 0.01719 173
1753276498941 0.01721 174
1753276513680 0.01719 175
1753276528641 0.01719 176
1753276543286 0.01718 177
1753276558212 0.01717 178
1753276573183 0.01718 179
1753276587993 0.0172 180
1753276602858 0.01721 181
1753276617448 0.01715 182
1753276632368 0.01713 183
1753276647413 0.01719 184
1753276662506 0.01714 185
1753276677224 0.01712 186
1753276692261 0.01714 187
1753276707088 0.01712 188
1753276721779 0.01715 189
1753276736515 0.01713 190
1753276751566 0.01711 191
1753276766197 0.01713 192
1753276781234 0.01709 193
1753276796287 0.01714 194
1753276811075 0.01711 195
1753276825650 0.01706 196
1753276840507 0.01707 197
1753276855317 0.01707 198
1753276870495 0.01704 199
1753276885317 0.01704 200
1753276900102 0.01705 201
1753276915289 0.017 202
1753276930140 0.01705 203
1753276944980 0.01701 204
1753276960042 0.01704 205
1753276974992 0.01703 206
1753276989619 0.01699 207
1753277004526 0.01702 208
1753277019514 0.01703 209
1753277034366 0.017 210
1753277049319 0.01699 211
1753277063771 0.01696 212
1753277078400 0.01699 213
1753277093514 0.01697 214
1753277108587 0.01696 215
1753277123466 0.01701 216
1753277138504 0.01698 217
1753277153421 0.01698 218
1753277168065 0.01696 219
1753277183184 0.01691 220
1753277197964 0.01692 221
1753277212503 0.01699 222
1753277227110 0.01691 223
1753277241998 0.01696 224
1753277257091 0.01696 225
1753277272205 0.01691 226
1753277286894 0.0169 227
1753277301794 0.01694 228
1753277316452 0.01695 229
1753277331028 0.01696 230
1753277346128 0.0169 231
1753277360830 0.01692 232
1753277375545 0.01693 233
1753277390611 0.01693 234
1753277405756 0.01689 235
1753277420473 0.01687 236
1753277435169 0.01685 237
1753277449791 0.0169 238
1753277464794 0.01689 239
1753277479846 0.01687 240
1753277494582 0.01688 241
1753277509285 0.01688 242
1753277524470 0.01686 243
1753277539109 0.01689 244
1753277553868 0.01688 245
1753277568713 0.01689 246
1753277584012 0.01687 247
1753277598777 0.01685 248
1753277613531 0.01686 249
1753277628448 0.01684 250
1753277643016 0.01684 251
1753277657686 0.01684 252
1753277672366 0.01684 253
1753277687358 0.01684 254
1753277702454 0.01683 255
1753277717269 0.01684 256
1753277732203 0.01684 257
1753277747215 0.01681 258
1753277761933 0.01683 259
1753277776588 0.01685 260
1753277791636 0.0168 261
1753277806468 0.01682 262
1753277821226 0.01683 263
1753277835986 0.01681 264
1753277850988 0.01681 265
1753277865783 0.01681 266
1753277880483 0.01677 267
1753277895134 0.0168 268
1753277910050 0.01676 269
1753277925113 0.01678 270
1753277939997 0.01677 271
1753277954625 0.01685 272
1753277969545 0.01676 273
1753277984242 0.01676 274
1753277998770 0.01675 275
1753278013763 0.01677 276
1753278028904 0.01675 277
1753278043721 0.01678 278
1753278058765 0.01679 279
1753278073848 0.01677 280
1753278088557 0.01676 281
1753278103225 0.01679 282
1753278117853 0.01674 283
1753278132858 0.01679 284
1753278147618 0.01671 285
1753278162548 0.01677 286
1753278177168 0.01673 287
1753278192064 0.01675 288
1753278206726 0.01671 289
1753278221497 0.01676 290
1753278236472 0.01678 291
1753278251457 0.01675 292
1753278266000 0.01674 293
1753278281085 0.01677 294
1753278295786 0.01672 295
1753278310489 0.01672 296
1753278325324 0.01672 297
1753278339931 0.01676 298
1753278354899 0.0167 299
1753278370061 0.0167 300
