1753366100794 1.0 0
1753366119024 2.0 0
1753366137295 3.0 0
1753366156071 4.0 0
1753366174377 5.0 0
1753366192626 6.0 0
1753366210081 7.0 0
1753366227491 8.0 0
1753366245024 9.0 0
1753366262896 10.0 0
1753366281226 11.0 0
1753366298750 12.0 0
1753366316214 13.0 0
1753366333568 14.0 0
1753366351233 15.0 0
1753366368529 16.0 0
1753366386075 17.0 0
1753366403959 18.0 0
1753366421858 19.0 0
1753366439714 20.0 0
1753366457393 21.0 0
1753366475091 22.0 0
1753366493283 23.0 0
1753366528565 25.0 0
1753366563627 27.0 0
1753366616002 30.0 0
1753366668148 33.0 0
1753366720942 36.0 0
1753366879605 45.0 0
