1753366086239 0.42429 1
1753366104038 0.31105 2
1753366122279 0.23631 3
1753366140555 0.18473 4
1753366159293 0.14619 5
1753366177575 0.11744 6
1753366195839 0.09476 7
1753366213254 0.07777 8
1753366230690 0.06542 9
1753366248217 0.05635 10
1753366266127 0.04949 11
1753366284414 0.04422 12
1753366301930 0.04012 13
1753366319401 0.03685 14
1753366336774 0.03423 15
1753366354426 0.03207 16
1753366371733 0.03037 17
1753366389265 0.02891 18
1753366407141 0.02771 19
1753366425093 0.02664 20
1753366442879 0.02577 21
1753366460582 0.02497 22
1753366478263 0.02438 23
1753366496446 0.02379 24
1753366514018 0.02328 25
1753366531744 0.02283 26
1753366549087 0.02244 27
1753366566803 0.02211 28
1753366584164 0.02184 29
1753366601823 0.02149 30
1753366619169 0.02122 31
1753366636389 0.02109 32
1753366653614 0.02089 33
1753366671355 0.02069 34
1753366688784 0.02047 35
1753366706487 0.02036 36
1753366724143 0.02022 37
1753366741888 0.02005 38
1753366759420 0.01992 39
1753366777182 0.01979 40
1753366794757 0.01972 41
1753366812420 0.01961 42
1753366830205 0.01953 43
1753366847461 0.01938 44
1753366865191 0.01934 45
1753366882793 0.01924 46
1753366900346 0.01917 47
1753366917985 0.01914 48
1753366935792 0.0191 49
1753366953228 0.01905 50
1753366970952 0.019 51
1753366988639 0.0189 52
1753367006400 0.01884 53
1753367024524 0.01883 54
1753367042226 0.01857 55
1753367059784 0.0185 56
1753367077200 0.01847 57
1753367094850 0.01845 58
1753367112434 0.01844 59
1753367129813 0.0184 60
1753367147219 0.01842 61
1753367164815 0.01836 62
1753367182236 0.01834 63
1753367199837 0.01827 64
1753367216924 0.01828 65
1753367234481 0.0183 66
1753367252122 0.01828 67
1753367269595 0.01826 68
1753367287424 0.01827 69
1753367305330 0.01828 70
1753367322793 0.01828 71
1753367340381 0.01828 72
1753367357803 0.01827 73
1753367375343 0.01825 74
1753367393109 0.01823 75
1753367410516 0.01823 76
1753367428163 0.01825 77
1753367445673 0.01821 78
1753367463229 0.01825 79
1753367480875 0.01825 80
1753367498383 0.01821 81
1753367516169 0.01823 82
1753367533597 0.01824 83
1753367550957 0.01825 84
1753367568547 0.01821 85
1753367585667 0.01821 86
1753367603196 0.01825 87
1753367620639 0.01822 88
1753367637915 0.01824 89
1753367655392 0.01825 90
1753367672858 0.01822 91
1753367690292 0.01825 92
1753367707579 0.01821 93
1753367725115 0.01819 94
1753367742594 0.01819 95
1753367759539 0.01822 96
1753367777231 0.01822 97
1753367794915 0.0182 98
1753367812358 0.01824 99
1753367829913 0.01822 100
1753367847753 0.01821 101
1753367865506 0.01824 102
1753367883110 0.01823 103
1753367900284 0.01828 104
1753367917781 0.01822 105
1753367935381 0.01824 106
1753367952763 0.01822 107
1753367970572 0.01821 108
1753367987870 0.01822 109
1753368005575 0.01825 110
1753368023253 0.01823 111
1753368041058 0.01824 112
1753368058719 0.01822 113
1753368076264 0.01822 114
1753368093985 0.01821 115
1753368111941 0.01826 116
1753368129702 0.01824 117
1753368147198 0.01823 118
1753368164809 0.01824 119
1753368182394 0.01826 120
1753368199858 0.01823 121
1753368217410 0.01822 122
1753368234971 0.01822 123
1753368252615 0.01819 124
1753368270320 0.01821 125
1753368287841 0.01822 126
1753368305735 0.0182 127
1753368323508 0.01821 128
1753368341298 0.01821 129
1753368358868 0.01823 130
1753368376983 0.01826 131
1753368394732 0.01827 132
1753368411886 0.01822 133
1753368429539 0.01824 134
1753368447149 0.01824 135
1753368464860 0.01824 136
1753368482593 0.01822 137
1753368500238 0.01821 138
1753368517758 0.01818 139
1753368534738 0.01825 140
1753368552349 0.01825 141
1753368569993 0.01819 142
1753368587581 0.01824 143
1753368605052 0.0182 144
1753368622644 0.01819 145
1753368640460 0.01821 146
1753368658527 0.01818 147
1753368675884 0.01822 148
1753368693630 0.01822 149
1753368710949 0.01821 150
1753368728422 0.01819 151
1753368745766 0.01821 152
1753368763090 0.01821 153
1753368780734 0.01821 154
1753368797966 0.0182 155
1753368815243 0.01819 156
1753368832803 0.01816 157
1753368850522 0.01815 158
1753368868626 0.01821 159
1753368886161 0.01817 160
1753368903814 0.01822 161
1753368921857 0.01822 162
1753368939556 0.01819 163
1753368957048 0.01823 164
1753368974616 0.0182 165
1753368992179 0.01821 166
1753369009735 0.0182 167
1753369027211 0.01822 168
1753369044730 0.01821 169
1753369062256 0.01818 170
1753369079726 0.0182 171
1753369097106 0.01824 172
1753369114392 0.01818 173
1753369132360 0.01818 174
1753369149454 0.01821 175
1753369166383 0.01821 176
1753369183717 0.01821 177
1753369201841 0.01823 178
1753369219322 0.0182 179
1753369236749 0.0182 180
1753369254474 0.0182 181
1753369271959 0.01818 182
1753369289461 0.01817 183
1753369306728 0.01818 184
1753369324465 0.01822 185
1753369342005 0.01821 186
1753369359684 0.0182 187
1753369377257 0.01822 188
1753369394694 0.01819 189
1753369411689 0.01823 190
1753369429290 0.0182 191
1753369446917 0.0182 192
1753369465149 0.01818 193
1753369482944 0.0182 194
1753369500547 0.01822 195
1753369518227 0.01823 196
1753369535090 0.01818 197
1753369552759 0.01818 198
1753369569732 0.01821 199
1753369587206 0.0182 200
1753369604881 0.01818 201
1753369622706 0.01821 202
1753369640267 0.01818 203
1753369657600 0.01821 204
1753369675074 0.01819 205
1753369692611 0.01821 206
1753369710237 0.0182 207
1753369728201 0.0182 208
1753369746377 0.01824 209
1753369763727 0.01821 210
1753369781306 0.01818 211
1753369798915 0.01818 212
1753369816239 0.0182 213
1753369833876 0.01818 214
1753369851428 0.01819 215
1753369869112 0.01821 216
1753369886568 0.0182 217
1753369904155 0.01818 218
1753369921691 0.01816 219
1753369939296 0.01819 220
1753369956984 0.01824 221
1753369974259 0.0182 222
1753369991582 0.0182 223
1753370009323 0.01819 224
1753370027134 0.01817 225
1753370044887 0.01819 226
1753370062621 0.0182 227
1753370080346 0.01817 228
1753370098135 0.01817 229
1753370115844 0.01817 230
1753370133545 0.01818 231
1753370150671 0.01821 232
1753370168173 0.01817 233
1753370185381 0.01818 234
1753370202890 0.0182 235
1753370220929 0.01818 236
1753370238527 0.01818 237
1753370256154 0.01816 238
1753370273900 0.01819 239
1753370291313 0.01813 240
1753370308957 0.01817 241
1753370326800 0.01817 242
1753370343931 0.01817 243
1753370361407 0.01815 244
1753370379056 0.01816 245
1753370397017 0.01812 246
1753370414706 0.01815 247
1753370432331 0.01819 248
1753370449611 0.01817 249
1753370467410 0.01816 250
1753370485532 0.01816 251
1753370503177 0.0182 252
1753370520698 0.01816 253
1753370538393 0.01816 254
1753370556133 0.01818 255
1753370573816 0.01819 256
1753370591504 0.01814 257
1753370609230 0.01816 258
1753370626287 0.01818 259
1753370643486 0.01819 260
1753370660876 0.01816 261
1753370678387 0.01815 262
1753370695788 0.01814 263
1753370713730 0.01816 264
1753370731072 0.01817 265
1753370748661 0.01821 266
1753370765900 0.01814 267
1753370783272 0.01815 268
1753370800737 0.01819 269
1753370818479 0.01817 270
1753370836142 0.01814 271
1753370853831 0.01815 272
1753370871578 0.01817 273
1753370889256 0.01816 274
1753370906854 0.01814 275
1753370924570 0.01818 276
1753370942322 0.01816 277
1753370959606 0.01817 278
1753370976604 0.01813 279
1753370993522 0.01816 280
1753371010962 0.01812 281
1753371028914 0.01815 282
1753371046664 0.01817 283
1753371064025 0.01816 284
1753371082102 0.01817 285
1753371099380 0.01814 286
1753371116811 0.01818 287
1753371134424 0.01816 288
1753371152119 0.01811 289
1753371168970 0.01815 290
1753371186701 0.01815 291
1753371203891 0.01815 292
1753371221323 0.01816 293
1753371238799 0.01814 294
1753371255900 0.01818 295
1753371273119 0.01817 296
1753371290828 0.01811 297
1753371308282 0.01816 298
1753371325742 0.01815 299
1753371343493 0.01818 300
