1753366100801 0.0010000000474974513 1
1753366119030 0.0010000000474974513 2
1753366137302 0.0010000000474974513 3
1753366156075 0.0010000000474974513 4
1753366174382 0.0010000000474974513 5
1753366192631 0.0010000000474974513 6
1753366210086 0.0010000000474974513 7
1753366227495 0.0010000000474974513 8
1753366245029 0.0010000000474974513 9
1753366262901 0.0010000000474974513 10
1753366281233 0.0010000000474974513 11
1753366298754 0.0010000000474974513 12
1753366316219 0.0010000000474974513 13
1753366333572 0.0010000000474974513 14
1753366351238 0.0010000000474974513 15
1753366368533 0.0010000000474974513 16
1753366386080 0.0010000000474974513 17
1753366403963 0.0010000000474974513 18
1753366421866 0.0010000000474974513 19
1753366439719 0.0010000000474974513 20
1753366457397 0.0010000000474974513 21
1753366475095 0.0010000000474974513 22
1753366493289 0.0010000000474974513 23
1753366510857 0.0010000000474974513 24
1753366528570 0.0010000000474974513 25
1753366545915 0.0010000000474974513 26
1753366563632 0.0010000000474974513 27
1753366580975 0.0010000000474974513 28
1753366598638 0.0010000000474974513 29
1753366616006 0.0010000000474974513 30
1753366633198 0.0010000000474974513 31
1753366650477 0.0010000000474974513 32
1753366668152 0.0010000000474974513 33
1753366685625 0.0010000000474974513 34
1753366703329 0.0010000000474974513 35
1753366720950 0.0010000000474974513 36
1753366738731 0.0010000000474974513 37
1753366756287 0.0010000000474974513 38
1753366774020 0.0010000000474974513 39
1753366791616 0.0010000000474974513 40
1753366809269 0.0010000000474974513 41
1753366827000 0.0010000000474974513 42
1753366844317 0.0010000000474974513 43
1753366862066 0.0010000000474974513 44
1753366879609 0.0010000000474974513 45
1753366897142 0.0010000000474974513 46
1753366914776 0.0010000000474974513 47
1753366932631 0.0010000000474974513 48
1753366950082 0.0010000000474974513 49
1753366967779 0.0010000000474974513 50
1753366985484 0.0010000000474974513 51
1753367003188 0.0010000000474974513 52
1753367021349 0.0010000000474974513 53
1753367039095 0.00020000000949949026 54
1753367056627 0.00020000000949949026 55
1753367074063 0.00020000000949949026 56
1753367091655 0.00020000000949949026 57
1753367109296 0.00020000000949949026 58
1753367126669 0.00020000000949949026 59
1753367144087 0.00020000000949949026 60
1753367161677 0.00020000000949949026 61
1753367179026 0.00020000000949949026 62
1753367196643 4.0000002627493814e-05 63
1753367213747 4.0000002627493814e-05 64
1753367231301 4.0000002627493814e-05 65
1753367248985 4.0000002627493814e-05 66
1753367266393 4.0000002627493814e-05 67
1753367283961 4.0000002627493814e-05 68
1753367302198 4.0000002627493814e-05 69
1753367319600 4.0000002627493814e-05 70
1753367337146 4.0000002627493814e-05 71
1753367354631 8.000000889296643e-06 72
1753367372228 8.000000889296643e-06 73
1753367389929 8.000000889296643e-06 74
1753367407350 8.000000889296643e-06 75
1753367424952 8.000000889296643e-06 76
1753367442525 8.000000889296643e-06 77
1753367460086 8.000000889296643e-06 78
1753367477672 8.000000889296643e-06 79
1753367495209 8.000000889296643e-06 80
1753367512979 1.6000001323845936e-06 81
1753367530447 1.6000001323845936e-06 82
1753367547767 1.6000001323845936e-06 83
1753367565379 1.6000001323845936e-06 84
1753367582460 1.6000001323845936e-06 85
1753367600029 1.6000001323845936e-06 86
1753367617483 1.6000001323845936e-06 87
1753367634787 1.6000001323845936e-06 88
1753367652252 1.6000001323845936e-06 89
1753367669710 9.999999974752427e-07 90
1753367687129 9.999999974752427e-07 91
1753367704383 9.999999974752427e-07 92
1753367721951 9.999999974752427e-07 93
1753367739443 9.999999974752427e-07 94
1753367756357 9.999999974752427e-07 95
1753367774064 9.999999974752427e-07 96
1753367791750 9.999999974752427e-07 97
1753367809167 9.999999974752427e-07 98
1753367826686 9.999999974752427e-07 99
1753367844557 9.999999974752427e-07 100
1753367862360 9.999999974752427e-07 101
1753367879937 9.999999974752427e-07 102
1753367897143 9.999999974752427e-07 103
1753367914597 9.999999974752427e-07 104
1753367932233 9.999999974752427e-07 105
1753367949563 9.999999974752427e-07 106
1753367967366 9.999999974752427e-07 107
1753367984692 9.999999974752427e-07 108
1753368002418 9.999999974752427e-07 109
1753368020060 9.999999974752427e-07 110
1753368037916 9.999999974752427e-07 111
1753368055525 9.999999974752427e-07 112
1753368073112 9.999999974752427e-07 113
1753368090841 9.999999974752427e-07 114
1753368108790 9.999999974752427e-07 115
1753368126559 9.999999974752427e-07 116
1753368144053 9.999999974752427e-07 117
1753368161657 9.999999974752427e-07 118
1753368179246 9.999999974752427e-07 119
1753368196712 9.999999974752427e-07 120
1753368214208 9.999999974752427e-07 121
1753368231802 9.999999974752427e-07 122
1753368249451 9.999999974752427e-07 123
1753368267164 9.999999974752427e-07 124
1753368284661 9.999999974752427e-07 125
1753368302415 9.999999974752427e-07 126
1753368320319 9.999999974752427e-07 127
1753368338095 9.999999974752427e-07 128
1753368355707 9.999999974752427e-07 129
1753368373848 9.999999974752427e-07 130
1753368391576 9.999999974752427e-07 131
1753368408688 9.999999974752427e-07 132
1753368426386 9.999999974752427e-07 133
1753368443973 9.999999974752427e-07 134
1753368461668 9.999999974752427e-07 135
1753368479429 9.999999974752427e-07 136
1753368497089 9.999999974752427e-07 137
1753368514613 9.999999974752427e-07 138
1753368531523 9.999999974752427e-07 139
1753368549163 9.999999974752427e-07 140
1753368566834 9.999999974752427e-07 141
1753368584367 9.999999974752427e-07 142
1753368601895 9.999999974752427e-07 143
1753368619509 9.999999974752427e-07 144
1753368637264 9.999999974752427e-07 145
1753368655175 9.999999974752427e-07 146
1753368672651 9.999999974752427e-07 147
1753368690439 9.999999974752427e-07 148
1753368707807 9.999999974752427e-07 149
1753368725283 9.999999974752427e-07 150
1753368742591 9.999999974752427e-07 151
1753368759935 9.999999974752427e-07 152
1753368777585 9.999999974752427e-07 153
1753368794830 9.999999974752427e-07 154
1753368812101 9.999999974752427e-07 155
1753368829662 9.999999974752427e-07 156
1753368847375 9.999999974752427e-07 157
1753368865442 9.999999974752427e-07 158
1753368882986 9.999999974752427e-07 159
1753368900684 9.999999974752427e-07 160
1753368918694 9.999999974752427e-07 161
1753368936377 9.999999974752427e-07 162
1753368953893 9.999999974752427e-07 163
1753368971450 9.999999974752427e-07 164
1753368988998 9.999999974752427e-07 165
1753369006591 9.999999974752427e-07 166
1753369024015 9.999999974752427e-07 167
1753369041595 9.999999974752427e-07 168
1753369059104 9.999999974752427e-07 169
1753369076561 9.999999974752427e-07 170
1753369093952 9.999999974752427e-07 171
1753369111241 9.999999974752427e-07 172
1753369129152 9.999999974752427e-07 173
1753369146310 9.999999974752427e-07 174
1753369163248 9.999999974752427e-07 175
1753369180569 9.999999974752427e-07 176
1753369198648 9.999999974752427e-07 177
1753369216177 9.999999974752427e-07 178
1753369233606 9.999999974752427e-07 179
1753369251280 9.999999974752427e-07 180
1753369268839 9.999999974752427e-07 181
1753369286277 9.999999974752427e-07 182
1753369303581 9.999999974752427e-07 183
1753369321289 9.999999974752427e-07 184
1753369338843 9.999999974752427e-07 185
1753369356497 9.999999974752427e-07 186
1753369374104 9.999999974752427e-07 187
1753369391478 9.999999974752427e-07 188
1753369408552 9.999999974752427e-07 189
1753369426124 9.999999974752427e-07 190
1753369443758 9.999999974752427e-07 191
1753369461962 9.999999974752427e-07 192
1753369479793 9.999999974752427e-07 193
1753369497331 9.999999974752427e-07 194
1753369515057 9.999999974752427e-07 195
1753369531945 9.999999974752427e-07 196
1753369549583 9.999999974752427e-07 197
1753369566545 9.999999974752427e-07 198
1753369584025 9.999999974752427e-07 199
1753369601705 9.999999974752427e-07 200
1753369619549 9.999999974752427e-07 201
1753369637103 9.999999974752427e-07 202
1753369654399 9.999999974752427e-07 203
1753369671924 9.999999974752427e-07 204
1753369689452 9.999999974752427e-07 205
1753369707073 9.999999974752427e-07 206
1753369724989 9.999999974752427e-07 207
1753369743220 9.999999974752427e-07 208
1753369760544 9.999999974752427e-07 209
1753369778150 9.999999974752427e-07 210
1753369795767 9.999999974752427e-07 211
1753369813068 9.999999974752427e-07 212
1753369830690 9.999999974752427e-07 213
1753369848243 9.999999974752427e-07 214
1753369865908 9.999999974752427e-07 215
1753369883411 9.999999974752427e-07 216
1753369901026 9.999999974752427e-07 217
1753369918557 9.999999974752427e-07 218
1753369936145 9.999999974752427e-07 219
1753369953826 9.999999974752427e-07 220
1753369971072 9.999999974752427e-07 221
1753369988427 9.999999974752427e-07 222
1753370006184 9.999999974752427e-07 223
1753370023945 9.999999974752427e-07 224
1753370041748 9.999999974752427e-07 225
1753370059420 9.999999974752427e-07 226
1753370077144 9.999999974752427e-07 227
1753370094940 9.999999974752427e-07 228
1753370112685 9.999999974752427e-07 229
1753370130345 9.999999974752427e-07 230
1753370147517 9.999999974752427e-07 231
1753370164962 9.999999974752427e-07 232
1753370182182 9.999999974752427e-07 233
1753370199741 9.999999974752427e-07 234
1753370217778 9.999999974752427e-07 235
1753370235347 9.999999974752427e-07 236
1753370252946 9.999999974752427e-07 237
1753370270743 9.999999974752427e-07 238
1753370288173 9.999999974752427e-07 239
1753370305815 9.999999974752427e-07 240
1753370323597 9.999999974752427e-07 241
1753370340778 9.999999974752427e-07 242
1753370358256 9.999999974752427e-07 243
1753370375845 9.999999974752427e-07 244
1753370393815 9.999999974752427e-07 245
1753370411526 9.999999974752427e-07 246
1753370429164 9.999999974752427e-07 247
1753370446470 9.999999974752427e-07 248
1753370464242 9.999999974752427e-07 249
1753370482372 9.999999974752427e-07 250
1753370500021 9.999999974752427e-07 251
1753370517534 9.999999974752427e-07 252
1753370535241 9.999999974752427e-07 253
1753370552943 9.999999974752427e-07 254
1753370570651 9.999999974752427e-07 255
1753370588375 9.999999974752427e-07 256
1753370606036 9.999999974752427e-07 257
1753370623145 9.999999974752427e-07 258
1753370640317 9.999999974752427e-07 259
1753370657733 9.999999974752427e-07 260
1753370675189 9.999999974752427e-07 261
1753370692635 9.999999974752427e-07 262
1753370710510 9.999999974752427e-07 263
1753370727879 9.999999974752427e-07 264
1753370745473 9.999999974752427e-07 265
1753370762708 9.999999974752427e-07 266
1753370780069 9.999999974752427e-07 267
1753370797594 9.999999974752427e-07 268
1753370815296 9.999999974752427e-07 269
1753370832963 9.999999974752427e-07 270
1753370850657 9.999999974752427e-07 271
1753370868377 9.999999974752427e-07 272
1753370886101 9.999999974752427e-07 273
1753370903671 9.999999974752427e-07 274
1753370921353 9.999999974752427e-07 275
1753370939168 9.999999974752427e-07 276
1753370956398 9.999999974752427e-07 277
1753370973446 9.999999974752427e-07 278
1753370990349 9.999999974752427e-07 279
1753371007764 9.999999974752427e-07 280
1753371025696 9.999999974752427e-07 281
1753371043476 9.999999974752427e-07 282
1753371060822 9.999999974752427e-07 283
1753371078980 9.999999974752427e-07 284
1753371096208 9.999999974752427e-07 285
1753371113652 9.999999974752427e-07 286
1753371131264 9.999999974752427e-07 287
1753371148927 9.999999974752427e-07 288
1753371165808 9.999999974752427e-07 289
1753371183528 9.999999974752427e-07 290
1753371200687 9.999999974752427e-07 291
1753371218193 9.999999974752427e-07 292
1753371235655 9.999999974752427e-07 293
1753371252700 9.999999974752427e-07 294
1753371269979 9.999999974752427e-07 295
1753371287670 9.999999974752427e-07 296
1753371305126 9.999999974752427e-07 297
1753371322530 9.999999974752427e-07 298
1753371340282 9.999999974752427e-07 299
1753371358346 9.999999974752427e-07 300
