1753349608465 1.0 0
1753349623111 2.0 0
1753349638139 3.0 0
1753349653200 4.0 0
1753349668063 5.0 0
1753349682908 6.0 0
1753349697580 7.0 0
1753349712209 8.0 0
1753349726765 9.0 0
1753349755731 11.0 0
1753349770667 12.0 0
1753349785203 13.0 0
1753349799816 14.0 0
1753349814595 15.0 0
1753349829051 16.0 0
1753349843640 17.0 0
1753349858212 18.0 0
1753349873090 19.0 0
1753349887861 20.0 0
1753349902434 21.0 0
1753349917097 22.0 0
1753349931818 23.0 0
1753349946389 24.0 0
1753349960879 25.0 0
1753349975452 26.0 0
1753349989972 27.0 0
1753350004724 28.0 0
1753350019629 29.0 0
1753350034216 30.0 0
1753350048926 31.0 0
1753350063374 32.0 0
1753350078175 33.0 0
1753350092997 34.0 0
1753350107443 35.0 0
1753350121930 36.0 0
1753350136788 37.0 0
1753350151410 38.0 0
1753350165844 39.0 0
1753350180510 40.0 0
1753350195145 41.0 0
1753350209774 42.0 0
1753350224771 43.0 0
1753350239840 44.0 0
1753350254754 45.0 0
1753350269552 46.0 0
1753350284024 47.0 0
1753350298751 48.0 0
1753350313458 49.0 0
1753350342836 51.0 0
1753350357660 52.0 0
1753350372655 53.0 0
1753350387314 54.0 0
1753350401810 55.0 0
1753350431235 57.0 0
1753350446244 58.0 0
1753350475378 60.0 0
1753350490385 61.0 0
1753350505168 62.0 0
1753350519714 63.0 0
1753350548906 65.0 0
1753350577898 67.0 0
1753350636538 71.0 0
1753350651193 72.0 0
1753350665889 73.0 0
1753350753541 79.0 0
