1753349596256 0.63781 1
1753349611819 0.52678 2
1753349626423 0.46913 3
1753349641379 0.42218 4
1753349656429 0.38209 5
1753349671306 0.3464 6
1753349686233 0.31415 7
1753349700882 0.28557 8
1753349715476 0.25977 9
1753349730020 0.23361 10
1753349744423 0.19752 11
1753349758933 0.17625 12
1753349773886 0.15842 13
1753349788451 0.14296 14
1753349803107 0.12965 15
1753349817830 0.11809 16
1753349832341 0.10799 17
1753349846957 0.09916 18
1753349861451 0.09141 19
1753349876323 0.08459 20
1753349891156 0.07861 21
1753349905725 0.07333 22
1753349920361 0.06864 23
1753349935112 0.06442 24
1753349949615 0.06069 25
1753349964138 0.05736 26
1753349978676 0.05438 27
1753349993159 0.05169 28
1753350007905 0.04923 29
1753350022868 0.04709 30
1753350037513 0.04509 31
1753350052212 0.04332 32
1753350066668 0.04168 33
1753350081447 0.04015 34
1753350096153 0.03879 35
1753350110712 0.03754 36
1753350125223 0.03642 37
1753350140038 0.03536 38
1753350154614 0.03437 39
1753350169110 0.03347 40
1753350183798 0.03264 41
1753350198448 0.03187 42
1753350213494 0.03114 43
1753350228055 0.03048 44
1753350243329 0.02984 45
1753350258153 0.02928 46
1753350272750 0.02873 47
1753350287308 0.02822 48
1753350302019 0.02774 49
1753350316662 0.02731 50
1753350331375 0.02689 51
1753350345998 0.02651 52
1753350360943 0.0261 53
1753350375953 0.02577 54
1753350390512 0.02544 55
1753350405052 0.02516 56
1753350419861 0.02484 57
1753350434985 0.02454 58
1753350449475 0.02428 59
1753350464076 0.02405 60
1753350478663 0.0238 61
1753350493649 0.02357 62
1753350508389 0.02337 63
1753350522989 0.02316 64
1753350537525 0.02297 65
1753350552072 0.02279 66
1753350566580 0.02261 67
1753350581193 0.02244 68
1753350595968 0.02229 69
1753350610653 0.02211 70
1753350625260 0.02195 71
1753350639811 0.02186 72
1753350654487 0.02169 73
1753350669147 0.02157 74
1753350683700 0.02147 75
1753350698178 0.02131 76
1753350712710 0.02119 77
1753350727512 0.02112 78
1753350742245 0.02099 79
1753350756793 0.02092 80
1753350771270 0.0208 81
1753350785754 0.0207 82
1753350800227 0.02062 83
1753350814801 0.02052 84
1753350829254 0.02045 85
1753350843802 0.02037 86
1753350858719 0.02027 87
1753350873302 0.0202 88
1753350887792 0.02004 89
1753350902360 0.01997 90
1753350916841 0.01997 91
1753350931384 0.01991 92
1753350945974 0.01992 93
1753350960815 0.01989 94
1753350975354 0.01987 95
1753350989905 0.01984 96
1753351004375 0.01986 97
1753351018981 0.01982 98
1753351033517 0.01981 99
1753351048029 0.0198 100
1753351062564 0.0198 101
1753351077341 0.01978 102
1753351092319 0.01976 103
1753351106874 0.01978 104
1753351121433 0.01975 105
1753351135895 0.01976 106
1753351150413 0.01974 107
1753351164900 0.01977 108
1753351179384 0.01974 109
1753351193842 0.01974 110
1753351208692 0.01976 111
1753351223511 0.01975 112
1753351237954 0.01976 113
1753351252543 0.01973 114
1753351267308 0.01973 115
1753351281906 0.01974 116
1753351296549 0.01976 117
1753351311775 0.01973 118
1753351326418 0.01975 119
1753351341060 0.01973 120
1753351355527 0.01976 121
1753351370235 0.01974 122
1753351384865 0.01974 123
1753351399332 0.01974 124
1753351413764 0.01975 125
1753351428319 0.01976 126
1753351443069 0.01976 127
1753351457861 0.01972 128
1753351472405 0.01975 129
1753351487266 0.01973 130
1753351501788 0.01973 131
1753351516256 0.01976 132
1753351530838 0.01973 133
1753351545353 0.01975 134
1753351559985 0.01975 135
1753351574938 0.01974 136
1753351589483 0.01973 137
1753351603987 0.01975 138
1753351618781 0.01974 139
1753351633393 0.01972 140
1753351647998 0.01974 141
1753351662577 0.01977 142
1753351677375 0.01973 143
1753351691919 0.01973 144
1753351706386 0.01973 145
1753351720937 0.01973 146
1753351735455 0.01975 147
1753351750087 0.01974 148
1753351764668 0.01974 149
1753351779148 0.01973 150
1753351794042 0.01974 151
1753351808866 0.01972 152
1753351823488 0.01975 153
1753351838109 0.01973 154
1753351852805 0.01972 155
1753351867343 0.01972 156
1753351881874 0.01973 157
1753351896433 0.01973 158
1753351910869 0.01973 159
1753351925737 0.01973 160
1753351940506 0.01972 161
1753351955045 0.01975 162
1753351969700 0.01973 163
1753351984483 0.01974 164
1753351999001 0.01973 165
1753352013436 0.01975 166
1753352028525 0.01975 167
1753352043222 0.01974 168
1753352057703 0.01972 169
1753352072153 0.01972 170
1753352086543 0.01972 171
1753352101078 0.01974 172
1753352115478 0.01973 173
1753352130053 0.01972 174
1753352144983 0.01976 175
1753352159805 0.01974 176
1753352174601 0.01974 177
1753352189104 0.01974 178
1753352204221 0.01973 179
1753352219125 0.01972 180
1753352233617 0.01972 181
1753352248072 0.01973 182
1753352262600 0.01971 183
1753352277080 0.01973 184
1753352291914 0.01973 185
1753352306438 0.01973 186
1753352320980 0.01973 187
1753352335745 0.01972 188
1753352350333 0.01973 189
1753352364837 0.01973 190
1753352379559 0.01971 191
1753352394616 0.01973 192
1753352409159 0.01972 193
1753352423660 0.01974 194
1753352438160 0.01972 195
1753352452737 0.01973 196
1753352467307 0.01974 197
1753352481813 0.01974 198
1753352496548 0.01973 199
1753352511475 0.01972 200
1753352526312 0.01971 201
1753352540944 0.01973 202
1753352555591 0.01973 203
1753352570344 0.01972 204
1753352584940 0.01971 205
1753352599525 0.01972 206
1753352614265 0.01971 207
1753352628989 0.0197 208
1753352643797 0.01973 209
1753352658459 0.01973 210
1753352672975 0.01972 211
1753352687694 0.01971 212
1753352702382 0.01971 213
1753352716903 0.01972 214
1753352731459 0.01972 215
1753352746233 0.01971 216
1753352760794 0.01972 217
1753352775504 0.0197 218
1753352790238 0.01972 219
1753352804850 0.01972 220
1753352819400 0.01971 221
1753352834267 0.0197 222
1753352848899 0.01972 223
1753352863955 0.01971 224
1753352878859 0.01971 225
1753352893550 0.01973 226
1753352908238 0.01971 227
1753352923013 0.01971 228
1753352937842 0.01971 229
1753352952355 0.01973 230
1753352966830 0.0197 231
1753352981344 0.0197 232
1753352995884 0.01971 233
1753353010831 0.0197 234
1753353025403 0.01973 235
1753353040080 0.01971 236
1753353054972 0.01971 237
1753353069577 0.01972 238
1753353084067 0.01972 239
1753353098579 0.01971 240
1753353113300 0.01972 241
1753353127851 0.01972 242
1753353142524 0.0197 243
1753353156973 0.01969 244
1753353171448 0.01971 245
1753353185991 0.01973 246
1753353200466 0.0197 247
1753353215120 0.01969 248
1753353230251 0.01969 249
1753353245040 0.01971 250
1753353259655 0.0197 251
1753353274528 0.0197 252
1753353289046 0.0197 253
1753353303617 0.0197 254
1753353318152 0.01971 255
1753353332724 0.01968 256
1753353347247 0.01971 257
1753353362179 0.01971 258
1753353376985 0.01972 259
1753353391498 0.0197 260
1753353405907 0.01969 261
1753353420681 0.0197 262
1753353435134 0.01969 263
1753353449606 0.01971 264
1753353464369 0.0197 265
1753353478926 0.01968 266
1753353493426 0.01969 267
1753353507928 0.0197 268
1753353522447 0.01971 269
1753353537002 0.01969 270
1753353551373 0.01969 271
1753353565800 0.01969 272
1753353580551 0.01969 273
1753353595266 0.0197 274
1753353610026 0.01968 275
1753353624523 0.01969 276
1753353639351 0.0197 277
1753353653928 0.0197 278
1753353668448 0.01968 279
1753353683121 0.0197 280
1753353697989 0.01969 281
1753353712399 0.0197 282
1753353727200 0.01968 283
1753353741890 0.01969 284
1753353756391 0.0197 285
1753353771158 0.01969 286
1753353785672 0.01968 287
1753353800147 0.01968 288
1753353814734 0.0197 289
1753353829605 0.01968 290
1753353844400 0.01969 291
1753353858912 0.01968 292
1753353873449 0.01966 293
1753353888175 0.01968 294
1753353902701 0.01969 295
1753353917276 0.01967 296
1753353931852 0.01968 297
1753353946735 0.0197 298
1753353961532 0.01968 299
1753353976042 0.01968 300
