1753349608480 0.0010000000474974513 1
1753349623119 0.0010000000474974513 2
1753349638145 0.0010000000474974513 3
1753349653211 0.0010000000474974513 4
1753349668070 0.0010000000474974513 5
1753349682918 0.0010000000474974513 6
1753349697596 0.0010000000474974513 7
1753349712216 0.0010000000474974513 8
1753349726772 0.0010000000474974513 9
1753349741226 0.0010000000474974513 10
1753349755737 0.0010000000474974513 11
1753349770674 0.0010000000474974513 12
1753349785209 0.0010000000474974513 13
1753349799825 0.0010000000474974513 14
1753349814601 0.0010000000474974513 15
1753349829059 0.0010000000474974513 16
1753349843649 0.0010000000474974513 17
1753349858219 0.0010000000474974513 18
1753349873104 0.0010000000474974513 19
1753349887868 0.0010000000474974513 20
1753349902461 0.0010000000474974513 21
1753349917108 0.0010000000474974513 22
1753349931828 0.0010000000474974513 23
1753349946394 0.0010000000474974513 24
1753349960885 0.0010000000474974513 25
1753349975457 0.0010000000474974513 26
1753349989978 0.0010000000474974513 27
1753350004734 0.0010000000474974513 28
1753350019645 0.0010000000474974513 29
1753350034226 0.0010000000474974513 30
1753350048933 0.0010000000474974513 31
1753350063380 0.0010000000474974513 32
1753350078181 0.0010000000474974513 33
1753350093003 0.0010000000474974513 34
1753350107448 0.0010000000474974513 35
1753350121935 0.0010000000474974513 36
1753350136794 0.0010000000474974513 37
1753350151418 0.0010000000474974513 38
1753350165854 0.0010000000474974513 39
1753350180520 0.0010000000474974513 40
1753350195155 0.0010000000474974513 41
1753350209780 0.0010000000474974513 42
1753350224776 0.0010000000474974513 43
1753350239847 0.0010000000474974513 44
1753350254759 0.0010000000474974513 45
1753350269558 0.0010000000474974513 46
1753350284029 0.0010000000474974513 47
1753350298767 0.0010000000474974513 48
1753350313467 0.0010000000474974513 49
1753350328121 0.0010000000474974513 50
1753350342844 0.0010000000474974513 51
1753350357666 0.0010000000474974513 52
1753350372661 0.0010000000474974513 53
1753350387320 0.0010000000474974513 54
1753350401816 0.0010000000474974513 55
1753350416610 0.0010000000474974513 56
1753350431240 0.0010000000474974513 57
1753350446249 0.0010000000474974513 58
1753350460789 0.0010000000474974513 59
1753350475387 0.0010000000474974513 60
1753350490393 0.0010000000474974513 61
1753350505174 0.0010000000474974513 62
1753350519721 0.0010000000474974513 63
1753350534298 0.0010000000474974513 64
1753350548911 0.0010000000474974513 65
1753350563378 0.0010000000474974513 66
1753350577905 0.0010000000474974513 67
1753350592751 0.0010000000474974513 68
1753350607404 0.0010000000474974513 69
1753350622009 0.0010000000474974513 70
1753350636546 0.0010000000474974513 71
1753350651198 0.0010000000474974513 72
1753350665894 0.0010000000474974513 73
1753350680460 0.0010000000474974513 74
1753350694930 0.0010000000474974513 75
1753350709456 0.0010000000474974513 76
1753350724218 0.0010000000474974513 77
1753350739036 0.0010000000474974513 78
1753350753550 0.0010000000474974513 79
1753350768044 0.0010000000474974513 80
1753350782496 0.0010000000474974513 81
1753350797028 0.0010000000474974513 82
1753350811580 0.0010000000474974513 83
1753350826002 0.0010000000474974513 84
1753350840529 0.0010000000474974513 85
1753350855436 0.0010000000474974513 86
1753350870017 0.0010000000474974513 87
1753350884518 0.00020000000949949026 88
1753350899080 0.00020000000949949026 89
1753350913567 0.00020000000949949026 90
1753350928093 0.00020000000949949026 91
1753350942696 0.00020000000949949026 92
1753350957549 0.00020000000949949026 93
1753350972075 0.00020000000949949026 94
1753350986698 0.00020000000949949026 95
1753351001126 0.00020000000949949026 96
1753351015696 4.0000002627493814e-05 97
1753351030235 4.0000002627493814e-05 98
1753351044756 4.0000002627493814e-05 99
1753351059310 4.0000002627493814e-05 100
1753351074135 4.0000002627493814e-05 101
1753351089033 4.0000002627493814e-05 102
1753351103600 4.0000002627493814e-05 103
1753351118186 4.0000002627493814e-05 104
1753351132720 4.0000002627493814e-05 105
1753351147165 8.000000889296643e-06 106
1753351161679 8.000000889296643e-06 107
1753351176186 8.000000889296643e-06 108
1753351190583 8.000000889296643e-06 109
1753351205455 8.000000889296643e-06 110
1753351220235 8.000000889296643e-06 111
1753351234763 8.000000889296643e-06 112
1753351249268 8.000000889296643e-06 113
1753351264038 8.000000889296643e-06 114
1753351278737 1.6000001323845936e-06 115
1753351293411 1.6000001323845936e-06 116
1753351308532 1.6000001323845936e-06 117
1753351323145 1.6000001323845936e-06 118
1753351337880 1.6000001323845936e-06 119
1753351352311 1.6000001323845936e-06 120
1753351366970 1.6000001323845936e-06 121
1753351381674 1.6000001323845936e-06 122
1753351396149 1.6000001323845936e-06 123
1753351410590 9.999999974752427e-07 124
1753351425047 9.999999974752427e-07 125
1753351439807 9.999999974752427e-07 126
1753351454619 9.999999974752427e-07 127
1753351469143 9.999999974752427e-07 128
1753351484002 9.999999974752427e-07 129
1753351498570 9.999999974752427e-07 130
1753351513021 9.999999974752427e-07 131
1753351527646 9.999999974752427e-07 132
1753351542175 9.999999974752427e-07 133
1753351556695 9.999999974752427e-07 134
1753351571647 9.999999974752427e-07 135
1753351586240 9.999999974752427e-07 136
1753351600705 9.999999974752427e-07 137
1753351615590 9.999999974752427e-07 138
1753351630142 9.999999974752427e-07 139
1753351644756 9.999999974752427e-07 140
1753351659312 9.999999974752427e-07 141
1753351674091 9.999999974752427e-07 142
1753351688657 9.999999974752427e-07 143
1753351703133 9.999999974752427e-07 144
1753351717666 9.999999974752427e-07 145
1753351732190 9.999999974752427e-07 146
1753351746817 9.999999974752427e-07 147
1753351761402 9.999999974752427e-07 148
1753351775874 9.999999974752427e-07 149
1753351790768 9.999999974752427e-07 150
1753351805613 9.999999974752427e-07 151
1753351820211 9.999999974752427e-07 152
1753351834804 9.999999974752427e-07 153
1753351849537 9.999999974752427e-07 154
1753351864079 9.999999974752427e-07 155
1753351878611 9.999999974752427e-07 156
1753351893248 9.999999974752427e-07 157
1753351907673 9.999999974752427e-07 158
1753351922467 9.999999974752427e-07 159
1753351937262 9.999999974752427e-07 160
1753351951830 9.999999974752427e-07 161
1753351966390 9.999999974752427e-07 162
1753351981238 9.999999974752427e-07 163
1753351995712 9.999999974752427e-07 164
1753352010149 9.999999974752427e-07 165
1753352025248 9.999999974752427e-07 166
1753352039946 9.999999974752427e-07 167
1753352054441 9.999999974752427e-07 168
1753352068923 9.999999974752427e-07 169
1753352083321 9.999999974752427e-07 170
1753352097791 9.999999974752427e-07 171
1753352112291 9.999999974752427e-07 172
1753352126779 9.999999974752427e-07 173
1753352141711 9.999999974752427e-07 174
1753352156550 9.999999974752427e-07 175
1753352171330 9.999999974752427e-07 176
1753352185834 9.999999974752427e-07 177
1753352200658 9.999999974752427e-07 178
1753352215504 9.999999974752427e-07 179
1753352230384 9.999999974752427e-07 180
1753352244859 9.999999974752427e-07 181
1753352259370 9.999999974752427e-07 182
1753352273827 9.999999974752427e-07 183
1753352288680 9.999999974752427e-07 184
1753352303222 9.999999974752427e-07 185
1753352317693 9.999999974752427e-07 186
1753352332512 9.999999974752427e-07 187
1753352347045 9.999999974752427e-07 188
1753352361602 9.999999974752427e-07 189
1753352376291 9.999999974752427e-07 190
1753352391351 9.999999974752427e-07 191
1753352405873 9.999999974752427e-07 192
1753352420394 9.999999974752427e-07 193
1753352434864 9.999999974752427e-07 194
1753352449439 9.999999974752427e-07 195
1753352464054 9.999999974752427e-07 196
1753352478523 9.999999974752427e-07 197
1753352493296 9.999999974752427e-07 198
1753352508245 9.999999974752427e-07 199
1753352523078 9.999999974752427e-07 200
1753352537699 9.999999974752427e-07 201
1753352552343 9.999999974752427e-07 202
1753352567061 9.999999974752427e-07 203
1753352581662 9.999999974752427e-07 204
1753352596252 9.999999974752427e-07 205
1753352610973 9.999999974752427e-07 206
1753352625715 9.999999974752427e-07 207
1753352640573 9.999999974752427e-07 208
1753352655287 9.999999974752427e-07 209
1753352669774 9.999999974752427e-07 210
1753352684435 9.999999974752427e-07 211
1753352699135 9.999999974752427e-07 212
1753352713659 9.999999974752427e-07 213
1753352728249 9.999999974752427e-07 214
1753352742970 9.999999974752427e-07 215
1753352757488 9.999999974752427e-07 216
1753352772220 9.999999974752427e-07 217
1753352786998 9.999999974752427e-07 218
1753352801634 9.999999974752427e-07 219
1753352816243 9.999999974752427e-07 220
1753352830681 9.999999974752427e-07 221
1753352845625 9.999999974752427e-07 222
1753352860654 9.999999974752427e-07 223
1753352875643 9.999999974752427e-07 224
1753352890276 9.999999974752427e-07 225
1753352905003 9.999999974752427e-07 226
1753352919762 9.999999974752427e-07 227
1753352934568 9.999999974752427e-07 228
1753352949110 9.999999974752427e-07 229
1753352963575 9.999999974752427e-07 230
1753352978091 9.999999974752427e-07 231
1753352992625 9.999999974752427e-07 232
1753353007469 9.999999974752427e-07 233
1753353022217 9.999999974752427e-07 234
1753353036869 9.999999974752427e-07 235
1753353051773 9.999999974752427e-07 236
1753353066310 9.999999974752427e-07 237
1753353080842 9.999999974752427e-07 238
1753353095317 9.999999974752427e-07 239
1753353110045 9.999999974752427e-07 240
1753353124585 9.999999974752427e-07 241
1753353139345 9.999999974752427e-07 242
1753353153745 9.999999974752427e-07 243
1753353168199 9.999999974752427e-07 244
1753353182729 9.999999974752427e-07 245
1753353197205 9.999999974752427e-07 246
1753353211866 9.999999974752427e-07 247
1753353227004 9.999999974752427e-07 248
1753353241785 9.999999974752427e-07 249
1753353256347 9.999999974752427e-07 250
1753353271265 9.999999974752427e-07 251
1753353285791 9.999999974752427e-07 252
1753353300340 9.999999974752427e-07 253
1753353314872 9.999999974752427e-07 254
1753353329444 9.999999974752427e-07 255
1753353343964 9.999999974752427e-07 256
1753353358909 9.999999974752427e-07 257
1753353373718 9.999999974752427e-07 258
1753353388213 9.999999974752427e-07 259
1753353402692 9.999999974752427e-07 260
1753353417451 9.999999974752427e-07 261
1753353431904 9.999999974752427e-07 262
1753353446407 9.999999974752427e-07 263
1753353461209 9.999999974752427e-07 264
1753353475653 9.999999974752427e-07 265
1753353490212 9.999999974752427e-07 266
1753353504724 9.999999974752427e-07 267
1753353519196 9.999999974752427e-07 268
1753353533702 9.999999974752427e-07 269
1753353548166 9.999999974752427e-07 270
1753353562619 9.999999974752427e-07 271
1753353577336 9.999999974752427e-07 272
1753353592067 9.999999974752427e-07 273
1753353606751 9.999999974752427e-07 274
1753353621330 9.999999974752427e-07 275
1753353636156 9.999999974752427e-07 276
1753353650677 9.999999974752427e-07 277
1753353665189 9.999999974752427e-07 278
1753353679822 9.999999974752427e-07 279
1753353694757 9.999999974752427e-07 280
1753353709201 9.999999974752427e-07 281
1753353724003 9.999999974752427e-07 282
1753353738615 9.999999974752427e-07 283
1753353753097 9.999999974752427e-07 284
1753353767898 9.999999974752427e-07 285
1753353782384 9.999999974752427e-07 286
1753353796886 9.999999974752427e-07 287
1753353811518 9.999999974752427e-07 288
1753353826298 9.999999974752427e-07 289
1753353841102 9.999999974752427e-07 290
1753353855701 9.999999974752427e-07 291
1753353870224 9.999999974752427e-07 292
1753353884896 9.999999974752427e-07 293
1753353899439 9.999999974752427e-07 294
1753353914039 9.999999974752427e-07 295
1753353928538 9.999999974752427e-07 296
1753353943443 9.999999974752427e-07 297
1753353958322 9.999999974752427e-07 298
1753353972772 9.999999974752427e-07 299
1753353987612 9.999999974752427e-07 300
