1751306223175 1.0 0
1751306225933 2.0 0
1751306228748 3.0 0
1751306231490 4.0 0
1751306234212 5.0 0
1751306236936 6.0 0
1751306239630 7.0 0
1751306242387 8.0 0
1751306245043 9.0 0
1751306247897 10.0 0
1751306250777 11.0 0
1751306253571 12.0 0
1751306256542 13.0 0
1751306259738 14.0 0
1751306262536 15.0 0
1751306265370 16.0 0
1751306268132 17.0 0
1751306270917 18.0 0
1751306273697 19.0 0
1751306276540 20.0 0
1751306279239 21.0 0
1751306281964 22.0 0
1751306284756 23.0 0
1751306287540 24.0 0
1751306290227 25.0 0
1751306292938 26.0 0
1751306295583 27.0 0
1751306300895 29.0 0
1751306303351 30.0 0
1751306305850 31.0 0
1751306308307 32.0 0
1751306313272 34.0 0
1751306315765 35.0 0
1751306318420 36.0 0
1751306321027 37.0 0
1751306323608 38.0 0
1751306326129 39.0 0
1751306328719 40.0 0
1751306331306 41.0 0
1751306333801 42.0 0
1751306336264 43.0 0
1751306338911 44.0 0
1751306341379 45.0 0
1751306343887 46.0 0
1751306346501 47.0 0
1751306349061 48.0 0
1751306351734 49.0 0
1751306354250 50.0 0
1751306356789 51.0 0
1751306359380 52.0 0
1751306361889 53.0 0
1751306364402 54.0 0
1751306366911 55.0 0
1751306369546 56.0 0
1751306372038 57.0 0
1751306374533 58.0 0
1751306379674 60.0 0
1751306384737 62.0 0
1751306387247 63.0 0
1751306389739 64.0 0
1751306392230 65.0 0
1751306394675 66.0 0
1751306397120 67.0 0
1751306399547 68.0 0
1751306404369 70.0 0
1751306406989 71.0 0
1751306409722 72.0 0
1751306412551 73.0 0
1751306420698 76.0 0
1751306423482 77.0 0
1751306426150 78.0 0
1751306428826 79.0 0
1751306431582 80.0 0
1751306434617 81.0 0
1751306438094 82.0 0
1751306441464 83.0 0
1751306445416 84.0 0
1751306449038 85.0 0
1751306452492 86.0 0
1751306456046 87.0 0
1751306462764 89.0 0
1751306466334 90.0 0
1751306470284 91.0 0
1751306477276 93.0 0
1751306480885 94.0 0
1751306484341 95.0 0
1751306487822 96.0 0
1751306500528 100.0 0
1751306503217 101.0 0
1751306510704 104.0 0
1751306515737 106.0 0
1751306518312 107.0 0
1751306525758 110.0 0
1751306533398 113.0 0
1751306535839 114.0 0
1751306543328 117.0 0
1751306548137 119.0 0
1751306550534 120.0 0
1751306552965 121.0 0
1751306560411 124.0 0
1751306562898 125.0 0
1751306567841 127.0 0
1751306570391 128.0 0
1751306575364 130.0 0
1751306577850 131.0 0
1751306582990 133.0 0
1751306585626 134.0 0
1751306591035 136.0 0
1751306593757 137.0 0
1751306596557 138.0 0
1751306607334 142.0 0
1751306610067 143.0 0
1751306615559 145.0 0
1751306618330 146.0 0
1751306623840 148.0 0
1751306629446 150.0 0
1751306634869 152.0 0
1751306639851 154.0 0
1751306644902 156.0 0
1751306647376 157.0 0
1751306659932 162.0 0
1751306664925 164.0 0
1751306672744 167.0 0
1751306685437 172.0 0
1751306690587 174.0 0
1751306708604 181.0 0
1751306711268 182.0 0
1751306713873 183.0 0
1751306719149 185.0 0
1751306729450 189.0 0
1751306734648 191.0 0
1751306737217 192.0 0
1751306742610 194.0 0
1751306750830 197.0 0
1751306753623 198.0 0
1751306761769 201.0 0
1751306764388 202.0 0
1751306769589 204.0 0
1751306780049 208.0 0
1751306790551 212.0 0
1751306800398 216.0 0
1751306807876 219.0 0
1751306827198 227.0 0
1751306829626 228.0 0
1751306844198 234.0 0
1751306849083 236.0 0
1751306869286 244.0 0
1751306889169 252.0 0
1751306894325 254.0 0
1751306897030 255.0 0
1751306907738 259.0 0
1751306924074 265.0 0
