1751306221896 0.70304 1
1751306225387 0.65602 2
1751306228166 0.61368 3
1751306230927 0.57581 4
1751306233641 0.54483 5
1751306236384 0.51983 6
1751306239055 0.49988 7
1751306241850 0.48306 8
1751306244486 0.46879 9
1751306247300 0.45462 10
1751306250166 0.4418 11
1751306252971 0.42927 12
1751306255943 0.41754 13
1751306259000 0.40608 14
1751306261923 0.3961 15
1751306264781 0.38479 16
1751306267547 0.37403 17
1751306270303 0.36374 18
1751306273095 0.35426 19
1751306275942 0.34429 20
1751306278654 0.33515 21
1751306281353 0.32599 22
1751306284170 0.31734 23
1751306286954 0.30856 24
1751306289630 0.30056 25
1751306292340 0.2925 26
1751306295022 0.28436 27
1751306297650 0.27694 28
1751306300315 0.26965 29
1751306302828 0.26387 30
1751306305351 0.25528 31
1751306307781 0.24826 32
1751306310290 0.24191 33
1751306312743 0.23487 34
1751306315223 0.22832 35
1751306317848 0.22206 36
1751306320509 0.21651 37
1751306323094 0.21077 38
1751306325605 0.20518 39
1751306328174 0.19987 40
1751306330787 0.19443 41
1751306333284 0.18917 42
1751306335739 0.18463 43
1751306338375 0.17977 44
1751306340869 0.17507 45
1751306343370 0.17053 46
1751306345875 0.16628 47
1751306348511 0.16209 48
1751306351170 0.1579 49
1751306353729 0.15388 50
1751306356251 0.15012 51
1751306358850 0.1462 52
1751306361366 0.14265 53
1751306363882 0.13919 54
1751306366391 0.13594 55
1751306369023 0.13303 56
1751306371526 0.12957 57
1751306374001 0.1267 58
1751306376540 0.12373 59
1751306379140 0.12113 60
1751306381690 0.11826 61
1751306384203 0.11564 62
1751306386734 0.11337 63
1751306389226 0.11075 64
1751306391707 0.10855 65
1751306394162 0.10641 66
1751306396608 0.10366 67
1751306399018 0.10149 68
1751306401433 0.09938 69
1751306403857 0.0971 70
1751306406413 0.09531 71
1751306409126 0.09382 72
1751306411909 0.09188 73
1751306414680 0.08982 74
1751306417353 0.08789 75
1751306420106 0.08632 76
1751306422892 0.08454 77
1751306425571 0.08309 78
1751306428251 0.08157 79
1751306430996 0.08027 80
1751306433933 0.07861 81
1751306437254 0.07724 82
1751306440710 0.07573 83
1751306444461 0.07468 84
1751306448298 0.07335 85
1751306451604 0.07232 86
1751306455166 0.07091 87
1751306458640 0.06947 88
1751306461904 0.06892 89
1751306465512 0.06753 90
1751306469285 0.06648 91
1751306473109 0.06505 92
1751306476402 0.06424 93
1751306479991 0.06339 94
1751306483528 0.06251 95
1751306486995 0.06159 96
1751306490554 0.06078 97
1751306493782 0.06001 98
1751306496992 0.05885 99
1751306499854 0.0581 100
1751306502689 0.05737 101
1751306505218 0.05641 102
1751306507682 0.05603 103
1751306510153 0.05508 104
1751306512649 0.05447 105
1751306515173 0.0533 106
1751306517794 0.05277 107
1751306520307 0.05211 108
1751306522767 0.05131 109
1751306525239 0.05071 110
1751306527708 0.04992 111
1751306530161 0.04945 112
1751306532888 0.04876 113
1751306535330 0.04809 114
1751306537802 0.04723 115
1751306540261 0.04654 116
1751306542792 0.04571 117
1751306545224 0.04531 118
1751306547624 0.04456 119
1751306550025 0.04428 120
1751306552445 0.0436 121
1751306554907 0.04358 122
1751306557368 0.04292 123
1751306559882 0.04261 124
1751306562372 0.04253 125
1751306564846 0.04179 126
1751306567310 0.04136 127
1751306569858 0.04044 128
1751306572381 0.04016 129
1751306574834 0.03997 130
1751306577314 0.03917 131
1751306579830 0.03887 132
1751306582390 0.0387 133
1751306585064 0.03818 134
1751306587747 0.03786 135
1751306590452 0.03743 136
1751306593177 0.03701 137
1751306595954 0.03697 138
1751306598688 0.03671 139
1751306601395 0.03639 140
1751306604079 0.03621 141
1751306606749 0.03566 142
1751306609501 0.03528 143
1751306612236 0.03493 144
1751306614961 0.03477 145
1751306617723 0.03476 146
1751306620509 0.03427 147
1751306623205 0.03423 148
1751306626059 0.03391 149
1751306628842 0.0336 150
1751306631647 0.03319 151
1751306634331 0.03264 152
1751306636855 0.03253 153
1751306639325 0.0322 154
1751306641878 0.03196 155
1751306644382 0.03222 156
1751306646853 0.03179 157
1751306649398 0.03189 158
1751306651934 0.03175 159
1751306654370 0.03127 160
1751306656892 0.03119 161
1751306659411 0.03083 162
1751306661895 0.03049 163
1751306664383 0.03038 164
1751306666921 0.03046 165
1751306669624 0.02991 166
1751306672209 0.02991 167
1751306674787 0.02964 168
1751306677333 0.02951 169
1751306679914 0.02922 170
1751306682427 0.02914 171
1751306684902 0.02894 172
1751306687431 0.02864 173
1751306690033 0.02869 174
1751306692590 0.02857 175
1751306695166 0.02837 176
1751306697758 0.02862 177
1751306700311 0.02788 178
1751306702875 0.02795 179
1751306705440 0.0276 180
1751306708050 0.02736 181
1751306710693 0.0275 182
1751306713307 0.0274 183
1751306715898 0.02717 184
1751306718595 0.0271 185
1751306721182 0.02686 186
1751306723749 0.02666 187
1751306726280 0.02653 188
1751306728902 0.02635 189
1751306731571 0.02659 190
1751306734105 0.02599 191
1751306736682 0.02629 192
1751306739327 0.02599 193
1751306742018 0.02605 194
1751306744708 0.0262 195
1751306747469 0.02594 196
1751306750229 0.02566 197
1751306753044 0.0256 198
1751306755890 0.02552 199
1751306758551 0.02583 200
1751306761184 0.02516 201
1751306763822 0.02523 202
1751306766440 0.02487 203
1751306769016 0.02506 204
1751306771657 0.02453 205
1751306774286 0.02447 206
1751306776893 0.02455 207
1751306779478 0.02448 208
1751306782169 0.02451 209
1751306784955 0.02448 210
1751306787616 0.02475 211
1751306790042 0.02427 212
1751306792461 0.02402 213
1751306794870 0.0242 214
1751306797347 0.02394 215
1751306799831 0.02417 216
1751306802386 0.02387 217
1751306804882 0.02363 218
1751306807351 0.02365 219
1751306809786 0.02348 220
1751306812166 0.02382 221
1751306814528 0.02351 222
1751306816932 0.02356 223
1751306819373 0.02347 224
1751306821771 0.02321 225
1751306824303 0.02316 226
1751306826680 0.02298 227
1751306829112 0.0229 228
1751306831521 0.02257 229
1751306834002 0.02266 230
1751306836427 0.02263 231
1751306838788 0.02262 232
1751306841141 0.02241 233
1751306843662 0.02267 234
1751306846129 0.0227 235
1751306848581 0.02235 236
1751306850971 0.02234 237
1751306853490 0.02228 238
1751306855925 0.02208 239
1751306858475 0.02215 240
1751306861241 0.02262 241
1751306863808 0.02225 242
1751306866323 0.02197 243
1751306868771 0.02201 244
1751306871244 0.02192 245
1751306873701 0.02192 246
1751306876104 0.02186 247
1751306878581 0.02179 248
1751306881047 0.02194 249
1751306883521 0.02147 250
1751306886136 0.02159 251
1751306888648 0.02161 252
1751306891134 0.02151 253
1751306893712 0.02184 254
1751306896445 0.0215 255
1751306899189 0.02172 256
1751306901786 0.0215 257
1751306904442 0.0214 258
1751306907151 0.02152 259
1751306909920 0.02136 260
1751306912617 0.0214 261
1751306915356 0.02128 262
1751306918022 0.02132 263
1751306920694 0.02104 264
1751306923464 0.02085 265
1751306926245 0.02088 266
1751306928987 0.02106 267
1751306931742 0.02107 268
1751306934491 0.02088 269
1751306937247 0.02104 270
1751306939952 0.02165 271
1751306942657 0.0213 272
1751306945331 0.02122 273
1751306947824 0.02088 274
1751306950414 0.02078 275
