1749684237565 1.0 0
1749685026640 2.0 0
1749685822243 3.0 0
1749686629630 4.0 0
1749687440307 5.0 0
1749688252630 6.0 0
1749689066479 7.0 0
1749689881577 8.0 0
1749690697322 9.0 0
1749691514618 10.0 0
1749692331934 11.0 0
1749693151025 12.0 0
1749693970424 13.0 0
1749694790816 14.0 0
1749695611119 15.0 0
1749696432755 16.0 0
1749698077943 18.0 0
1749698900172 19.0 0
1749699723564 20.0 0
1749700548156 21.0 0
1749701372314 22.0 0
1749702198271 23.0 0
1749703022957 24.0 0
1749703849494 25.0 0
1749704676092 26.0 0
1749707156378 29.0 0
1749707983551 30.0 0
1749708811372 31.0 0
1749712123718 35.0 0
1749713781565 37.0 0
1749714611452 38.0 0
1749717100960 41.0 0
1749719592588 44.0 0
1749721253834 46.0 0
1749724579308 50.0 0
