1749684094248 0.35998 1
1749684881520 0.19333 2
1749685675059 0.11323 3
1749686480311 0.07313 4
1749687290340 0.05245 5
1749688102735 0.04039 6
1749688916028 0.03356 7
1749689730254 0.02937 8
1749690546584 0.02661 9
1749691363353 0.02467 10
1749692180623 0.02332 11
1749692999432 0.0223 12
1749693818960 0.02153 13
1749694639286 0.02088 14
1749695459405 0.0204 15
1749696280467 0.02005 16
1749697102122 0.01973 17
1749697925659 0.01942 18
1749698748378 0.01925 19
1749699571160 0.01908 20
1749700395902 0.01882 21
1749701220064 0.01867 22
1749702044723 0.01854 23
1749702870271 0.01846 24
1749703696520 0.01839 25
1749704523206 0.01827 26
1749705349614 0.0182 27
1749706176839 0.01811 28
1749707003548 0.0181 29
1749707830746 0.01804 30
1749708657899 0.01793 31
1749709486043 0.01789 32
1749710312911 0.01786 33
1749711140914 0.01777 34
1749711969452 0.01777 35
1749712798958 0.01779 36
1749713628167 0.01772 37
1749714457795 0.01773 38
1749715287552 0.01764 39
1749716117871 0.01762 40
1749716947897 0.01758 41
1749717776733 0.01755 42
1749718607902 0.01756 43
1749719438901 0.01751 44
1749720268973 0.01746 45
1749721099847 0.01748 46
1749721930721 0.01745 47
1749722760790 0.01744 48
1749723592878 0.01742 49
1749724425066 0.01741 50
1749725257503 0.01738 51
1749726088685 0.01735 52
1749726920521 0.01735 53
1749727751946 0.01731 54
1749728582057 0.0173 55
1749729406470 0.01731 56
1749730213330 0.01731 57
1749731017352 0.01728 58
1749731820767 0.01727 59
1749732626754 0.01727 60
