1749241975117 1.0 0
1749242063584 2.0 0
1749242170015 3.0 0
1749242269959 4.0 0
1749242369221 5.0 0
1749242466424 6.0 0
1749242560638 7.0 0
1749242654463 8.0 0
1749242747106 9.0 0
1749242844404 10.0 0
1749242945257 11.0 0
1749243043519 12.0 0
1749243143072 13.0 0
1749243241461 14.0 0
1749243342426 15.0 0
1749243442117 16.0 0
1749243541749 17.0 0
1749243640211 18.0 0
1749243736113 19.0 0
1749243832298 20.0 0
1749243929673 21.0 0
1749244035740 22.0 0
1749244135828 23.0 0
1749244227732 24.0 0
1749244317957 25.0 0
1749244409061 26.0 0
1749244500344 27.0 0
1749244591270 28.0 0
1749244683187 29.0 0
1749244775039 30.0 0
1749244957783 32.0 0
1749245049499 33.0 0
1749245141249 34.0 0
1749245324631 36.0 0
1749245416841 37.0 0
1749245600839 39.0 0
1749245693195 40.0 0
1749246153897 45.0 0
1749246797830 52.0 0
1749247346720 58.0 0
