1749241958895 1.30007 1
1749242047569 1.12469 2
1749242151365 1.02835 3
1749242248742 0.90773 4
1749242351553 0.80316 5
1749242449008 0.71343 6
1749242543658 0.63413 7
1749242637595 0.56319 8
1749242730039 0.49229 9
1749242826092 0.40774 10
1749242927639 0.33223 11
1749243025545 0.2715 12
1749243125005 0.22185 13
1749243223485 0.17945 14
1749243323646 0.14522 15
1749243424219 0.1217 16
1749243523856 0.10477 17
1749243622278 0.09177 18
1749243718572 0.08181 19
1749243814909 0.07436 20
1749243911247 0.06866 21
1749244017171 0.06395 22
1749244117182 0.06014 23
1749244211414 0.05694 24
1749244301371 0.05468 25
1749244392636 0.05221 26
1749244483759 0.05019 27
1749244574644 0.04862 28
1749244666422 0.04727 29
1749244758437 0.04553 30
1749244849910 0.04462 31
1749244941310 0.04361 32
1749245032721 0.04256 33
1749245124649 0.04141 34
1749245216209 0.04059 35
1749245307928 0.03989 36
1749245399946 0.03902 37
1749245492038 0.0384 38
1749245584065 0.03776 39
1749245676339 0.03734 40
1749245768625 0.03678 41
1749245860719 0.03614 42
1749245952812 0.03569 43
1749246045114 0.0355 44
1749246137093 0.03506 45
1749246229191 0.03483 46
1749246321443 0.03455 47
1749246413639 0.03428 48
1749246505851 0.03404 49
1749246598059 0.03374 50
1749246690069 0.03353 51
1749246781261 0.03335 52
1749246872965 0.03322 53
1749246964527 0.03346 54
1749247055858 0.03352 55
1749247147008 0.03315 56
1749247238412 0.03376 57
1749247330061 0.03334 58
1749247421384 0.03349 59
1749247512277 0.03369 60
1749247602982 0.03335 61
1749247694051 0.03293 62
1749247784131 0.03254 63
1749247874600 0.03215 64
1749247967633 0.03191 65
1749248058734 0.03176 66
1749248148339 0.03163 67
1749248238339 0.03157 68
