1751908770507 1.0 0
1751908993808 2.0 0
1751909219857 3.0 0
1751909443624 4.0 0
1751909666548 5.0 0
1751909894862 6.0 0
1751910117602 7.0 0
1751910344424 8.0 0
1751910565992 9.0 0
1751910793543 10.0 0
1751911019122 11.0 0
1751911244248 12.0 0
1751911477380 13.0 0
1751911704434 14.0 0
1751911933309 15.0 0
1751912158519 16.0 0
1751912388771 17.0 0
1751912610009 18.0 0
1751912839020 19.0 0
1751913064200 20.0 0
1751913294418 21.0 0
1751913520321 22.0 0
1751913971561 24.0 0
1751914423256 26.0 0
1751914644448 27.0 0
1751915097659 29.0 0
1751915321491 30.0 0
1751915547840 31.0 0
1751915771343 32.0 0
1751916231555 34.0 0
1751916920037 37.0 0
1751918978232 46.0 0
1751920119227 51.0 0
1751921744521 58.0 0
