1751908642949 0.49112 1
1751908941948 0.19523 2
1751909164464 0.08598 3
1751909390423 0.05084 4
1751909613403 0.03674 5
1751909839304 0.03006 6
1751910065560 0.02641 7
1751910286126 0.02424 8
1751910514065 0.02278 9
1751910736977 0.02185 10
1751910967204 0.02114 11
1751911190052 0.02062 12
1751911421854 0.02023 13
1751911648910 0.01991 14
1751911878542 0.01967 15
1751912106276 0.01948 16
1751912332205 0.01931 17
1751912558455 0.01915 18
1751912780745 0.01903 19
1751913011198 0.01893 20
1751913236708 0.01886 21
1751913467683 0.01879 22
1751913689234 0.01868 23
1751913916791 0.01862 24
1751914144011 0.01857 25
1751914368258 0.01852 26
1751914592250 0.0185 27
1751914818185 0.01843 28
1751915045169 0.0184 29
1751915266992 0.01835 30
1751915493916 0.01832 31
1751915718367 0.0183 32
1751915947058 0.01828 33
1751916178316 0.01825 34
1751916404909 0.01823 35
1751916633563 0.01819 36
1751916861246 0.01818 37
1751917092752 0.01814 38
1751917315611 0.0181 39
1751917546854 0.0181 40
1751917775566 0.01806 41
1751918006265 0.01806 42
1751918232006 0.01803 43
1751918460788 0.01803 44
1751918691494 0.01798 45
1751918919327 0.01796 46
1751919152764 0.01792 47
1751919380463 0.01794 48
1751919610769 0.01787 49
1751919837260 0.01787 50
1751920065464 0.01786 51
1751920292693 0.01785 52
1751920524224 0.01781 53
1751920765237 0.01784 54
1751920993997 0.01777 55
1751921230205 0.01777 56
1751921457695 0.01779 57
1751921687889 0.01775 58
1751921918380 0.01773 59
1751922141624 0.01771 60
1751922371804 0.0177 61
1751922606392 0.01767 62
1751922843515 0.01767 63
1751923066658 0.01768 64
1751923291420 0.01765 65
1751923515984 0.01768 66
1751923740692 0.01763 67
1751923965087 0.01762 68
