1753376988237 1.0 0
1753377020897 2.0 0
1753377053642 3.0 0
1753377086338 4.0 0
1753377118990 5.0 0
1753377152134 6.0 0
1753377184937 7.0 0
1753377218647 8.0 0
1753377251518 9.0 0
1753377284286 10.0 0
1753377317783 11.0 0
1753377350695 12.0 0
1753377383575 13.0 0
1753377416552 14.0 0
1753377449425 15.0 0
1753377482623 16.0 0
1753377515317 17.0 0
1753377548554 18.0 0
1753377581742 19.0 0
1753377615294 20.0 0
1753377648401 21.0 0
1753377681412 22.0 0
1753377714487 23.0 0
1753377747480 24.0 0
1753377780295 25.0 0
1753377813738 26.0 0
1753377880175 28.0 0
1753377913016 29.0 0
1753377946030 30.0 0
1753378045269 33.0 0
1753378078861 34.0 0
1753378112347 35.0 0
