1753376969475 0.51566 1
1753377004018 0.35156 2
1753377036712 0.25239 3
1753377069328 0.18443 4
1753377102076 0.13678 5
1753377134692 0.10438 6
1753377167903 0.08236 7
1753377200648 0.06728 8
1753377234421 0.05666 9
1753377267270 0.049 10
1753377299980 0.0433 11
1753377333541 0.03902 12
1753377366416 0.03571 13
1753377399364 0.03314 14
1753377432214 0.03114 15
1753377465211 0.02944 16
1753377498314 0.02803 17
1753377531355 0.02692 18
1753377564514 0.026 19
1753377597669 0.02519 20
1753377631279 0.02451 21
1753377664405 0.02391 22
1753377697478 0.02334 23
1753377730292 0.0229 24
1753377763381 0.02252 25
1753377796201 0.02218 26
1753377829593 0.02182 27
1753377863201 0.02155 28
1753377896049 0.02132 29
1753377928929 0.02104 30
1753377961902 0.02084 31
1753377994751 0.02066 32
1753378027717 0.02047 33
1753378061201 0.02031 34
1753378094748 0.02018 35
1753378128060 0.02002 36
1753378161180 0.01991 37
1753378194798 0.01982 38
1753378227791 0.0197 39
1753378261301 0.01958 40
1753378295117 0.01945 41
1753378328653 0.01937 42
1753378362264 0.01929 43
1753378395020 0.01923 44
1753378428716 0.01901 45
1753378461350 0.01891 46
1753378494502 0.01889 47
1753378528232 0.01888 48
1753378561993 0.01885 49
1753378595228 0.01882 50
1753378628987 0.01881 51
1753378662597 0.01875 52
1753378696213 0.01878 53
1753378730068 0.01869 54
1753378763684 0.01868 55
1753378796846 0.01866 56
1753378830391 0.01866 57
1753378864200 0.01866 58
1753378897529 0.01865 59
1753378930154 0.01866 60
1753378963641 0.01865 61
1753378997281 0.01862 62
1753379031774 0.01863 63
1753379065313 0.0186 64
1753379099177 0.01864 65
1753379132815 0.01862 66
1753379166385 0.01861 67
1753379200239 0.01861 68
1753379233705 0.01862 69
1753379267441 0.0186 70
1753379300911 0.01861 71
1753379334513 0.01862 72
1753379368085 0.01858 73
1753379400941 0.01862 74
1753379434949 0.01864 75
1753379468467 0.01859 76
1753379502061 0.0186 77
1753379534813 0.01863 78
1753379568476 0.0186 79
1753379602201 0.01861 80
1753379635135 0.01862 81
1753379667994 0.01861 82
1753379701734 0.01861 83
1753379735237 0.01861 84
1753379768472 0.0186 85
1753379802032 0.01862 86
1753379836372 0.01859 87
1753379869877 0.0186 88
1753379902753 0.0186 89
1753379936351 0.0186 90
1753379969929 0.01859 91
1753380002724 0.01862 92
1753380036451 0.0186 93
1753380069612 0.01861 94
1753380103150 0.01859 95
1753380136687 0.0186 96
1753380170099 0.01858 97
1753380203646 0.0186 98
1753380237222 0.01862 99
1753380270610 0.0186 100
1753380303509 0.0186 101
1753380337038 0.01861 102
1753380370396 0.01861 103
1753380404153 0.01858 104
1753380437734 0.01859 105
1753380471377 0.01859 106
1753380505130 0.01861 107
1753380538545 0.01858 108
1753380571935 0.0186 109
1753380605295 0.01861 110
1753380639542 0.01859 111
1753380672388 0.0186 112
1753380705488 0.01858 113
1753380739344 0.01858 114
1753380773548 0.01857 115
1753380806987 0.0186 116
1753380840298 0.01859 117
1753380873678 0.01859 118
1753380906439 0.0186 119
1753380939202 0.0186 120
1753380973600 0.01859 121
1753381006803 0.01859 122
1753381039963 0.0186 123
1753381073516 0.01859 124
1753381107156 0.0186 125
1753381141126 0.01859 126
1753381175213 0.0186 127
1753381208186 0.01859 128
1753381241000 0.01858 129
1753381274678 0.01857 130
1753381307997 0.01858 131
1753381340671 0.0186 132
1753381373885 0.01859 133
1753381407235 0.01861 134
1753381441081 0.01855 135
1753381475494 0.01858 136
1753381508251 0.01856 137
1753381542275 0.01858 138
1753381575571 0.01857 139
1753381609604 0.01857 140
1753381642858 0.01858 141
1753381675818 0.0186 142
1753381709160 0.0186 143
1753381742924 0.01858 144
1753381775804 0.01857 145
1753381808775 0.01855 146
1753381842251 0.01857 147
1753381876465 0.01854 148
1753381910525 0.01858 149
1753381943966 0.01858 150
1753381977512 0.01857 151
1753382010948 0.01857 152
1753382044970 0.01859 153
1753382078996 0.01861 154
1753382112996 0.01856 155
1753382147570 0.01857 156
1753382181093 0.01857 157
1753382215227 0.01859 158
1753382248596 0.01855 159
1753382282063 0.01858 160
1753382315338 0.01856 161
1753382349456 0.01859 162
1753382382746 0.01857 163
1753382415428 0.0186 164
1753382449203 0.01857 165
1753382482091 0.01857 166
1753382516016 0.01857 167
1753382548743 0.01856 168
1753382582793 0.01855 169
1753382616212 0.01858 170
1753382650541 0.01856 171
1753382684676 0.01856 172
1753382717541 0.01856 173
1753382750514 0.01856 174
1753382783157 0.01856 175
1753382815751 0.01856 176
1753382848863 0.01854 177
1753382882172 0.01856 178
1753382915775 0.01856 179
1753382949105 0.01855 180
1753382982650 0.01856 181
1753383016702 0.01853 182
1753383050713 0.01856 183
1753383083958 0.01857 184
1753383117168 0.01854 185
1753383151126 0.01853 186
1753383184216 0.01856 187
1753383217553 0.01854 188
1753383251007 0.01856 189
1753383283870 0.01857 190
1753383317856 0.01853 191
1753383351144 0.01854 192
1753383384784 0.01858 193
1753383417515 0.01855 194
1753383451860 0.01854 195
1753383485753 0.01851 196
1753383518628 0.01854 197
1753383552693 0.01855 198
1753383586690 0.01855 199
1753383620725 0.01851 200
1753383654271 0.01852 201
1753383688201 0.01855 202
1753383722170 0.01854 203
1753383755748 0.01855 204
1753383790211 0.01852 205
1753383824230 0.01853 206
1753383858235 0.01856 207
1753383890802 0.01853 208
1753383924314 0.01852 209
1753383957905 0.01853 210
1753383990838 0.01853 211
1753384023922 0.01852 212
1753384057237 0.01853 213
1753384090047 0.01852 214
1753384124052 0.01854 215
1753384157725 0.01854 216
1753384191053 0.01854 217
1753384224046 0.01853 218
1753384257539 0.01853 219
1753384291489 0.01852 220
1753384325522 0.01852 221
1753384358474 0.01854 222
1753384392574 0.01853 223
1753384425937 0.01853 224
1753384459425 0.0185 225
1753384493428 0.01853 226
1753384527387 0.0185 227
1753384561022 0.01852 228
1753384594603 0.01853 229
1753384628572 0.01851 230
1753384662727 0.01853 231
1753384696650 0.0185 232
1753384730794 0.01853 233
1753384763548 0.01849 234
1753384797215 0.01851 235
1753384831283 0.0185 236
1753384865267 0.0185 237
1753384898697 0.01851 238
1753384932315 0.01849 239
1753384965954 0.01852 240
1753384998621 0.01852 241
1753385031582 0.01851 242
1753385065083 0.01848 243
1753385098725 0.01854 244
1753385131713 0.0185 245
1753385165692 0.01851 246
1753385199847 0.0185 247
1753385233435 0.0185 248
1753385267025 0.01848 249
1753385301043 0.01851 250
1753385335097 0.0185 251
1753385369125 0.0185 252
1753385402548 0.01849 253
1753385436076 0.01852 254
1753385469597 0.01848 255
1753385503049 0.0185 256
1753385537140 0.01851 257
1753385570489 0.01848 258
1753385603679 0.0185 259
1753385637701 0.01848 260
1753385671773 0.01851 261
1753385705760 0.01851 262
1753385739218 0.01851 263
1753385773207 0.01847 264
1753385806642 0.01848 265
1753385840713 0.01849 266
1753385874761 0.0185 267
1753385908757 0.01849 268
1753385942163 0.01847 269
1753385976221 0.01849 270
1753386010260 0.01851 271
1753386043882 0.01848 272
1753386076556 0.01848 273
1753386110579 0.01848 274
1753386144170 0.01847 275
1753386178153 0.01849 276
1753386211813 0.01846 277
1753386245168 0.01848 278
1753386279140 0.01849 279
1753386313128 0.01851 280
1753386346587 0.01848 281
1753386380070 0.01847 282
1753386414236 0.01847 283
1753386447694 0.0185 284
1753386481421 0.01846 285
1753386515560 0.01848 286
1753386548828 0.01849 287
1753386582932 0.01848 288
1753386616448 0.01846 289
1753386649164 0.0185 290
1753386683185 0.01847 291
1753386715948 0.01845 292
1753386749333 0.01847 293
1753386783296 0.01845 294
1753386816772 0.01847 295
1753386849434 0.01847 296
1753386883587 0.01846 297
1753386917049 0.01846 298
1753386950540 0.01849 299
1753386984687 0.01848 300
