1753376988246 0.0010000000474974513 1
1753377020914 0.0010000000474974513 2
1753377053651 0.0010000000474974513 3
1753377086343 0.0010000000474974513 4
1753377118996 0.0010000000474974513 5
1753377152139 0.0010000000474974513 6
1753377184946 0.0010000000474974513 7
1753377218654 0.0010000000474974513 8
1753377251539 0.0010000000474974513 9
1753377284292 0.0010000000474974513 10
1753377317792 0.0010000000474974513 11
1753377350705 0.0010000000474974513 12
1753377383581 0.0010000000474974513 13
1753377416559 0.0010000000474974513 14
1753377449437 0.0010000000474974513 15
1753377482638 0.0010000000474974513 16
1753377515326 0.0010000000474974513 17
1753377548560 0.0010000000474974513 18
1753377581748 0.0010000000474974513 19
1753377615300 0.0010000000474974513 20
1753377648408 0.0010000000474974513 21
1753377681423 0.0010000000474974513 22
1753377714494 0.0010000000474974513 23
1753377747487 0.0010000000474974513 24
1753377780301 0.0010000000474974513 25
1753377813746 0.0010000000474974513 26
1753377847423 0.0010000000474974513 27
1753377880181 0.0010000000474974513 28
1753377913023 0.0010000000474974513 29
1753377946039 0.0010000000474974513 30
1753377978978 0.0010000000474974513 31
1753378011771 0.0010000000474974513 32
1753378045275 0.0010000000474974513 33
1753378078868 0.0010000000474974513 34
1753378112356 0.0010000000474974513 35
1753378145313 0.0010000000474974513 36
1753378178985 0.0010000000474974513 37
1753378211888 0.0010000000474974513 38
1753378245613 0.0010000000474974513 39
1753378279163 0.0010000000474974513 40
1753378312957 0.0010000000474974513 41
1753378346430 0.0010000000474974513 42
1753378379163 0.0010000000474974513 43
1753378412785 0.00020000000949949026 44
1753378445542 0.00020000000949949026 45
1753378478620 0.00020000000949949026 46
1753378512467 0.00020000000949949026 47
1753378546076 0.00020000000949949026 48
1753378579467 0.00020000000949949026 49
1753378613062 0.00020000000949949026 50
1753378646801 0.00020000000949949026 51
1753378680429 0.00020000000949949026 52
1753378714060 4.0000002627493814e-05 53
1753378747801 4.0000002627493814e-05 54
1753378780955 4.0000002627493814e-05 55
1753378814536 4.0000002627493814e-05 56
1753378848246 4.0000002627493814e-05 57
1753378881556 4.0000002627493814e-05 58
1753378914380 4.0000002627493814e-05 59
1753378947872 4.0000002627493814e-05 60
1753378981356 4.0000002627493814e-05 61
1753379016006 8.000000889296643e-06 62
1753379049492 8.000000889296643e-06 63
1753379083271 8.000000889296643e-06 64
1753379116984 8.000000889296643e-06 65
1753379150504 8.000000889296643e-06 66
1753379184382 8.000000889296643e-06 67
1753379217860 8.000000889296643e-06 68
1753379251533 8.000000889296643e-06 69
1753379285102 8.000000889296643e-06 70
1753379318766 1.6000001323845936e-06 71
1753379352183 1.6000001323845936e-06 72
1753379385052 1.6000001323845936e-06 73
1753379419149 1.6000001323845936e-06 74
1753379452793 1.6000001323845936e-06 75
1753379486312 1.6000001323845936e-06 76
1753379519048 1.6000001323845936e-06 77
1753379552673 1.6000001323845936e-06 78
1753379586328 1.6000001323845936e-06 79
1753379619201 9.999999974752427e-07 80
1753379652081 9.999999974752427e-07 81
1753379685833 9.999999974752427e-07 82
1753379719458 9.999999974752427e-07 83
1753379752560 9.999999974752427e-07 84
1753379786065 9.999999974752427e-07 85
1753379820460 9.999999974752427e-07 86
1753379854044 9.999999974752427e-07 87
1753379886970 9.999999974752427e-07 88
1753379920452 9.999999974752427e-07 89
1753379954064 9.999999974752427e-07 90
1753379986832 9.999999974752427e-07 91
1753380020490 9.999999974752427e-07 92
1753380053632 9.999999974752427e-07 93
1753380087220 9.999999974752427e-07 94
1753380120905 9.999999974752427e-07 95
1753380154391 9.999999974752427e-07 96
1753380187689 9.999999974752427e-07 97
1753380221359 9.999999974752427e-07 98
1753380254795 9.999999974752427e-07 99
1753380287599 9.999999974752427e-07 100
1753380321218 9.999999974752427e-07 101
1753380354691 9.999999974752427e-07 102
1753380388340 9.999999974752427e-07 103
1753380422027 9.999999974752427e-07 104
1753380455615 9.999999974752427e-07 105
1753380489191 9.999999974752427e-07 106
1753380522800 9.999999974752427e-07 107
1753380556061 9.999999974752427e-07 108
1753380589620 9.999999974752427e-07 109
1753380623709 9.999999974752427e-07 110
1753380656609 9.999999974752427e-07 111
1753380689704 9.999999974752427e-07 112
1753380723649 9.999999974752427e-07 113
1753380757697 9.999999974752427e-07 114
1753380791282 9.999999974752427e-07 115
1753380824473 9.999999974752427e-07 116
1753380857938 9.999999974752427e-07 117
1753380890720 9.999999974752427e-07 118
1753380923441 9.999999974752427e-07 119
1753380957581 9.999999974752427e-07 120
1753380991024 9.999999974752427e-07 121
1753381024168 9.999999974752427e-07 122
1753381057576 9.999999974752427e-07 123
1753381091357 9.999999974752427e-07 124
1753381125393 9.999999974752427e-07 125
1753381159532 9.999999974752427e-07 126
1753381192278 9.999999974752427e-07 127
1753381225122 9.999999974752427e-07 128
1753381258991 9.999999974752427e-07 129
1753381292339 9.999999974752427e-07 130
1753381324798 9.999999974752427e-07 131
1753381358189 9.999999974752427e-07 132
1753381391523 9.999999974752427e-07 133
1753381425118 9.999999974752427e-07 134
1753381459714 9.999999974752427e-07 135
1753381492595 9.999999974752427e-07 136
1753381526651 9.999999974752427e-07 137
1753381559946 9.999999974752427e-07 138
1753381593943 9.999999974752427e-07 139
1753381627239 9.999999974752427e-07 140
1753381659928 9.999999974752427e-07 141
1753381693509 9.999999974752427e-07 142
1753381727132 9.999999974752427e-07 143
1753381759994 9.999999974752427e-07 144
1753381793025 9.999999974752427e-07 145
1753381826440 9.999999974752427e-07 146
1753381860711 9.999999974752427e-07 147
1753381894897 9.999999974752427e-07 148
1753381928329 9.999999974752427e-07 149
1753381961711 9.999999974752427e-07 150
1753381995162 9.999999974752427e-07 151
1753382029342 9.999999974752427e-07 152
1753382063207 9.999999974752427e-07 153
1753382097374 9.999999974752427e-07 154
1753382131817 9.999999974752427e-07 155
1753382165425 9.999999974752427e-07 156
1753382199451 9.999999974752427e-07 157
1753382232949 9.999999974752427e-07 158
1753382266263 9.999999974752427e-07 159
1753382299686 9.999999974752427e-07 160
1753382333713 9.999999974752427e-07 161
1753382367076 9.999999974752427e-07 162
1753382399642 9.999999974752427e-07 163
1753382433457 9.999999974752427e-07 164
1753382466267 9.999999974752427e-07 165
1753382500359 9.999999974752427e-07 166
1753382532990 9.999999974752427e-07 167
1753382567038 9.999999974752427e-07 168
1753382600538 9.999999974752427e-07 169
1753382634889 9.999999974752427e-07 170
1753382668871 9.999999974752427e-07 171
1753382701629 9.999999974752427e-07 172
1753382734879 9.999999974752427e-07 173
1753382767476 9.999999974752427e-07 174
1753382800058 9.999999974752427e-07 175
1753382833029 9.999999974752427e-07 176
1753382866280 9.999999974752427e-07 177
1753382900049 9.999999974752427e-07 178
1753382933331 9.999999974752427e-07 179
1753382966967 9.999999974752427e-07 180
1753383001014 9.999999974752427e-07 181
1753383035030 9.999999974752427e-07 182
1753383068193 9.999999974752427e-07 183
1753383101334 9.999999974752427e-07 184
1753383135506 9.999999974752427e-07 185
1753383168470 9.999999974752427e-07 186
1753383201909 9.999999974752427e-07 187
1753383235182 9.999999974752427e-07 188
1753383268015 9.999999974752427e-07 189
1753383301841 9.999999974752427e-07 190
1753383335464 9.999999974752427e-07 191
1753383369026 9.999999974752427e-07 192
1753383401703 9.999999974752427e-07 193
1753383436222 9.999999974752427e-07 194
1753383470155 9.999999974752427e-07 195
1753383502984 9.999999974752427e-07 196
1753383536965 9.999999974752427e-07 197
1753383571034 9.999999974752427e-07 198
1753383605057 9.999999974752427e-07 199
1753383638607 9.999999974752427e-07 200
1753383672580 9.999999974752427e-07 201
1753383706548 9.999999974752427e-07 202
1753383740130 9.999999974752427e-07 203
1753383774577 9.999999974752427e-07 204
1753383808554 9.999999974752427e-07 205
1753383842606 9.999999974752427e-07 206
1753383875188 9.999999974752427e-07 207
1753383908654 9.999999974752427e-07 208
1753383942084 9.999999974752427e-07 209
1753383975101 9.999999974752427e-07 210
1753384008124 9.999999974752427e-07 211
1753384041596 9.999999974752427e-07 212
1753384074103 9.999999974752427e-07 213
1753384108440 9.999999974752427e-07 214
1753384141772 9.999999974752427e-07 215
1753384175426 9.999999974752427e-07 216
1753384208364 9.999999974752427e-07 217
1753384241686 9.999999974752427e-07 218
1753384275808 9.999999974752427e-07 219
1753384309858 9.999999974752427e-07 220
1753384342715 9.999999974752427e-07 221
1753384376907 9.999999974752427e-07 222
1753384410337 9.999999974752427e-07 223
1753384443694 9.999999974752427e-07 224
1753384477773 9.999999974752427e-07 225
1753384511770 9.999999974752427e-07 226
1753384545201 9.999999974752427e-07 227
1753384578798 9.999999974752427e-07 228
1753384612922 9.999999974752427e-07 229
1753384646993 9.999999974752427e-07 230
1753384680967 9.999999974752427e-07 231
1753384715007 9.999999974752427e-07 232
1753384747877 9.999999974752427e-07 233
1753384781578 9.999999974752427e-07 234
1753384815515 9.999999974752427e-07 235
1753384849641 9.999999974752427e-07 236
1753384883051 9.999999974752427e-07 237
1753384916498 9.999999974752427e-07 238
1753384950169 9.999999974752427e-07 239
1753384982928 9.999999974752427e-07 240
1753385015957 9.999999974752427e-07 241
1753385049223 9.999999974752427e-07 242
1753385083007 9.999999974752427e-07 243
1753385115827 9.999999974752427e-07 244
1753385149828 9.999999974752427e-07 245
1753385184117 9.999999974752427e-07 246
1753385217761 9.999999974752427e-07 247
1753385251334 9.999999974752427e-07 248
1753385285402 9.999999974752427e-07 249
1753385319414 9.999999974752427e-07 250
1753385353511 9.999999974752427e-07 251
1753385386882 9.999999974752427e-07 252
1753385420308 9.999999974752427e-07 253
1753385453826 9.999999974752427e-07 254
1753385487419 9.999999974752427e-07 255
1753385521385 9.999999974752427e-07 256
1753385554848 9.999999974752427e-07 257
1753385588065 9.999999974752427e-07 258
1753385622028 9.999999974752427e-07 259
1753385656136 9.999999974752427e-07 260
1753385690122 9.999999974752427e-07 261
1753385723524 9.999999974752427e-07 262
1753385757594 9.999999974752427e-07 263
1753385790957 9.999999974752427e-07 264
1753385824995 9.999999974752427e-07 265
1753385859151 9.999999974752427e-07 266
1753385893145 9.999999974752427e-07 267
1753385926485 9.999999974752427e-07 268
1753385960598 9.999999974752427e-07 269
1753385994594 9.999999974752427e-07 270
1753386028195 9.999999974752427e-07 271
1753386060839 9.999999974752427e-07 272
1753386094934 9.999999974752427e-07 273
1753386128266 9.999999974752427e-07 274
1753386162535 9.999999974752427e-07 275
1753386196116 9.999999974752427e-07 276
1753386229520 9.999999974752427e-07 277
1753386263523 9.999999974752427e-07 278
1753386297499 9.999999974752427e-07 279
1753386330878 9.999999974752427e-07 280
1753386364440 9.999999974752427e-07 281
1753386398452 9.999999974752427e-07 282
1753386432033 9.999999974752427e-07 283
1753386465755 9.999999974752427e-07 284
1753386499857 9.999999974752427e-07 285
1753386533200 9.999999974752427e-07 286
1753386567145 9.999999974752427e-07 287
1753386600685 9.999999974752427e-07 288
1753386633403 9.999999974752427e-07 289
1753386667571 9.999999974752427e-07 290
1753386700164 9.999999974752427e-07 291
1753386733597 9.999999974752427e-07 292
1753386767691 9.999999974752427e-07 293
1753386801131 9.999999974752427e-07 294
1753386833756 9.999999974752427e-07 295
1753386867801 9.999999974752427e-07 296
1753386901413 9.999999974752427e-07 297
1753386934842 9.999999974752427e-07 298
1753386968912 9.999999974752427e-07 299
1753387003031 9.999999974752427e-07 300
