1753370326064 1.0 0
1753370345071 2.0 0
1753370364652 3.0 0
1753370384068 4.0 0
1753370403318 5.0 0
1753370423058 6.0 0
1753370441868 7.0 0
1753370460339 8.0 0
1753370479206 9.0 0
1753370498883 10.0 0
1753370518226 11.0 0
1753370537491 12.0 0
1753370556221 13.0 0
1753370575219 14.0 0
1753370594000 15.0 0
1753370612643 16.0 0
1753370631671 17.0 0
1753370650389 18.0 0
1753370669190 19.0 0
1753370688198 20.0 0
1753370706894 21.0 0
1753370725724 22.0 0
1753370744527 23.0 0
1753370763090 24.0 0
1753370781827 25.0 0
1753370801219 26.0 0
1753370819971 27.0 0
1753370838702 28.0 0
1753370857677 29.0 0
1753370876742 30.0 0
1753370895569 31.0 0
1753370914588 32.0 0
1753370933340 33.0 0
1753370951965 34.0 0
1753370970991 35.0 0
1753370990160 36.0 0
1753371009642 37.0 0
1753371028750 38.0 0
1753371086381 41.0 0
1753371104943 42.0 0
1753371124368 43.0 0
1753371143436 44.0 0
1753371162741 45.0 0
1753371181392 46.0 0
1753371200954 47.0 0
1753371276547 51.0 0
1753371333215 54.0 0
1753371370735 56.0 0
1753371427124 59.0 0
1753371445842 60.0 0
