1753370311376 0.61779 1
1753370330901 0.50647 2
1753370349790 0.43643 3
1753370369464 0.37867 4
1753370388795 0.32803 5
1753370408155 0.28343 6
1753370427805 0.24455 7
1753370446633 0.21106 8
1753370465141 0.18265 9
1753370484012 0.15865 10
1753370503660 0.13849 11
1753370523063 0.12056 12
1753370542271 0.10504 13
1753370561049 0.0929 14
1753370579969 0.08295 15
1753370598816 0.0746 16
1753370617457 0.06771 17
1753370636431 0.06183 18
1753370655202 0.05683 19
1753370674006 0.0526 20
1753370692961 0.049 21
1753370711618 0.04597 22
1753370730513 0.04316 23
1753370749260 0.0408 24
1753370767903 0.03877 25
1753370786701 0.03698 26
1753370805948 0.03543 27
1753370824757 0.03399 28
1753370843499 0.03279 29
1753370862518 0.03164 30
1753370881474 0.03063 31
1753370900407 0.02981 32
1753370919369 0.02895 33
1753370938162 0.02825 34
1753370956750 0.02758 35
1753370975738 0.02692 36
1753370994878 0.02641 37
1753371014411 0.02589 38
1753371033575 0.02543 39
1753371053121 0.02498 40
1753371072145 0.02461 41
1753371091086 0.02429 42
1753371109810 0.02396 43
1753371129161 0.02356 44
1753371148210 0.02332 45
1753371167488 0.02309 46
1753371186223 0.02281 47
1753371205748 0.0226 48
1753371224610 0.02232 49
1753371243078 0.02212 50
1753371262478 0.02201 51
1753371281316 0.02175 52
1753371300180 0.02158 53
1753371319145 0.02142 54
1753371337987 0.02127 55
1753371356753 0.02115 56
1753371375543 0.02097 57
1753371394189 0.02086 58
1753371413106 0.0208 59
1753371431967 0.02065 60
1753371450663 0.02052 61
1753371469606 0.02048 62
1753371488465 0.02032 63
1753371507718 0.02025 64
1753371526163 0.02015 65
1753371545312 0.02007 66
1753371564357 0.02002 67
1753371583589 0.01993 68
1753371602470 0.01981 69
1753371621231 0.01966 70
1753371640027 0.01957 71
1753371658921 0.01954 72
1753371677747 0.01953 73
1753371696368 0.0195 74
1753371715274 0.01948 75
1753371734188 0.01946 76
1753371752896 0.01944 77
1753371771860 0.01939 78
1753371791304 0.01935 79
1753371809989 0.01936 80
1753371828857 0.0194 81
1753371847941 0.01933 82
1753371867195 0.01933 83
1753371886198 0.01933 84
1753371905117 0.01935 85
1753371924038 0.01933 86
1753371943362 0.01932 87
1753371961842 0.01934 88
1753371980351 0.01932 89
1753371999593 0.01931 90
1753372018021 0.01929 91
1753372036527 0.01929 92
1753372055596 0.0193 93
1753372074238 0.01932 94
1753372093216 0.01934 95
1753372112490 0.01932 96
1753372131332 0.01929 97
1753372150152 0.01929 98
1753372168866 0.01929 99
1753372187733 0.01931 100
1753372206482 0.01928 101
1753372225403 0.01932 102
1753372244708 0.01928 103
1753372263491 0.01928 104
1753372282307 0.01932 105
1753372301395 0.0193 106
1753372320430 0.01931 107
1753372339422 0.01929 108
1753372358494 0.01928 109
1753372377244 0.01929 110
1753372396417 0.0193 111
1753372415651 0.01931 112
1753372434511 0.01928 113
1753372453143 0.0193 114
1753372471794 0.01926 115
1753372490450 0.0193 116
1753372508990 0.0193 117
1753372527325 0.01927 118
1753372545862 0.0193 119
1753372564864 0.01931 120
1753372583768 0.01932 121
1753372602456 0.01927 122
1753372622006 0.01925 123
1753372640920 0.01926 124
1753372660189 0.01928 125
1753372678985 0.01929 126
1753372698288 0.01929 127
1753372718226 0.01931 128
1753372737053 0.01927 129
1753372756314 0.01929 130
1753372775684 0.01927 131
1753372794296 0.01926 132
1753372813510 0.01928 133
1753372832810 0.01928 134
1753372851700 0.01931 135
1753372870707 0.01927 136
1753372889424 0.0193 137
1753372908158 0.01929 138
1753372927082 0.01926 139
1753372945722 0.01928 140
1753372964886 0.01929 141
1753372983505 0.01928 142
1753373002115 0.01928 143
1753373020848 0.01927 144
1753373039836 0.01929 145
1753373058669 0.01928 146
1753373077510 0.01927 147
1753373096503 0.0193 148
1753373115234 0.01929 149
1753373134377 0.01927 150
1753373153381 0.01928 151
1753373172724 0.01927 152
1753373191569 0.0193 153
1753373210217 0.01928 154
1753373228697 0.0193 155
1753373247842 0.01929 156
1753373266472 0.0193 157
1753373285050 0.01928 158
1753373304608 0.01928 159
1753373323415 0.01927 160
1753373342496 0.01927 161
1753373361285 0.01926 162
1753373380021 0.01929 163
1753373399067 0.01927 164
1753373417784 0.01927 165
1753373436240 0.0193 166
1753373455028 0.01929 167
1753373473667 0.01925 168
1753373492463 0.0193 169
1753373511254 0.01927 170
1753373530862 0.01928 171
1753373550061 0.01928 172
1753373568823 0.01928 173
1753373587665 0.01926 174
1753373606914 0.01928 175
1753373625812 0.01926 176
1753373644678 0.01927 177
1753373663474 0.01931 178
1753373682743 0.01929 179
1753373702003 0.01926 180
1753373720766 0.01927 181
1753373740047 0.01926 182
1753373758868 0.0193 183
1753373777461 0.0193 184
1753373796348 0.01929 185
1753373815099 0.01926 186
1753373834054 0.01928 187
1753373852409 0.0193 188
1753373871375 0.01927 189
1753373890337 0.01926 190
1753373909739 0.01927 191
1753373928796 0.01927 192
1753373947306 0.01929 193
1753373966033 0.01926 194
1753373984773 0.01925 195
1753374003656 0.01927 196
1753374022422 0.01925 197
1753374041316 0.01928 198
1753374060408 0.01929 199
1753374079815 0.01927 200
1753374098937 0.01927 201
1753374117528 0.01927 202
1753374136192 0.0193 203
1753374155734 0.01925 204
1753374174666 0.01927 205
1753374193466 0.01925 206
1753374212508 0.01927 207
1753374231234 0.01928 208
1753374250192 0.01927 209
1753374269160 0.01927 210
1753374288089 0.01928 211
1753374306814 0.01924 212
1753374325651 0.01927 213
1753374344633 0.01925 214
1753374363712 0.01926 215
1753374382631 0.01926 216
1753374401257 0.01926 217
1753374420056 0.01926 218
1753374438665 0.01926 219
1753374457446 0.01924 220
1753374476685 0.01924 221
1753374495652 0.01926 222
1753374514295 0.01926 223
1753374533233 0.01926 224
1753374551974 0.01923 225
1753374570499 0.01925 226
1753374589148 0.01926 227
1753374608010 0.01928 228
1753374626816 0.01927 229
1753374646060 0.01925 230
1753374664879 0.01928 231
1753374683708 0.01923 232
1753374702494 0.01924 233
1753374721642 0.01926 234
1753374740337 0.01924 235
1753374759395 0.01925 236
1753374778559 0.01926 237
1753374797774 0.01921 238
1753374816649 0.01925 239
1753374835446 0.01924 240
1753374854476 0.01925 241
1753374873201 0.01924 242
1753374891404 0.01923 243
1753374909643 0.01925 244
1753374928221 0.01924 245
1753374947379 0.01924 246
1753374965974 0.01924 247
1753374984684 0.01924 248
1753375003726 0.01925 249
1753375022797 0.01922 250
1753375041687 0.01924 251
1753375060532 0.01923 252
1753375079211 0.01924 253
1753375098162 0.01925 254
1753375116987 0.01923 255
1753375135949 0.01924 256
1753375154837 0.01924 257
1753375174060 0.01925 258
1753375193086 0.01924 259
1753375212036 0.01921 260
1753375230850 0.01923 261
1753375249899 0.01925 262
1753375268716 0.01926 263
1753375287642 0.01924 264
1753375306577 0.01922 265
1753375325643 0.0192 266
1753375344159 0.01924 267
1753375362995 0.01923 268
1753375381649 0.01923 269
1753375400234 0.01923 270
1753375419318 0.01922 271
1753375438048 0.01923 272
1753375456653 0.01925 273
1753375475456 0.01923 274
1753375494164 0.01921 275
1753375513207 0.01925 276
1753375531803 0.01922 277
1753375550904 0.01923 278
1753375569250 0.01925 279
1753375587987 0.01921 280
1753375607365 0.01924 281
1753375626838 0.01922 282
1753375645551 0.0192 283
1753375664503 0.01922 284
1753375683806 0.01921 285
1753375702695 0.01923 286
1753375721564 0.01922 287
1753375740420 0.01921 288
1753375759504 0.01922 289
1753375778194 0.01921 290
1753375797083 0.01921 291
1753375815560 0.0192 292
1753375834409 0.01923 293
1753375853160 0.01922 294
1753375872011 0.01922 295
1753375890921 0.01921 296
1753375910164 0.01922 297
1753375929127 0.0192 298
1753375948013 0.01923 299
1753375966852 0.0192 300
