1753370326071 0.0010000000474974513 1
1753370345078 0.0010000000474974513 2
1753370364658 0.0010000000474974513 3
1753370384077 0.0010000000474974513 4
1753370403327 0.0010000000474974513 5
1753370423064 0.0010000000474974513 6
1753370441873 0.0010000000474974513 7
1753370460344 0.0010000000474974513 8
1753370479210 0.0010000000474974513 9
1753370498889 0.0010000000474974513 10
1753370518232 0.0010000000474974513 11
1753370537504 0.0010000000474974513 12
1753370556229 0.0010000000474974513 13
1753370575224 0.0010000000474974513 14
1753370594004 0.0010000000474974513 15
1753370612649 0.0010000000474974513 16
1753370631676 0.0010000000474974513 17
1753370650395 0.0010000000474974513 18
1753370669195 0.0010000000474974513 19
1753370688206 0.0010000000474974513 20
1753370706901 0.0010000000474974513 21
1753370725730 0.0010000000474974513 22
1753370744532 0.0010000000474974513 23
1753370763096 0.0010000000474974513 24
1753370781832 0.0010000000474974513 25
1753370801228 0.0010000000474974513 26
1753370819977 0.0010000000474974513 27
1753370838710 0.0010000000474974513 28
1753370857686 0.0010000000474974513 29
1753370876749 0.0010000000474974513 30
1753370895575 0.0010000000474974513 31
1753370914593 0.0010000000474974513 32
1753370933347 0.0010000000474974513 33
1753370951971 0.0010000000474974513 34
1753370970997 0.0010000000474974513 35
1753370990166 0.0010000000474974513 36
1753371009647 0.0010000000474974513 37
1753371028757 0.0010000000474974513 38
1753371048367 0.0010000000474974513 39
1753371067297 0.0010000000474974513 40
1753371086386 0.0010000000474974513 41
1753371104950 0.0010000000474974513 42
1753371124374 0.0010000000474974513 43
1753371143443 0.0010000000474974513 44
1753371162746 0.0010000000474974513 45
1753371181401 0.0010000000474974513 46
1753371200962 0.0010000000474974513 47
1753371219765 0.0010000000474974513 48
1753371238314 0.0010000000474974513 49
1753371257701 0.0010000000474974513 50
1753371276551 0.0010000000474974513 51
1753371295438 0.0010000000474974513 52
1753371314382 0.0010000000474974513 53
1753371333223 0.0010000000474974513 54
1753371351900 0.0010000000474974513 55
1753371370742 0.0010000000474974513 56
1753371389451 0.0010000000474974513 57
1753371408341 0.0010000000474974513 58
1753371427128 0.0010000000474974513 59
1753371445847 0.0010000000474974513 60
1753371464884 0.0010000000474974513 61
1753371483543 0.0010000000474974513 62
1753371502975 0.0010000000474974513 63
1753371521415 0.0010000000474974513 64
1753371540580 0.0010000000474974513 65
1753371559553 0.0010000000474974513 66
1753371578880 0.0010000000474974513 67
1753371597667 0.0010000000474974513 68
1753371616465 0.00020000000949949026 69
1753371635243 0.00020000000949949026 70
1753371654197 0.00020000000949949026 71
1753371672995 0.00020000000949949026 72
1753371691556 0.00020000000949949026 73
1753371710524 0.00020000000949949026 74
1753371729434 0.00020000000949949026 75
1753371748144 0.00020000000949949026 76
1753371767083 0.00020000000949949026 77
1753371786529 4.0000002627493814e-05 78
1753371805267 4.0000002627493814e-05 79
1753371824028 4.0000002627493814e-05 80
1753371843154 4.0000002627493814e-05 81
1753371862395 4.0000002627493814e-05 82
1753371881411 4.0000002627493814e-05 83
1753371900397 4.0000002627493814e-05 84
1753371919253 4.0000002627493814e-05 85
1753371938629 4.0000002627493814e-05 86
1753371956971 8.000000889296643e-06 87
1753371975550 8.000000889296643e-06 88
1753371994754 8.000000889296643e-06 89
1753372013244 8.000000889296643e-06 90
1753372031711 8.000000889296643e-06 91
1753372050820 8.000000889296643e-06 92
1753372069540 8.000000889296643e-06 93
1753372088390 8.000000889296643e-06 94
1753372107659 8.000000889296643e-06 95
1753372126583 1.6000001323845936e-06 96
1753372145438 1.6000001323845936e-06 97
1753372164069 1.6000001323845936e-06 98
1753372182956 1.6000001323845936e-06 99
1753372201673 1.6000001323845936e-06 100
1753372220638 1.6000001323845936e-06 101
1753372239948 1.6000001323845936e-06 102
1753372258704 1.6000001323845936e-06 103
1753372277548 1.6000001323845936e-06 104
1753372296666 9.999999974752427e-07 105
1753372315614 9.999999974752427e-07 106
1753372334694 9.999999974752427e-07 107
1753372353712 9.999999974752427e-07 108
1753372372486 9.999999974752427e-07 109
1753372391633 9.999999974752427e-07 110
1753372410960 9.999999974752427e-07 111
1753372429784 9.999999974752427e-07 112
1753372448463 9.999999974752427e-07 113
1753372466972 9.999999974752427e-07 114
1753372485662 9.999999974752427e-07 115
1753372504273 9.999999974752427e-07 116
1753372522517 9.999999974752427e-07 117
1753372541087 9.999999974752427e-07 118
1753372560040 9.999999974752427e-07 119
1753372578938 9.999999974752427e-07 120
1753372597684 9.999999974752427e-07 121
1753372617204 9.999999974752427e-07 122
1753372636083 9.999999974752427e-07 123
1753372655310 9.999999974752427e-07 124
1753372674154 9.999999974752427e-07 125
1753372693540 9.999999974752427e-07 126
1753372713157 9.999999974752427e-07 127
1753372732240 9.999999974752427e-07 128
1753372751547 9.999999974752427e-07 129
1753372770940 9.999999974752427e-07 130
1753372789473 9.999999974752427e-07 131
1753372808761 9.999999974752427e-07 132
1753372828067 9.999999974752427e-07 133
1753372846883 9.999999974752427e-07 134
1753372865980 9.999999974752427e-07 135
1753372884625 9.999999974752427e-07 136
1753372903380 9.999999974752427e-07 137
1753372922297 9.999999974752427e-07 138
1753372940954 9.999999974752427e-07 139
1753372960172 9.999999974752427e-07 140
1753372978681 9.999999974752427e-07 141
1753372997376 9.999999974752427e-07 142
1753373016025 9.999999974752427e-07 143
1753373035096 9.999999974752427e-07 144
1753373053952 9.999999974752427e-07 145
1753373072752 9.999999974752427e-07 146
1753373091705 9.999999974752427e-07 147
1753373110450 9.999999974752427e-07 148
1753373129608 9.999999974752427e-07 149
1753373148640 9.999999974752427e-07 150
1753373167875 9.999999974752427e-07 151
1753373186743 9.999999974752427e-07 152
1753373205433 9.999999974752427e-07 153
1753373223968 9.999999974752427e-07 154
1753373243084 9.999999974752427e-07 155
1753373261744 9.999999974752427e-07 156
1753373280214 9.999999974752427e-07 157
1753373299875 9.999999974752427e-07 158
1753373318688 9.999999974752427e-07 159
1753373337777 9.999999974752427e-07 160
1753373356552 9.999999974752427e-07 161
1753373375252 9.999999974752427e-07 162
1753373394362 9.999999974752427e-07 163
1753373413075 9.999999974752427e-07 164
1753373431519 9.999999974752427e-07 165
1753373450294 9.999999974752427e-07 166
1753373468924 9.999999974752427e-07 167
1753373487657 9.999999974752427e-07 168
1753373506526 9.999999974752427e-07 169
1753373526188 9.999999974752427e-07 170
1753373545394 9.999999974752427e-07 171
1753373564085 9.999999974752427e-07 172
1753373582943 9.999999974752427e-07 173
1753373602227 9.999999974752427e-07 174
1753373621126 9.999999974752427e-07 175
1753373639984 9.999999974752427e-07 176
1753373658667 9.999999974752427e-07 177
1753373677914 9.999999974752427e-07 178
1753373697211 9.999999974752427e-07 179
1753373715955 9.999999974752427e-07 180
1753373735222 9.999999974752427e-07 181
1753373754042 9.999999974752427e-07 182
1753373772719 9.999999974752427e-07 183
1753373791531 9.999999974752427e-07 184
1753373810260 9.999999974752427e-07 185
1753373829185 9.999999974752427e-07 186
1753373847671 9.999999974752427e-07 187
1753373866534 9.999999974752427e-07 188
1753373885531 9.999999974752427e-07 189
1753373904911 9.999999974752427e-07 190
1753373923960 9.999999974752427e-07 191
1753373942497 9.999999974752427e-07 192
1753373961191 9.999999974752427e-07 193
1753373979925 9.999999974752427e-07 194
1753373998890 9.999999974752427e-07 195
1753374017599 9.999999974752427e-07 196
1753374036489 9.999999974752427e-07 197
1753374055683 9.999999974752427e-07 198
1753374075057 9.999999974752427e-07 199
1753374094063 9.999999974752427e-07 200
1753374112756 9.999999974752427e-07 201
1753374131351 9.999999974752427e-07 202
1753374150987 9.999999974752427e-07 203
1753374169864 9.999999974752427e-07 204
1753374188673 9.999999974752427e-07 205
1753374207695 9.999999974752427e-07 206
1753374226520 9.999999974752427e-07 207
1753374245356 9.999999974752427e-07 208
1753374264466 9.999999974752427e-07 209
1753374283328 9.999999974752427e-07 210
1753374302041 9.999999974752427e-07 211
1753374320824 9.999999974752427e-07 212
1753374339815 9.999999974752427e-07 213
1753374358902 9.999999974752427e-07 214
1753374377807 9.999999974752427e-07 215
1753374396444 9.999999974752427e-07 216
1753374415254 9.999999974752427e-07 217
1753374433866 9.999999974752427e-07 218
1753374452742 9.999999974752427e-07 219
1753374471833 9.999999974752427e-07 220
1753374490801 9.999999974752427e-07 221
1753374509434 9.999999974752427e-07 222
1753374528400 9.999999974752427e-07 223
1753374547139 9.999999974752427e-07 224
1753374565737 9.999999974752427e-07 225
1753374584327 9.999999974752427e-07 226
1753374603256 9.999999974752427e-07 227
1753374622067 9.999999974752427e-07 228
1753374641308 9.999999974752427e-07 229
1753374660082 9.999999974752427e-07 230
1753374678879 9.999999974752427e-07 231
1753374697740 9.999999974752427e-07 232
1753374716880 9.999999974752427e-07 233
1753374735511 9.999999974752427e-07 234
1753374754666 9.999999974752427e-07 235
1753374773763 9.999999974752427e-07 236
1753374793012 9.999999974752427e-07 237
1753374811828 9.999999974752427e-07 238
1753374830654 9.999999974752427e-07 239
1753374849679 9.999999974752427e-07 240
1753374868359 9.999999974752427e-07 241
1753374886572 9.999999974752427e-07 242
1753374904874 9.999999974752427e-07 243
1753374923483 9.999999974752427e-07 244
1753374942604 9.999999974752427e-07 245
1753374961169 9.999999974752427e-07 246
1753374979885 9.999999974752427e-07 247
1753374998917 9.999999974752427e-07 248
1753375018048 9.999999974752427e-07 249
1753375036909 9.999999974752427e-07 250
1753375055702 9.999999974752427e-07 251
1753375074400 9.999999974752427e-07 252
1753375093387 9.999999974752427e-07 253
1753375112222 9.999999974752427e-07 254
1753375131123 9.999999974752427e-07 255
1753375149996 9.999999974752427e-07 256
1753375169219 9.999999974752427e-07 257
1753375188267 9.999999974752427e-07 258
1753375207220 9.999999974752427e-07 259
1753375226067 9.999999974752427e-07 260
1753375245157 9.999999974752427e-07 261
1753375263933 9.999999974752427e-07 262
1753375282815 9.999999974752427e-07 263
1753375301801 9.999999974752427e-07 264
1753375320930 9.999999974752427e-07 265
1753375339437 9.999999974752427e-07 266
1753375358286 9.999999974752427e-07 267
1753375376917 9.999999974752427e-07 268
1753375395514 9.999999974752427e-07 269
1753375414558 9.999999974752427e-07 270
1753375433217 9.999999974752427e-07 271
1753375451797 9.999999974752427e-07 272
1753375470664 9.999999974752427e-07 273
1753375489412 9.999999974752427e-07 274
1753375508354 9.999999974752427e-07 275
1753375527102 9.999999974752427e-07 276
1753375546093 9.999999974752427e-07 277
1753375564555 9.999999974752427e-07 278
1753375583221 9.999999974752427e-07 279
1753375602547 9.999999974752427e-07 280
1753375622089 9.999999974752427e-07 281
1753375640779 9.999999974752427e-07 282
1753375659645 9.999999974752427e-07 283
1753375679004 9.999999974752427e-07 284
1753375697955 9.999999974752427e-07 285
1753375716810 9.999999974752427e-07 286
1753375735686 9.999999974752427e-07 287
1753375754743 9.999999974752427e-07 288
1753375773485 9.999999974752427e-07 289
1753375792036 9.999999974752427e-07 290
1753375810791 9.999999974752427e-07 291
1753375829699 9.999999974752427e-07 292
1753375848406 9.999999974752427e-07 293
1753375867286 9.999999974752427e-07 294
1753375886149 9.999999974752427e-07 295
1753375905433 9.999999974752427e-07 296
1753375924426 9.999999974752427e-07 297
1753375943270 9.999999974752427e-07 298
1753375962127 9.999999974752427e-07 299
1753375981318 9.999999974752427e-07 300
