1753369571092 1.0 0
1753369584808 2.0 0
1753369598735 3.0 0
1753369612922 4.0 0
1753369626981 5.0 0
1753369640576 6.0 0
1753369654262 7.0 0
1753369668383 8.0 0
1753369682007 9.0 0
1753369695747 10.0 0
1753369709375 11.0 0
1753369723382 12.0 0
1753369737242 13.0 0
1753369751005 14.0 0
1753369764754 15.0 0
1753369778684 16.0 0
1753369792360 17.0 0
1753369806100 18.0 0
1753369820132 19.0 0
1753369834102 20.0 0
1753369847785 21.0 0
1753369861465 22.0 0
1753369875319 23.0 0
1753369889592 24.0 0
1753369903332 25.0 0
1753369916990 26.0 0
1753369930900 27.0 0
1753369944910 28.0 0
1753369958571 29.0 0
1753369972232 30.0 0
1753369986122 31.0 0
1753369999836 32.0 0
1753370013475 33.0 0
1753370027654 34.0 0
1753370041543 35.0 0
1753370055280 36.0 0
1753370069077 37.0 0
1753370082917 38.0 0
1753370097002 39.0 0
1753370124270 41.0 0
1753370152380 43.0 0
1753370166079 44.0 0
1753370193741 46.0 0
1753370207612 47.0 0
1753370221275 48.0 0
1753370249257 50.0 0
1753370262957 51.0 0
1753370276765 52.0 0
1753370304612 54.0 0
1753370318272 55.0 0
1753370331882 56.0 0
1753370345880 57.0 0
1753370359919 58.0 0
1753370373760 59.0 0
1753370387541 60.0 0
1753370401620 61.0 0
1753370428949 63.0 0
1753370456510 65.0 0
1753370469948 66.0 0
1753370483499 67.0 0
1753370497305 68.0 0
1753370511149 69.0 0
1753370538590 71.0 0
1753370566247 73.0 0
1753370579813 74.0 0
1753370607641 76.0 0
1753370621555 77.0 0
1753370649414 79.0 0
1753370690103 82.0 0
1753370703863 83.0 0
1753370717902 84.0 0
1753370786712 89.0 0
1753370814615 91.0 0
1753370856051 94.0 0
1753370869605 95.0 0
1753370896911 97.0 0
1753370937910 100.0 0
1753371020322 106.0 0
