1753369558334 0.78194 1
1753369573746 0.6849 2
1753369587676 0.61628 3
1753369601829 0.56356 4
1753369615622 0.51756 5
1753369629649 0.47525 6
1753369643286 0.43541 7
1753369656970 0.39794 8
1753369670999 0.36277 9
1753369684716 0.32958 10
1753369698352 0.29883 11
1753369712112 0.27037 12
1753369725976 0.24464 13
1753369739915 0.22153 14
1753369753743 0.201 15
1753369767394 0.18292 16
1753369781328 0.16684 17
1753369795053 0.15232 18
1753369808703 0.13959 19
1753369822771 0.12836 20
1753369836680 0.11841 21
1753369850418 0.10952 22
1753369864091 0.10178 23
1753369878006 0.09478 24
1753369892312 0.08689 25
1753369905986 0.08095 26
1753369919628 0.07603 27
1753369933561 0.07124 28
1753369947614 0.06649 29
1753369961271 0.06287 30
1753369974847 0.05955 31
1753369988737 0.05663 32
1753370002465 0.05403 33
1753370016188 0.05169 34
1753370030303 0.04949 35
1753370044168 0.04749 36
1753370057964 0.04566 37
1753370071691 0.044 38
1753370085523 0.04256 39
1753370099607 0.04111 40
1753370113212 0.03997 41
1753370126951 0.04162 42
1753370141070 0.03889 43
1753370155082 0.03724 44
1753370168634 0.03612 45
1753370182345 0.0351 46
1753370196426 0.03424 47
1753370210256 0.03348 48
1753370223986 0.03282 49
1753370237933 0.0321 50
1753370251974 0.03149 51
1753370265751 0.03092 52
1753370279462 0.03045 53
1753370293417 0.02979 54
1753370307250 0.02937 55
1753370320858 0.02893 56
1753370334576 0.02853 57
1753370348981 0.02811 58
1753370362805 0.02777 59
1753370376429 0.02746 60
1753370390133 0.02703 61
1753370404346 0.02666 62
1753370418038 0.0264 63
1753370431585 0.02608 64
1753370445670 0.02595 65
1753370459107 0.02559 66
1753370472520 0.02544 67
1753370486241 0.02522 68
1753370499913 0.02487 69
1753370513774 0.02461 70
1753370527540 0.02441 71
1753370541173 0.02431 72
1753370555221 0.02401 73
1753370568794 0.02393 74
1753370582427 0.02372 75
1753370596238 0.02353 76
1753370610350 0.02331 77
1753370624253 0.02386 78
1753370638060 0.02318 79
1753370652045 0.02291 80
1753370665708 0.02279 81
1753370679247 0.02267 82
1753370692826 0.02255 83
1753370706566 0.02239 84
1753370720563 0.02225 85
1753370734282 0.02214 86
1753370747843 0.02204 87
1753370761960 0.02194 88
1753370775536 0.0218 89
1753370789429 0.02175 90
1753370803107 0.02164 91
1753370817312 0.02156 92
1753370831028 0.02154 93
1753370844642 0.02135 94
1753370858637 0.0213 95
1753370872311 0.02121 96
1753370885952 0.02114 97
1753370899571 0.02108 98
1753370913075 0.02105 99
1753370927031 0.02095 100
1753370940607 0.02085 101
1753370954252 0.02082 102
1753370968278 0.02074 103
1753370981844 0.02069 104
1753370995415 0.02058 105
1753371009080 0.02055 106
1753371022935 0.02048 107
1753371036516 0.02041 108
1753371050250 0.02037 109
1753371064121 0.0203 110
1753371077767 0.02025 111
1753371091808 0.02022 112
1753371105735 0.02015 113
1753371119280 0.02015 114
1753371133148 0.02007 115
1753371146687 0.01992 116
1753371160300 0.01987 117
1753371174032 0.01984 118
1753371187624 0.01982 119
1753371201302 0.01979 120
1753371214721 0.01979 121
1753371228550 0.01976 122
1753371242135 0.01973 123
1753371255849 0.01974 124
1753371269908 0.01971 125
1753371283525 0.01969 126
1753371297128 0.01968 127
1753371310881 0.0197 128
1753371324457 0.01968 129
1753371338523 0.01967 130
1753371352133 0.01966 131
1753371365880 0.01967 132
1753371379740 0.01961 133
1753371393305 0.01964 134
1753371406937 0.01965 135
1753371420894 0.01965 136
1753371434547 0.01967 137
1753371448219 0.01964 138
1753371462126 0.01964 139
1753371475640 0.01964 140
1753371489678 0.01964 141
1753371503596 0.01966 142
1753371517308 0.01965 143
1753371531302 0.01968 144
1753371544980 0.01967 145
1753371558491 0.01968 146
1753371572028 0.01966 147
1753371585694 0.01964 148
1753371599654 0.01964 149
1753371613347 0.01967 150
1753371627254 0.01966 151
1753371640972 0.01963 152
1753371654661 0.01967 153
1753371668343 0.01962 154
1753371682068 0.01962 155
1753371695880 0.01966 156
1753371709399 0.01965 157
1753371723169 0.01964 158
1753371737260 0.01964 159
1753371750828 0.01965 160
1753371764480 0.01962 161
1753371778059 0.01961 162
1753371791669 0.01963 163
1753371805542 0.01964 164
1753371819065 0.01966 165
1753371833620 0.01964 166
1753371847398 0.01966 167
1753371861065 0.01962 168
1753371874541 0.01963 169
1753371888104 0.01962 170
1753371902335 0.01961 171
1753371916000 0.01962 172
1753371929533 0.01963 173
1753371943659 0.01964 174
1753371957264 0.01961 175
1753371970914 0.01964 176
1753371984453 0.01966 177
1753371998089 0.01964 178
1753372012063 0.01964 179
1753372025556 0.01962 180
1753372039487 0.01963 181
1753372053162 0.01961 182
1753372066818 0.01964 183
1753372080465 0.01965 184
1753372094101 0.01964 185
1753372108245 0.01963 186
1753372122173 0.01965 187
1753372135828 0.01964 188
1753372150033 0.01963 189
1753372163719 0.01965 190
1753372177400 0.01964 191
1753372191196 0.01964 192
1753372204767 0.01966 193
1753372218622 0.01964 194
1753372232178 0.01965 195
1753372246273 0.01962 196
1753372259925 0.01963 197
1753372273694 0.01965 198
1753372287446 0.01965 199
1753372301055 0.01965 200
1753372315155 0.01962 201
1753372328870 0.01962 202
1753372342537 0.01964 203
1753372356358 0.01964 204
1753372369906 0.01964 205
1753372383804 0.01964 206
1753372397522 0.01966 207
1753372411191 0.01962 208
1753372425171 0.01964 209
1753372438837 0.01961 210
1753372452853 0.01964 211
1753372466594 0.01962 212
1753372480390 0.01965 213
1753372494142 0.01961 214
1753372508223 0.01965 215
1753372521994 0.01964 216
1753372535925 0.01962 217
1753372549535 0.01963 218
1753372563228 0.01962 219
1753372577519 0.01963 220
1753372591449 0.01963 221
1753372605211 0.01964 222
1753372618867 0.01963 223
1753372632768 0.01965 224
1753372646667 0.01962 225
1753372660394 0.01967 226
1753372674330 0.01962 227
1753372688057 0.01965 228
1753372701826 0.01964 229
1753372715813 0.01966 230
1753372729833 0.01965 231
1753372743653 0.01964 232
1753372757364 0.01958 233
1753372771387 0.01958 234
1753372785358 0.01965 235
1753372799096 0.01961 236
1753372812770 0.01961 237
1753372826428 0.01961 238
1753372840378 0.0196 239
1753372854304 0.01963 240
1753372868296 0.01964 241
1753372882068 0.01961 242
1753372895919 0.01964 243
1753372909659 0.01961 244
1753372923560 0.01961 245
1753372937503 0.01963 246
1753372951418 0.0196 247
1753372965033 0.01964 248
1753372979048 0.01967 249
1753372993010 0.01963 250
1753373006722 0.01962 251
1753373020786 0.01964 252
1753373034373 0.01957 253
1753373048335 0.01966 254
1753373062062 0.01962 255
1753373075873 0.01961 256
1753373089724 0.01963 257
1753373103457 0.01965 258
1753373116972 0.01962 259
1753373130910 0.0196 260
1753373144629 0.01963 261
1753373158416 0.01961 262
1753373172120 0.01962 263
1753373185787 0.01962 264
1753373199931 0.01965 265
1753373213392 0.01965 266
1753373227355 0.01964 267
1753373241125 0.01964 268
1753373255139 0.01961 269
1753373268761 0.01962 270
1753373282302 0.01964 271
1753373296175 0.01962 272
1753373310206 0.01963 273
1753373324221 0.0196 274
1753373338361 0.01962 275
1753373352546 0.01961 276
1753373366233 0.0196 277
1753373379730 0.01964 278
1753373393377 0.01961 279
1753373407436 0.01965 280
1753373421453 0.0196 281
1753373435485 0.01965 282
1753373449265 0.01964 283
1753373463312 0.01963 284
1753373477101 0.0196 285
1753373490849 0.01958 286
1753373504669 0.01962 287
1753373518666 0.01961 288
1753373532370 0.01961 289
1753373546493 0.01959 290
1753373560459 0.01968 291
1753373574060 0.01961 292
1753373587827 0.01962 293
1753373601416 0.0196 294
1753373615473 0.01961 295
1753373629545 0.01962 296
1753373643527 0.01962 297
1753373657140 0.01961 298
1753373671019 0.01961 299
1753373684621 0.01962 300
