1753369571104 0.0010000000474974513 1
1753369584814 0.0010000000474974513 2
1753369598741 0.0010000000474974513 3
1753369612927 0.0010000000474974513 4
1753369626986 0.0010000000474974513 5
1753369640580 0.0010000000474974513 6
1753369654266 0.0010000000474974513 7
1753369668387 0.0010000000474974513 8
1753369682011 0.0010000000474974513 9
1753369695752 0.0010000000474974513 10
1753369709385 0.0010000000474974513 11
1753369723389 0.0010000000474974513 12
1753369737249 0.0010000000474974513 13
1753369751012 0.0010000000474974513 14
1753369764762 0.0010000000474974513 15
1753369778688 0.0010000000474974513 16
1753369792365 0.0010000000474974513 17
1753369806104 0.0010000000474974513 18
1753369820137 0.0010000000474974513 19
1753369834106 0.0010000000474974513 20
1753369847791 0.0010000000474974513 21
1753369861471 0.0010000000474974513 22
1753369875326 0.0010000000474974513 23
1753369889599 0.0010000000474974513 24
1753369903339 0.0010000000474974513 25
1753369917000 0.0010000000474974513 26
1753369930906 0.0010000000474974513 27
1753369944914 0.0010000000474974513 28
1753369958575 0.0010000000474974513 29
1753369972237 0.0010000000474974513 30
1753369986126 0.0010000000474974513 31
1753369999840 0.0010000000474974513 32
1753370013479 0.0010000000474974513 33
1753370027658 0.0010000000474974513 34
1753370041551 0.0010000000474974513 35
1753370055287 0.0010000000474974513 36
1753370069084 0.0010000000474974513 37
1753370082931 0.0010000000474974513 38
1753370097008 0.0010000000474974513 39
1753370110641 0.0010000000474974513 40
1753370124275 0.0010000000474974513 41
1753370138359 0.0010000000474974513 42
1753370152385 0.0010000000474974513 43
1753370166084 0.0010000000474974513 44
1753370179638 0.0010000000474974513 45
1753370193749 0.0010000000474974513 46
1753370207618 0.0010000000474974513 47
1753370221285 0.0010000000474974513 48
1753370235298 0.0010000000474974513 49
1753370249262 0.0010000000474974513 50
1753370262962 0.0010000000474974513 51
1753370276770 0.0010000000474974513 52
1753370290792 0.0010000000474974513 53
1753370304617 0.0010000000474974513 54
1753370318276 0.0010000000474974513 55
1753370331887 0.0010000000474974513 56
1753370345885 0.0010000000474974513 57
1753370359928 0.0010000000474974513 58
1753370373772 0.0010000000474974513 59
1753370387548 0.0010000000474974513 60
1753370401626 0.0010000000474974513 61
1753370415325 0.0010000000474974513 62
1753370428953 0.0010000000474974513 63
1753370442985 0.0010000000474974513 64
1753370456515 0.0010000000474974513 65
1753370469953 0.0010000000474974513 66
1753370483504 0.0010000000474974513 67
1753370497309 0.0010000000474974513 68
1753370511155 0.0010000000474974513 69
1753370524844 0.0010000000474974513 70
1753370538597 0.0010000000474974513 71
1753370552513 0.0010000000474974513 72
1753370566253 0.0010000000474974513 73
1753370579818 0.0010000000474974513 74
1753370593501 0.0010000000474974513 75
1753370607646 0.0010000000474974513 76
1753370621559 0.0010000000474974513 77
1753370635437 0.0010000000474974513 78
1753370649426 0.0010000000474974513 79
1753370663004 0.0010000000474974513 80
1753370676649 0.0010000000474974513 81
1753370690111 0.0010000000474974513 82
1753370703871 0.0010000000474974513 83
1753370717910 0.0010000000474974513 84
1753370731548 0.0010000000474974513 85
1753370745236 0.0010000000474974513 86
1753370759278 0.0010000000474974513 87
1753370772900 0.0010000000474974513 88
1753370786716 0.0010000000474974513 89
1753370800419 0.0010000000474974513 90
1753370814624 0.0010000000474974513 91
1753370828340 0.0010000000474974513 92
1753370841947 0.0010000000474974513 93
1753370856060 0.0010000000474974513 94
1753370869613 0.0010000000474974513 95
1753370883327 0.0010000000474974513 96
1753370896915 0.0010000000474974513 97
1753370910449 0.0010000000474974513 98
1753370924408 0.0010000000474974513 99
1753370937915 0.0010000000474974513 100
1753370951610 0.0010000000474974513 101
1753370965668 0.0010000000474974513 102
1753370979258 0.0010000000474974513 103
1753370992859 0.0010000000474974513 104
1753371006430 0.0010000000474974513 105
1753371020328 0.0010000000474974513 106
1753371033873 0.0010000000474974513 107
1753371047522 0.0010000000474974513 108
1753371061548 0.0010000000474974513 109
1753371075067 0.0010000000474974513 110
1753371088786 0.0010000000474974513 111
1753371102861 0.0010000000474974513 112
1753371116725 0.0010000000474974513 113
1753371130549 0.0010000000474974513 114
1753371144124 0.00020000000949949026 115
1753371157611 0.00020000000949949026 116
1753371171526 0.00020000000949949026 117
1753371185002 0.00020000000949949026 118
1753371198608 0.00020000000949949026 119
1753371212185 0.00020000000949949026 120
1753371225896 0.00020000000949949026 121
1753371239554 0.00020000000949949026 122
1753371253219 0.00020000000949949026 123
1753371267246 4.0000002627493814e-05 124
1753371280890 4.0000002627493814e-05 125
1753371294520 4.0000002627493814e-05 126
1753371308114 4.0000002627493814e-05 127
1753371321823 4.0000002627493814e-05 128
1753371335883 4.0000002627493814e-05 129
1753371349539 4.0000002627493814e-05 130
1753371363185 4.0000002627493814e-05 131
1753371377153 4.0000002627493814e-05 132
1753371390730 8.000000889296643e-06 133
1753371404291 8.000000889296643e-06 134
1753371418352 8.000000889296643e-06 135
1753371431852 8.000000889296643e-06 136
1753371445577 8.000000889296643e-06 137
1753371459499 8.000000889296643e-06 138
1753371473037 8.000000889296643e-06 139
1753371486991 8.000000889296643e-06 140
1753371500616 8.000000889296643e-06 141
1753371514652 1.6000001323845936e-06 142
1753371528688 1.6000001323845936e-06 143
1753371542270 1.6000001323845936e-06 144
1753371555828 1.6000001323845936e-06 145
1753371569340 1.6000001323845936e-06 146
1753371583108 1.6000001323845936e-06 147
1753371597005 1.6000001323845936e-06 148
1753371610763 1.6000001323845936e-06 149
1753371624583 1.6000001323845936e-06 150
1753371638281 9.999999974752427e-07 151
1753371652051 9.999999974752427e-07 152
1753371665742 9.999999974752427e-07 153
1753371679392 9.999999974752427e-07 154
1753371693296 9.999999974752427e-07 155
1753371706853 9.999999974752427e-07 156
1753371720537 9.999999974752427e-07 157
1753371734643 9.999999974752427e-07 158
1753371748203 9.999999974752427e-07 159
1753371761790 9.999999974752427e-07 160
1753371775392 9.999999974752427e-07 161
1753371788988 9.999999974752427e-07 162
1753371802973 9.999999974752427e-07 163
1753371816448 9.999999974752427e-07 164
1753371830422 9.999999974752427e-07 165
1753371844580 9.999999974752427e-07 166
1753371858357 9.999999974752427e-07 167
1753371872004 9.999999974752427e-07 168
1753371885485 9.999999974752427e-07 169
1753371899638 9.999999974752427e-07 170
1753371913307 9.999999974752427e-07 171
1753371926963 9.999999974752427e-07 172
1753371940949 9.999999974752427e-07 173
1753371954644 9.999999974752427e-07 174
1753371968278 9.999999974752427e-07 175
1753371981867 9.999999974752427e-07 176
1753371995414 9.999999974752427e-07 177
1753372009403 9.999999974752427e-07 178
1753372022948 9.999999974752427e-07 179
1753372036829 9.999999974752427e-07 180
1753372050539 9.999999974752427e-07 181
1753372064135 9.999999974752427e-07 182
1753372077847 9.999999974752427e-07 183
1753372091445 9.999999974752427e-07 184
1753372105559 9.999999974752427e-07 185
1753372119457 9.999999974752427e-07 186
1753372133257 9.999999974752427e-07 187
1753372147345 9.999999974752427e-07 188
1753372161099 9.999999974752427e-07 189
1753372174741 9.999999974752427e-07 190
1753372188502 9.999999974752427e-07 191
1753372202199 9.999999974752427e-07 192
1753372215973 9.999999974752427e-07 193
1753372229525 9.999999974752427e-07 194
1753372243622 9.999999974752427e-07 195
1753372257305 9.999999974752427e-07 196
1753372271037 9.999999974752427e-07 197
1753372284781 9.999999974752427e-07 198
1753372298486 9.999999974752427e-07 199
1753372312455 9.999999974752427e-07 200
1753372326161 9.999999974752427e-07 201
1753372339931 9.999999974752427e-07 202
1753372353787 9.999999974752427e-07 203
1753372367339 9.999999974752427e-07 204
1753372381132 9.999999974752427e-07 205
1753372394868 9.999999974752427e-07 206
1753372408559 9.999999974752427e-07 207
1753372422568 9.999999974752427e-07 208
1753372436134 9.999999974752427e-07 209
1753372450225 9.999999974752427e-07 210
1753372463848 9.999999974752427e-07 211
1753372477647 9.999999974752427e-07 212
1753372491506 9.999999974752427e-07 213
1753372505559 9.999999974752427e-07 214
1753372519343 9.999999974752427e-07 215
1753372533318 9.999999974752427e-07 216
1753372546835 9.999999974752427e-07 217
1753372560535 9.999999974752427e-07 218
1753372574446 9.999999974752427e-07 219
1753372588529 9.999999974752427e-07 220
1753372602570 9.999999974752427e-07 221
1753372616175 9.999999974752427e-07 222
1753372630099 9.999999974752427e-07 223
1753372643919 9.999999974752427e-07 224
1753372657703 9.999999974752427e-07 225
1753372671783 9.999999974752427e-07 226
1753372685453 9.999999974752427e-07 227
1753372699085 9.999999974752427e-07 228
1753372713101 9.999999974752427e-07 229
1753372727196 9.999999974752427e-07 230
1753372740932 9.999999974752427e-07 231
1753372754706 9.999999974752427e-07 232
1753372768765 9.999999974752427e-07 233
1753372782706 9.999999974752427e-07 234
1753372796386 9.999999974752427e-07 235
1753372810110 9.999999974752427e-07 236
1753372823818 9.999999974752427e-07 237
1753372837786 9.999999974752427e-07 238
1753372851597 9.999999974752427e-07 239
1753372865641 9.999999974752427e-07 240
1753372879469 9.999999974752427e-07 241
1753372893295 9.999999974752427e-07 242
1753372906946 9.999999974752427e-07 243
1753372920909 9.999999974752427e-07 244
1753372934863 9.999999974752427e-07 245
1753372948834 9.999999974752427e-07 246
1753372962401 9.999999974752427e-07 247
1753372976390 9.999999974752427e-07 248
1753372990445 9.999999974752427e-07 249
1753373004157 9.999999974752427e-07 250
1753373018084 9.999999974752427e-07 251
1753373031736 9.999999974752427e-07 252
1753373045744 9.999999974752427e-07 253
1753373059492 9.999999974752427e-07 254
1753373073184 9.999999974752427e-07 255
1753373087006 9.999999974752427e-07 256
1753373100881 9.999999974752427e-07 257
1753373114417 9.999999974752427e-07 258
1753373128308 9.999999974752427e-07 259
1753373141921 9.999999974752427e-07 260
1753373155807 9.999999974752427e-07 261
1753373169454 9.999999974752427e-07 262
1753373183146 9.999999974752427e-07 263
1753373197252 9.999999974752427e-07 264
1753373210826 9.999999974752427e-07 265
1753373224747 9.999999974752427e-07 266
1753373238432 9.999999974752427e-07 267
1753373252452 9.999999974752427e-07 268
1753373266158 9.999999974752427e-07 269
1753373279717 9.999999974752427e-07 270
1753373293497 9.999999974752427e-07 271
1753373307548 9.999999974752427e-07 272
1753373321260 9.999999974752427e-07 273
1753373335654 9.999999974752427e-07 274
1753373349836 9.999999974752427e-07 275
1753373363510 9.999999974752427e-07 276
1753373377124 9.999999974752427e-07 277
1753373390666 9.999999974752427e-07 278
1753373404762 9.999999974752427e-07 279
1753373418811 9.999999974752427e-07 280
1753373432921 9.999999974752427e-07 281
1753373446588 9.999999974752427e-07 282
1753373460696 9.999999974752427e-07 283
1753373474414 9.999999974752427e-07 284
1753373488162 9.999999974752427e-07 285
1753373501980 9.999999974752427e-07 286
1753373516053 9.999999974752427e-07 287
1753373529682 9.999999974752427e-07 288
1753373543799 9.999999974752427e-07 289
1753373557833 9.999999974752427e-07 290
1753373571422 9.999999974752427e-07 291
1753373585117 9.999999974752427e-07 292
1753373598817 9.999999974752427e-07 293
1753373612776 9.999999974752427e-07 294
1753373626927 9.999999974752427e-07 295
1753373640840 9.999999974752427e-07 296
1753373654445 9.999999974752427e-07 297
1753373668301 9.999999974752427e-07 298
1753373682009 9.999999974752427e-07 299
1753373695650 9.999999974752427e-07 300
