1752778297279 1.0 0
1752778317483 2.0 0
1752778338132 3.0 0
1752778358374 4.0 0
1752778378817 5.0 0
1752778398775 6.0 0
1752778419622 7.0 0
1752778440909 8.0 0
1752778461246 9.0 0
1752778482724 10.0 0
1752778502949 11.0 0
1752778523301 12.0 0
1752778543349 13.0 0
1752778563564 14.0 0
1752778583405 15.0 0
1752778604126 16.0 0
1752778624418 17.0 0
1752778644735 18.0 0
1752778665287 19.0 0
1752778686150 20.0 0
1752778706302 21.0 0
1752778726480 22.0 0
1752778746790 23.0 0
1752778767005 24.0 0
1752778787498 25.0 0
1752778808119 26.0 0
1752778828369 27.0 0
1752778848993 28.0 0
1752778869358 29.0 0
1752778889543 30.0 0
1752778910087 31.0 0
1752778950599 33.0 0
1752779011984 36.0 0
1752779032564 37.0 0
1752779114679 41.0 0
1752779134828 42.0 0
1752779155085 43.0 0
1752779176037 44.0 0
1752779196135 45.0 0
1752779380842 54.0 0
