1752778278657 0.58167 1
1752778303842 0.43854 2
1752778324102 0.34915 3
1752778344846 0.27777 4
1752778365016 0.22142 5
1752778385477 0.16364 6
1752778405421 0.12034 7
1752778426236 0.09613 8
1752778447594 0.07912 9
1752778467821 0.0669 10
1752778489339 0.0579 11
1752778509571 0.05116 12
1752778529866 0.04599 13
1752778550026 0.04193 14
1752778570173 0.03876 15
1752778589950 0.03615 16
1752778610881 0.03409 17
1752778631108 0.03232 18
1752778651322 0.03082 19
1752778671836 0.02959 20
1752778692699 0.02853 21
1752778712940 0.02762 22
1752778733120 0.02683 23
1752778753384 0.02614 24
1752778773741 0.02554 25
1752778794216 0.02497 26
1752778814892 0.02451 27
1752778835073 0.02405 28
1752778855663 0.02371 29
1752778875914 0.02332 30
1752778896164 0.02303 31
1752778916813 0.02275 32
1752778937059 0.02249 33
1752778957219 0.02226 34
1752778977818 0.02205 35
1752778997552 0.02185 36
1752779018624 0.02166 37
1752779039248 0.02151 38
1752779059439 0.02139 39
1752779079955 0.02122 40
1752779100793 0.02107 41
1752779121360 0.02097 42
1752779141385 0.02084 43
1752779161772 0.02076 44
1752779182718 0.02066 45
1752779202787 0.02055 46
1752779223524 0.02046 47
1752779244241 0.02039 48
1752779264338 0.02031 49
1752779284902 0.02024 50
1752779304936 0.0202 51
1752779325307 0.02012 52
1752779346046 0.02005 53
1752779366848 0.02002 54
1752779387606 0.01995 55
1752779408135 0.0199 56
1752779428519 0.01985 57
1752779448944 0.01978 58
1752779469407 0.01976 59
1752779489858 0.01969 60
1752779510012 0.01968 61
1752779530124 0.01964 62
1752779550708 0.01959 63
1752779571516 0.01957 64
