1753317283742 1.0 0
1753317300996 2.0 0
1753317318238 3.0 0
1753317335447 4.0 0
1753317352871 5.0 0
1753317370193 6.0 0
1753317387692 7.0 0
1753317405136 8.0 0
1753317422527 9.0 0
1753317439962 10.0 0
1753317457255 11.0 0
1753317474943 12.0 0
1753317492577 13.0 0
1753317509918 14.0 0
1753317527165 15.0 0
1753317544509 16.0 0
1753317561799 17.0 0
1753317579132 18.0 0
1753317596360 19.0 0
1753317613583 20.0 0
1753317630865 21.0 0
1753317648409 22.0 0
1753317665526 23.0 0
1753317682915 24.0 0
1753317700163 25.0 0
1753317717313 26.0 0
1753317734472 27.0 0
1753317751623 28.0 0
1753317768867 29.0 0
1753317786191 30.0 0
1753317803379 31.0 0
1753317837963 33.0 0
1753317855338 34.0 0
1753317907235 37.0 0
1753317924475 38.0 0
1753317958906 40.0 0
1753318026326 44.0 0
1753318179619 53.0 0
