1753317269266 0.49082 1
1753317286915 0.36438 2
1753317304155 0.29643 3
1753317321362 0.24231 4
1753317338607 0.19876 5
1753317356029 0.16405 6
1753317373318 0.13652 7
1753317390827 0.11486 8
1753317408289 0.09788 9
1753317425643 0.08456 10
1753317443086 0.07403 11
1753317460395 0.06554 12
1753317478084 0.05877 13
1753317495709 0.0532 14
1753317513099 0.04874 15
1753317530279 0.04497 16
1753317547619 0.04177 17
1753317564922 0.03858 18
1753317582257 0.03609 19
1753317599444 0.03419 20
1753317616709 0.03252 21
1753317634011 0.03111 22
1753317651514 0.02993 23
1753317668644 0.02883 24
1753317686034 0.02794 25
1753317703267 0.02709 26
1753317720462 0.02639 27
1753317737596 0.02573 28
1753317754756 0.02514 29
1753317771988 0.02461 30
1753317789337 0.02423 31
1753317806496 0.02377 32
1753317823665 0.02338 33
1753317841135 0.02304 34
1753317858458 0.02272 35
1753317875837 0.02247 36
1753317892999 0.02214 37
1753317910437 0.02187 38
1753317927639 0.02171 39
1753317944805 0.0215 40
1753317962009 0.02128 41
1753317979182 0.02112 42
1753317995914 0.02097 43
1753318012893 0.0208 44
1753318029432 0.02065 45
1753318046037 0.0205 46
1753318062678 0.02038 47
1753318079562 0.02023 48
1753318096643 0.02011 49
1753318113761 0.02003 50
1753318131068 0.01996 51
1753318148158 0.01985 52
1753318165465 0.01976 53
1753318182742 0.01966 54
1753318199916 0.01959 55
1753318217142 0.01952 56
1753318234254 0.01941 57
1753318251343 0.01928 58
1753318268411 0.01929 59
1753318285469 0.01916 60
1753318302532 0.01913 61
1753318319671 0.0191 62
1753318336799 0.01885 63
1753318353994 0.01876 64
1753318371039 0.01874 65
1753318388434 0.01869 66
1753318405461 0.01869 67
1753318422556 0.01863 68
1753318439812 0.01864 69
1753318456915 0.01868 70
1753318474038 0.01859 71
1753318491265 0.01857 72
1753318508411 0.01852 73
1753318525679 0.01855 74
1753318542833 0.0185 75
1753318559856 0.01853 76
1753318576991 0.01853 77
1753318594145 0.01853 78
1753318611319 0.01848 79
1753318628429 0.01851 80
1753318645690 0.01849 81
1753318662894 0.0185 82
1753318680065 0.01848 83
1753318697423 0.01846 84
1753318714562 0.01846 85
1753318731674 0.01847 86
1753318748840 0.01847 87
1753318766030 0.01846 88
1753318783180 0.01846 89
1753318800327 0.0185 90
1753318817481 0.01847 91
1753318834668 0.0185 92
1753318851542 0.01848 93
1753318868488 0.01847 94
1753318885476 0.01845 95
1753318902455 0.01847 96
1753318919251 0.01847 97
1753318935744 0.01847 98
1753318952418 0.01847 99
1753318969245 0.01846 100
1753318985874 0.01848 101
1753319002490 0.01847 102
1753319018928 0.01849 103
1753319035916 0.01847 104
1753319052941 0.01846 105
1753319069873 0.01846 106
1753319086289 0.01847 107
1753319102696 0.01847 108
1753319119226 0.01847 109
1753319135861 0.01848 110
1753319152490 0.01849 111
1753319169108 0.0185 112
1753319185494 0.01845 113
1753319202225 0.01849 114
1753319219403 0.01846 115
1753319236242 0.01846 116
1753319253138 0.01847 117
1753319270017 0.01847 118
1753319286961 0.01842 119
1753319303839 0.01846 120
1753319320727 0.01848 121
1753319337509 0.01847 122
1753319354297 0.01849 123
1753319371088 0.01845 124
1753319387947 0.01847 125
1753319404847 0.01849 126
1753319421951 0.01844 127
1753319439248 0.01846 128
1753319456481 0.01846 129
1753319473664 0.01848 130
1753319491060 0.01846 131
1753319508141 0.01848 132
1753319525214 0.01846 133
1753319541858 0.01846 134
1753319558443 0.0185 135
1753319575063 0.01848 136
1753319591897 0.01846 137
1753319608915 0.01848 138
1753319625965 0.01844 139
1753319643152 0.01847 140
1753319660236 0.01845 141
1753319677312 0.01847 142
1753319694696 0.01848 143
1753319711610 0.01844 144
1753319728290 0.01845 145
1753319745044 0.01846 146
1753319761969 0.01849 147
1753319778853 0.01846 148
1753319795873 0.01848 149
1753319812863 0.01847 150
1753319829854 0.01848 151
1753319846835 0.01846 152
1753319863894 0.01846 153
1753319880957 0.01846 154
1753319897979 0.01845 155
1753319915020 0.01848 156
1753319931972 0.01847 157
1753319948895 0.01847 158
1753319966048 0.01843 159
1753319983036 0.01845 160
1753319999996 0.01847 161
1753320017250 0.01844 162
1753320034251 0.01845 163
1753320051395 0.01845 164
1753320068586 0.01846 165
1753320085172 0.01847 166
1753320102278 0.01846 167
1753320119150 0.01841 168
1753320136091 0.01844 169
1753320153074 0.01847 170
1753320170083 0.01847 171
1753320187051 0.01845 172
1753320204128 0.01845 173
1753320221314 0.01843 174
1753320238570 0.01845 175
1753320255956 0.01846 176
1753320273369 0.01846 177
1753320290720 0.01846 178
1753320308145 0.01846 179
1753320325508 0.01842 180
1753320342872 0.01847 181
1753320359917 0.01846 182
1753320376971 0.01845 183
1753320394111 0.01845 184
1753320411140 0.01843 185
1753320428267 0.01844 186
1753320445429 0.01845 187
1753320462167 0.01845 188
1753320479074 0.01845 189
1753320495652 0.01842 190
1753320512305 0.01841 191
1753320529235 0.0184 192
1753320546050 0.01843 193
1753320562734 0.01845 194
1753320579366 0.01842 195
1753320595966 0.01843 196
1753320612552 0.01843 197
1753320629285 0.01843 198
1753320646251 0.01842 199
1753320663157 0.01843 200
1753320679796 0.01841 201
1753320696283 0.01842 202
1753320712638 0.01842 203
1753320729059 0.01844 204
1753320745626 0.01842 205
1753320762160 0.01842 206
1753320778555 0.01842 207
1753320795376 0.01847 208
1753320811744 0.01843 209
1753320828187 0.01844 210
1753320844569 0.01843 211
1753320860951 0.01844 212
1753320877484 0.01844 213
1753320894257 0.01844 214
1753320910940 0.01839 215
1753320927503 0.01847 216
1753320943956 0.01845 217
1753320960485 0.01844 218
1753320977279 0.01843 219
1753320994081 0.01841 220
1753321010853 0.0184 221
1753321027631 0.01843 222
1753321044643 0.01848 223
1753321061864 0.01842 224
1753321078539 0.01839 225
1753321095103 0.01842 226
1753321111637 0.01839 227
1753321128196 0.0184 228
1753321144791 0.0184 229
1753321161506 0.0184 230
1753321178003 0.0184 231
1753321194652 0.01842 232
1753321211196 0.01841 233
1753321227774 0.01842 234
1753321244612 0.01841 235
1753321261500 0.01841 236
1753321278408 0.01844 237
1753321295316 0.01843 238
1753321312563 0.01841 239
1753321329472 0.01841 240
1753321346287 0.0184 241
1753321363115 0.01841 242
1753321379941 0.01839 243
1753321397144 0.0184 244
1753321413935 0.0184 245
1753321430895 0.0184 246
1753321447722 0.01841 247
1753321464632 0.01842 248
1753321481477 0.0184 249
1753321498641 0.0184 250
1753321515843 0.01842 251
1753321533004 0.01845 252
1753321550206 0.01841 253
1753321567537 0.01838 254
1753321584814 0.0184 255
1753321601977 0.01841 256
1753321619142 0.01841 257
1753321636269 0.0184 258
1753321653166 0.01839 259
1753321669721 0.01839 260
1753321686288 0.0184 261
1753321702989 0.0184 262
1753321719579 0.01838 263
1753321736081 0.01841 264
1753321752944 0.01836 265
1753321769915 0.01842 266
1753321786855 0.0184 267
1753321803773 0.01838 268
1753321820816 0.01841 269
1753321837919 0.0184 270
1753321854682 0.01841 271
1753321871452 0.01843 272
1753321888238 0.0184 273
1753321905012 0.01841 274
1753321921854 0.01839 275
1753321938553 0.01837 276
1753321954983 0.0184 277
1753321971747 0.0184 278
1753321988047 0.01838 279
1753322004319 0.01838 280
1753322021476 0.0184 281
1753322038965 0.01838 282
1753322056204 0.01838 283
1753322073239 0.01839 284
1753322090378 0.01838 285
1753322107389 0.01836 286
1753322124386 0.01841 287
1753322140801 0.01839 288
1753322157196 0.01836 289
1753322173634 0.01839 290
1753322190540 0.01842 291
1753322207424 0.0184 292
1753322224334 0.01841 293
1753322241152 0.01837 294
1753322257996 0.0184 295
1753322274785 0.01835 296
1753322291674 0.01838 297
1753322308488 0.01837 298
1753322325411 0.01835 299
1753322342239 0.0184 300
