1753317283751 0.0010000000474974513 1
1753317301007 0.0010000000474974513 2
1753317318247 0.0010000000474974513 3
1753317335457 0.0010000000474974513 4
1753317352877 0.0010000000474974513 5
1753317370198 0.0010000000474974513 6
1753317387698 0.0010000000474974513 7
1753317405142 0.0010000000474974513 8
1753317422531 0.0010000000474974513 9
1753317439970 0.0010000000474974513 10
1753317457263 0.0010000000474974513 11
1753317474950 0.0010000000474974513 12
1753317492582 0.0010000000474974513 13
1753317509923 0.0010000000474974513 14
1753317527170 0.0010000000474974513 15
1753317544517 0.0010000000474974513 16
1753317561805 0.0010000000474974513 17
1753317579138 0.0010000000474974513 18
1753317596368 0.0010000000474974513 19
1753317613591 0.0010000000474974513 20
1753317630875 0.0010000000474974513 21
1753317648415 0.0010000000474974513 22
1753317665533 0.0010000000474974513 23
1753317682920 0.0010000000474974513 24
1753317700169 0.0010000000474974513 25
1753317717320 0.0010000000474974513 26
1753317734478 0.0010000000474974513 27
1753317751632 0.0010000000474974513 28
1753317768876 0.0010000000474974513 29
1753317786200 0.0010000000474974513 30
1753317803384 0.0010000000474974513 31
1753317820558 0.0010000000474974513 32
1753317837968 0.0010000000474974513 33
1753317855344 0.0010000000474974513 34
1753317872689 0.0010000000474974513 35
1753317889851 0.0010000000474974513 36
1753317907244 0.0010000000474974513 37
1753317924483 0.0010000000474974513 38
1753317941688 0.0010000000474974513 39
1753317958912 0.0010000000474974513 40
1753317976085 0.0010000000474974513 41
1753317992801 0.0010000000474974513 42
1753318009805 0.0010000000474974513 43
1753318026331 0.0010000000474974513 44
1753318042906 0.0010000000474974513 45
1753318059547 0.0010000000474974513 46
1753318076427 0.0010000000474974513 47
1753318093516 0.0010000000474974513 48
1753318110612 0.0010000000474974513 49
1753318127942 0.0010000000474974513 50
1753318145011 0.0010000000474974513 51
1753318162339 0.0010000000474974513 52
1753318179625 0.0010000000474974513 53
1753318196729 0.0010000000474974513 54
1753318214039 0.0010000000474974513 55
1753318231140 0.0010000000474974513 56
1753318248229 0.0010000000474974513 57
1753318265253 0.0010000000474974513 58
1753318282358 0.0010000000474974513 59
1753318299403 0.0010000000474974513 60
1753318316535 0.0010000000474974513 61
1753318333694 0.00020000000949949026 62
1753318350842 0.00020000000949949026 63
1753318367927 0.00020000000949949026 64
1753318385307 0.00020000000949949026 65
1753318402344 0.00020000000949949026 66
1753318419415 0.00020000000949949026 67
1753318436695 0.00020000000949949026 68
1753318453789 0.00020000000949949026 69
1753318470911 0.00020000000949949026 70
1753318488115 4.0000002627493814e-05 71
1753318505291 4.0000002627493814e-05 72
1753318522567 4.0000002627493814e-05 73
1753318539717 4.0000002627493814e-05 74
1753318556740 4.0000002627493814e-05 75
1753318573873 4.0000002627493814e-05 76
1753318591031 4.0000002627493814e-05 77
1753318608195 4.0000002627493814e-05 78
1753318625322 4.0000002627493814e-05 79
1753318642545 8.000000889296643e-06 80
1753318659748 8.000000889296643e-06 81
1753318676945 8.000000889296643e-06 82
1753318694301 8.000000889296643e-06 83
1753318711440 8.000000889296643e-06 84
1753318728554 8.000000889296643e-06 85
1753318745709 8.000000889296643e-06 86
1753318762890 8.000000889296643e-06 87
1753318780071 8.000000889296643e-06 88
1753318797180 1.6000001323845936e-06 89
1753318814370 1.6000001323845936e-06 90
1753318831537 1.6000001323845936e-06 91
1753318848416 1.6000001323845936e-06 92
1753318865376 1.6000001323845936e-06 93
1753318882366 1.6000001323845936e-06 94
1753318899336 1.6000001323845936e-06 95
1753318916128 1.6000001323845936e-06 96
1753318932619 1.6000001323845936e-06 97
1753318949303 9.999999974752427e-07 98
1753318966121 9.999999974752427e-07 99
1753318982726 9.999999974752427e-07 100
1753318999379 9.999999974752427e-07 101
1753319015820 9.999999974752427e-07 102
1753319032793 9.999999974752427e-07 103
1753319049832 9.999999974752427e-07 104
1753319066767 9.999999974752427e-07 105
1753319083182 9.999999974752427e-07 106
1753319099586 9.999999974752427e-07 107
1753319116104 9.999999974752427e-07 108
1753319132728 9.999999974752427e-07 109
1753319149387 9.999999974752427e-07 110
1753319165991 9.999999974752427e-07 111
1753319182380 9.999999974752427e-07 112
1753319199111 9.999999974752427e-07 113
1753319216287 9.999999974752427e-07 114
1753319233123 9.999999974752427e-07 115
1753319250024 9.999999974752427e-07 116
1753319266907 9.999999974752427e-07 117
1753319283844 9.999999974752427e-07 118
1753319300688 9.999999974752427e-07 119
1753319317628 9.999999974752427e-07 120
1753319334404 9.999999974752427e-07 121
1753319351187 9.999999974752427e-07 122
1753319367971 9.999999974752427e-07 123
1753319384803 9.999999974752427e-07 124
1753319401717 9.999999974752427e-07 125
1753319418828 9.999999974752427e-07 126
1753319436123 9.999999974752427e-07 127
1753319453374 9.999999974752427e-07 128
1753319470552 9.999999974752427e-07 129
1753319487945 9.999999974752427e-07 130
1753319505024 9.999999974752427e-07 131
1753319522119 9.999999974752427e-07 132
1753319538729 9.999999974752427e-07 133
1753319555291 9.999999974752427e-07 134
1753319571929 9.999999974752427e-07 135
1753319588728 9.999999974752427e-07 136
1753319605793 9.999999974752427e-07 137
1753319622820 9.999999974752427e-07 138
1753319640033 9.999999974752427e-07 139
1753319657105 9.999999974752427e-07 140
1753319674159 9.999999974752427e-07 141
1753319691562 9.999999974752427e-07 142
1753319708481 9.999999974752427e-07 143
1753319725154 9.999999974752427e-07 144
1753319741892 9.999999974752427e-07 145
1753319758800 9.999999974752427e-07 146
1753319775697 9.999999974752427e-07 147
1753319792713 9.999999974752427e-07 148
1753319809723 9.999999974752427e-07 149
1753319826717 9.999999974752427e-07 150
1753319843697 9.999999974752427e-07 151
1753319860730 9.999999974752427e-07 152
1753319877796 9.999999974752427e-07 153
1753319894807 9.999999974752427e-07 154
1753319911827 9.999999974752427e-07 155
1753319928809 9.999999974752427e-07 156
1753319945727 9.999999974752427e-07 157
1753319962871 9.999999974752427e-07 158
1753319979888 9.999999974752427e-07 159
1753319996857 9.999999974752427e-07 160
1753320014052 9.999999974752427e-07 161
1753320031072 9.999999974752427e-07 162
1753320048259 9.999999974752427e-07 163
1753320065436 9.999999974752427e-07 164
1753320082042 9.999999974752427e-07 165
1753320099144 9.999999974752427e-07 166
1753320116042 9.999999974752427e-07 167
1753320132984 9.999999974752427e-07 168
1753320149934 9.999999974752427e-07 169
1753320166972 9.999999974752427e-07 170
1753320183942 9.999999974752427e-07 171
1753320200996 9.999999974752427e-07 172
1753320218191 9.999999974752427e-07 173
1753320235439 9.999999974752427e-07 174
1753320252836 9.999999974752427e-07 175
1753320270246 9.999999974752427e-07 176
1753320287602 9.999999974752427e-07 177
1753320304999 9.999999974752427e-07 178
1753320322372 9.999999974752427e-07 179
1753320339722 9.999999974752427e-07 180
1753320356778 9.999999974752427e-07 181
1753320373841 9.999999974752427e-07 182
1753320390982 9.999999974752427e-07 183
1753320408028 9.999999974752427e-07 184
1753320425129 9.999999974752427e-07 185
1753320442290 9.999999974752427e-07 186
1753320459021 9.999999974752427e-07 187
1753320475939 9.999999974752427e-07 188
1753320492523 9.999999974752427e-07 189
1753320509173 9.999999974752427e-07 190
1753320526094 9.999999974752427e-07 191
1753320542918 9.999999974752427e-07 192
1753320559610 9.999999974752427e-07 193
1753320576248 9.999999974752427e-07 194
1753320592825 9.999999974752427e-07 195
1753320609456 9.999999974752427e-07 196
1753320626147 9.999999974752427e-07 197
1753320643117 9.999999974752427e-07 198
1753320660014 9.999999974752427e-07 199
1753320676620 9.999999974752427e-07 200
1753320693147 9.999999974752427e-07 201
1753320709532 9.999999974752427e-07 202
1753320725930 9.999999974752427e-07 203
1753320742504 9.999999974752427e-07 204
1753320759023 9.999999974752427e-07 205
1753320775423 9.999999974752427e-07 206
1753320792244 9.999999974752427e-07 207
1753320808604 9.999999974752427e-07 208
1753320825049 9.999999974752427e-07 209
1753320841433 9.999999974752427e-07 210
1753320857811 9.999999974752427e-07 211
1753320874349 9.999999974752427e-07 212
1753320891127 9.999999974752427e-07 213
1753320907817 9.999999974752427e-07 214
1753320924363 9.999999974752427e-07 215
1753320940798 9.999999974752427e-07 216
1753320957364 9.999999974752427e-07 217
1753320974145 9.999999974752427e-07 218
1753320990955 9.999999974752427e-07 219
1753321007742 9.999999974752427e-07 220
1753321024529 9.999999974752427e-07 221
1753321041513 9.999999974752427e-07 222
1753321058694 9.999999974752427e-07 223
1753321075425 9.999999974752427e-07 224
1753321091952 9.999999974752427e-07 225
1753321108496 9.999999974752427e-07 226
1753321125041 9.999999974752427e-07 227
1753321141657 9.999999974752427e-07 228
1753321158368 9.999999974752427e-07 229
1753321174862 9.999999974752427e-07 230
1753321191526 9.999999974752427e-07 231
1753321208036 9.999999974752427e-07 232
1753321224602 9.999999974752427e-07 233
1753321241464 9.999999974752427e-07 234
1753321258374 9.999999974752427e-07 235
1753321275241 9.999999974752427e-07 236
1753321292126 9.999999974752427e-07 237
1753321309399 9.999999974752427e-07 238
1753321326294 9.999999974752427e-07 239
1753321343177 9.999999974752427e-07 240
1753321359992 9.999999974752427e-07 241
1753321376827 9.999999974752427e-07 242
1753321393609 9.999999974752427e-07 243
1753321410843 9.999999974752427e-07 244
1753321427810 9.999999974752427e-07 245
1753321444633 9.999999974752427e-07 246
1753321461543 9.999999974752427e-07 247
1753321478396 9.999999974752427e-07 248
1753321495554 9.999999974752427e-07 249
1753321512756 9.999999974752427e-07 250
1753321529897 9.999999974752427e-07 251
1753321547089 9.999999974752427e-07 252
1753321564401 9.999999974752427e-07 253
1753321581704 9.999999974752427e-07 254
1753321598826 9.999999974752427e-07 255
1753321616031 9.999999974752427e-07 256
1753321633148 9.999999974752427e-07 257
1753321650035 9.999999974752427e-07 258
1753321666595 9.999999974752427e-07 259
1753321683168 9.999999974752427e-07 260
1753321699874 9.999999974752427e-07 261
1753321716451 9.999999974752427e-07 262
1753321732940 9.999999974752427e-07 263
1753321749787 9.999999974752427e-07 264
1753321766726 9.999999974752427e-07 265
1753321783690 9.999999974752427e-07 266
1753321800649 9.999999974752427e-07 267
1753321817675 9.999999974752427e-07 268
1753321834793 9.999999974752427e-07 269
1753321851572 9.999999974752427e-07 270
1753321868316 9.999999974752427e-07 271
1753321885089 9.999999974752427e-07 272
1753321901878 9.999999974752427e-07 273
1753321918695 9.999999974752427e-07 274
1753321935401 9.999999974752427e-07 275
1753321951826 9.999999974752427e-07 276
1753321968590 9.999999974752427e-07 277
1753321984852 9.999999974752427e-07 278
1753322001172 9.999999974752427e-07 279
1753322018349 9.999999974752427e-07 280
1753322035854 9.999999974752427e-07 281
1753322053046 9.999999974752427e-07 282
1753322070093 9.999999974752427e-07 283
1753322087236 9.999999974752427e-07 284
1753322104282 9.999999974752427e-07 285
1753322121214 9.999999974752427e-07 286
1753322137656 9.999999974752427e-07 287
1753322154041 9.999999974752427e-07 288
1753322170466 9.999999974752427e-07 289
1753322187398 9.999999974752427e-07 290
1753322204284 9.999999974752427e-07 291
1753322221187 9.999999974752427e-07 292
1753322237991 9.999999974752427e-07 293
1753322254843 9.999999974752427e-07 294
1753322271642 9.999999974752427e-07 295
1753322288529 9.999999974752427e-07 296
1753322305338 9.999999974752427e-07 297
1753322322228 9.999999974752427e-07 298
1753322339117 9.999999974752427e-07 299
1753322356334 9.999999974752427e-07 300
