1753240839503 1.0 0
1753240853125 2.0 0
1753240866867 3.0 0
1753240881240 4.0 0
1753240895509 5.0 0
1753240909005 6.0 0
1753240922693 7.0 0
1753240936644 8.0 0
1753240950191 9.0 0
1753240963781 10.0 0
1753240977533 11.0 0
1753240991207 12.0 0
1753241005028 13.0 0
1753241018640 14.0 0
1753241032348 15.0 0
1753241046432 16.0 0
1753241059987 17.0 0
1753241073503 18.0 0
1753241087225 19.0 0
1753241101161 20.0 0
1753241114538 21.0 0
1753241128164 22.0 0
1753241142140 23.0 0
1753241155697 24.0 0
1753241169106 25.0 0
1753241182790 26.0 0
1753241196475 27.0 0
1753241210543 28.0 0
1753241224173 29.0 0
1753241237959 30.0 0
1753241251972 31.0 0
1753241265533 32.0 0
1753241279205 33.0 0
1753241293215 34.0 0
1753241307272 35.0 0
1753241320890 36.0 0
1753241334596 37.0 0
1753241348596 38.0 0
1753241362217 39.0 0
1753241375830 40.0 0
1753241389692 41.0 0
1753241403232 42.0 0
1753241417080 43.0 0
1753241430721 44.0 0
1753241444339 45.0 0
1753241458146 46.0 0
1753241471826 47.0 0
1753241485355 48.0 0
1753241499460 49.0 0
1753241513279 50.0 0
1753241526943 51.0 0
1753241540780 52.0 0
1753241554756 53.0 0
1753241568335 54.0 0
1753241595554 56.0 0
1753241609488 57.0 0
1753241623497 58.0 0
1753241637173 59.0 0
1753241665106 61.0 0
1753241678764 62.0 0
1753241719819 65.0 0
1753241733412 66.0 0
1753241747144 67.0 0
1753241774435 69.0 0
1753241801811 71.0 0
1753241815603 72.0 0
1753241856406 75.0 0
1753241870369 76.0 0
1753241911606 79.0 0
1753242185777 99.0 0
1753242226694 102.0 0
1753242253903 104.0 0
1753242377867 113.0 0
