1753240826514 0.75946 1
1753240842125 0.61935 2
1753240855771 0.54745 3
1753240869937 0.49668 4
1753240884049 0.45268 5
1753240898118 0.41026 6
1753240911723 0.37237 7
1753240925360 0.33668 8
1753240939224 0.3046 9
1753240952845 0.27545 10
1753240966393 0.24887 11
1753240980195 0.22519 12
1753240993899 0.20398 13
1753241007678 0.18524 14
1753241021284 0.16854 15
1753241035052 0.15373 16
1753241049046 0.14065 17
1753241062586 0.12911 18
1753241076125 0.11893 19
1753241089836 0.1099 20
1753241103668 0.10192 21
1753241117144 0.09483 22
1753241130794 0.08846 23
1753241144768 0.08283 24
1753241158211 0.0778 25
1753241171653 0.07327 26
1753241185476 0.06916 27
1753241199125 0.06551 28
1753241213114 0.06219 29
1753241226777 0.0592 30
1753241240564 0.0559 31
1753241254570 0.05257 32
1753241268144 0.04996 33
1753241281841 0.0478 34
1753241295831 0.04592 35
1753241309901 0.04427 36
1753241323605 0.04267 37
1753241337163 0.04124 38
1753241351211 0.03991 39
1753241364818 0.03874 40
1753241378514 0.03766 41
1753241392245 0.03662 42
1753241405891 0.0357 43
1753241419733 0.03478 44
1753241433388 0.03395 45
1753241446945 0.03324 46
1753241460786 0.03248 47
1753241474430 0.03187 48
1753241488050 0.03118 49
1753241502059 0.03061 50
1753241515859 0.03005 51
1753241529631 0.02959 52
1753241543471 0.02909 53
1753241557345 0.02863 54
1753241570923 0.02818 55
1753241584516 0.02777 56
1753241598175 0.02738 57
1753241612425 0.02702 58
1753241626124 0.02666 59
1753241639830 0.02638 60
1753241653737 0.02604 61
1753241667742 0.02575 62
1753241681433 0.02549 63
1753241694981 0.02521 64
1753241708816 0.02496 65
1753241722354 0.02475 66
1753241736098 0.02448 67
1753241749690 0.02428 68
1753241763287 0.02408 69
1753241776962 0.02387 70
1753241790637 0.02368 71
1753241804436 0.0235 72
1753241818169 0.02333 73
1753241831673 0.02313 74
1753241845244 0.02295 75
1753241859026 0.02282 76
1753241873003 0.0227 77
1753241886687 0.02258 78
1753241900208 0.02242 79
1753241914121 0.02225 80
1753241927678 0.02219 81
1753241941322 0.02203 82
1753241954929 0.02195 83
1753241968497 0.02179 84
1753241982376 0.0217 85
1753241995986 0.02155 86
1753242009499 0.02151 87
1753242023516 0.02138 88
1753242037222 0.0213 89
1753242050862 0.02116 90
1753242064477 0.02109 91
1753242078545 0.02101 92
1753242092132 0.0209 93
1753242105798 0.02083 94
1753242119794 0.02076 95
1753242133440 0.02071 96
1753242146938 0.02058 97
1753242160628 0.02051 98
1753242174434 0.02043 99
1753242188302 0.02038 100
1753242201765 0.02032 101
1753242215307 0.02025 102
1753242229305 0.02019 103
1753242242872 0.02017 104
1753242256440 0.0201 105
1753242270170 0.02005 106
1753242283971 0.01996 107
1753242297575 0.01992 108
1753242311147 0.01982 109
1753242325079 0.01984 110
1753242338848 0.0198 111
1753242352786 0.01969 112
1753242366781 0.01972 113
1753242380551 0.01961 114
1753242394475 0.0196 115
1753242408079 0.01949 116
1753242421817 0.01947 117
1753242435842 0.01946 118
1753242449381 0.01938 119
1753242462927 0.01934 120
1753242476746 0.01933 121
1753242490715 0.01929 122
1753242504351 0.01922 123
1753242518000 0.01921 124
1753242532046 0.0191 125
1753242545647 0.01908 126
1753242559228 0.01907 127
1753242572858 0.01903 128
1753242586397 0.01901 129
1753242600422 0.01892 130
1753242614008 0.01893 131
1753242627608 0.01892 132
1753242641556 0.01886 133
1753242654973 0.01882 134
1753242668476 0.01882 135
1753242682181 0.01878 136
1753242695815 0.01876 137
1753242709486 0.01877 138
1753242723069 0.0187 139
1753242736852 0.01871 140
1753242750856 0.01868 141
1753242764434 0.01859 142
1753242778155 0.01859 143
1753242791793 0.01855 144
1753242805217 0.01856 145
1753242818808 0.01846 146
1753242832476 0.01849 147
1753242846207 0.01848 148
1753242860077 0.01841 149
1753242873607 0.0184 150
1753242887502 0.01842 151
1753242901068 0.0184 152
1753242914447 0.01834 153
1753242927934 0.01831 154
1753242941897 0.01827 155
1753242955885 0.01828 156
1753242969441 0.01826 157
1753242983444 0.01821 158
1753242997237 0.01821 159
1753243010738 0.01819 160
1753243024448 0.01817 161
1753243038030 0.01812 162
1753243052027 0.01813 163
1753243065896 0.0181 164
1753243079483 0.01808 165
1753243094133 0.01806 166
1753243107658 0.01812 167
1753243121236 0.01807 168
1753243134754 0.01801 169
1753243148508 0.01798 170
1753243162184 0.01798 171
1753243175715 0.01801 172
1753243189368 0.01797 173
1753243203084 0.01792 174
1753243216600 0.0179 175
1753243230069 0.0179 176
1753243243734 0.01787 177
1753243257973 0.01782 178
1753243271656 0.01782 179
1753243285235 0.01784 180
1753243299101 0.01782 181
1753243312783 0.01783 182
1753243326467 0.0178 183
1753243340107 0.01775 184
1753243353574 0.01777 185
1753243367569 0.01776 186
1753243381033 0.01772 187
1753243394562 0.0177 188
1753243408583 0.01766 189
1753243422127 0.01767 190
1753243435655 0.01769 191
1753243449199 0.01766 192
1753243462663 0.01769 193
1753243476581 0.0177 194
1753243490228 0.0176 195
1753243504118 0.01761 196
1753243517705 0.01763 197
1753243531179 0.01757 198
1753243544822 0.01755 199
1753243558432 0.01755 200
1753243572225 0.01755 201
1753243585728 0.01752 202
1753243599339 0.01752 203
1753243613253 0.01755 204
1753243626912 0.01757 205
1753243640558 0.01752 206
1753243654235 0.01746 207
1753243667883 0.01748 208
1753243681843 0.01749 209
1753243695405 0.01746 210
1753243709403 0.0175 211
1753243723118 0.01742 212
1753243736653 0.01742 213
1753243750275 0.0174 214
1753243763763 0.01741 215
1753243777776 0.01745 216
1753243791268 0.01745 217
1753243804703 0.01738 218
1753243818397 0.01736 219
1753243832227 0.01738 220
1753243846014 0.01734 221
1753243859782 0.01732 222
1753243873338 0.01733 223
1753243887223 0.0173 224
1753243900840 0.01731 225
1753243914641 0.01732 226
1753243928408 0.01729 227
1753243941974 0.01734 228
1753243956064 0.01726 229
1753243969693 0.01729 230
1753243983454 0.01732 231
1753243996917 0.01726 232
1753244010607 0.01726 233
1753244024512 0.01724 234
1753244038170 0.01726 235
1753244051899 0.01723 236
1753244065622 0.01716 237
1753244079144 0.0172 238
1753244092864 0.01725 239
1753244106457 0.01722 240
1753244120441 0.01715 241
1753244134290 0.01716 242
1753244147797 0.01719 243
1753244161542 0.01721 244
1753244175184 0.01715 245
1753244188977 0.01721 246
1753244202373 0.01715 247
1753244216007 0.01716 248
1753244229854 0.01715 249
1753244243409 0.01717 250
1753244256931 0.01711 251
1753244270619 0.01708 252
1753244284359 0.01715 253
1753244298186 0.01708 254
1753244312052 0.0171 255
1753244326005 0.01709 256
1753244339955 0.01708 257
1753244353572 0.01713 258
1753244367378 0.01708 259
1753244381242 0.01704 260
1753244394929 0.01712 261
1753244408752 0.01705 262
1753244422685 0.01706 263
1753244436371 0.01703 264
1753244450237 0.01697 265
1753244463716 0.01701 266
1753244477479 0.01705 267
1753244491341 0.017 268
1753244505137 0.01703 269
1753244518821 0.01697 270
1753244532511 0.017 271
1753244546403 0.01699 272
1753244560393 0.017 273
1753244574320 0.017 274
1753244588282 0.01698 275
1753244602042 0.017 276
1753244615641 0.01698 277
1753244629357 0.01699 278
1753244643033 0.01695 279
1753244656905 0.01697 280
1753244670796 0.01697 281
1753244684585 0.01697 282
1753244698588 0.01697 283
1753244712561 0.01702 284
1753244726360 0.01698 285
1753244739959 0.01693 286
1753244753634 0.01697 287
1753244767287 0.01691 288
1753244780920 0.01694 289
1753244794803 0.01694 290
1753244808599 0.01697 291
1753244822106 0.0169 292
1753244835922 0.01688 293
1753244849565 0.01688 294
1753244863490 0.01692 295
1753244877242 0.01688 296
1753244890998 0.01687 297
1753244904954 0.01691 298
1753244918665 0.01685 299
1753244932643 0.0169 300
