1753408839573 0.41693 1
1753408877041 0.26799 2
1753408913409 0.19127 3
1753408950309 0.13944 4
1753408986017 0.10469 5
1753409021810 0.08151 6
1753409058046 0.06584 7
1753409093775 0.055 8
1753409129411 0.04731 9
1753409166394 0.0417 10
1753409203364 0.03753 11
1753409239864 0.03435 12
1753409275748 0.03185 13
1753409311329 0.02989 14
1753409347603 0.02837 15
1753409384140 0.02703 16
1753409420172 0.02595 17
1753409456455 0.02505 18
1753409493026 0.0243 19
1753409529006 0.02367 20
1753409564840 0.02313 21
1753409601372 0.02265 22
1753409637073 0.02228 23
1753409673197 0.02187 24
1753409709120 0.02155 25
1753409745075 0.02127 26
1753409780896 0.02098 27
1753409817636 0.02077 28
1753409854129 0.02055 29
1753409891030 0.02037 30
1753409927593 0.02019 31
1753409964591 0.02004 32
1753410000912 0.01993 33
1753410037542 0.01979 34
1753410074131 0.01954 35
1753410110770 0.01944 36
1753410147609 0.01938 37
1753410184087 0.01937 38
1753410219713 0.01933 39
1753410256294 0.01929 40
1753410292166 0.01926 41
1753410328685 0.0192 42
1753410365926 0.01921 43
1753410402446 0.01914 44
1753410439536 0.01911 45
1753410475538 0.01912 46
1753410512044 0.01909 47
1753410548733 0.01911 48
1753410585579 0.01906 49
1753410622410 0.01905 50
1753410659561 0.01907 51
1753410695893 0.01901 52
1753410733348 0.01902 53
1753410770489 0.01906 54
1753410807673 0.01901 55
1753410844890 0.01901 56
1753410881505 0.01903 57
1753410918330 0.01902 58
1753410955103 0.01902 59
1753410991608 0.01902 60
1753411028357 0.01902 61
1753411064967 0.019 62
1753411101788 0.01899 63
1753411138469 0.019 64
1753411175114 0.01899 65
1753411211961 0.019 66
1753411249430 0.019 67
1753411286075 0.01901 68
1753411323403 0.019 69
1753411360768 0.01903 70
1753411397198 0.01899 71
1753411433937 0.019 72
1753411470447 0.019 73
1753411507358 0.01901 74
1753411543671 0.019 75
1753411580684 0.019 76
1753411617566 0.01901 77
1753411654176 0.01899 78
1753411690753 0.019 79
1753411728033 0.019 80
1753411765454 0.01901 81
1753411802069 0.01901 82
1753411838787 0.019 83
1753411875965 0.019 84
1753411912719 0.01897 85
1753411949872 0.01901 86
1753411986295 0.019 87
1753412023092 0.01898 88
1753412060404 0.01899 89
1753412096903 0.019 90
1753412133704 0.019 91
1753412170180 0.01896 92
1753412206822 0.01902 93
1753412243512 0.01898 94
1753412280045 0.01901 95
1753412316880 0.01896 96
1753412353613 0.01898 97
1753412390947 0.01899 98
1753412428028 0.01899 99
1753412464843 0.01897 100
1753412502034 0.01898 101
1753412538758 0.01897 102
1753412575086 0.01897 103
1753412612573 0.01896 104
1753412649424 0.01899 105
1753412686552 0.01898 106
1753412723917 0.01901 107
1753412761050 0.01897 108
1753412797205 0.01896 109
1753412833932 0.01895 110
1753412871100 0.01898 111
1753412907848 0.01899 112
1753412944750 0.01898 113
1753412982386 0.01898 114
1753413019359 0.019 115
1753413056174 0.01896 116
1753413093610 0.01899 117
1753413130973 0.01897 118
1753413168266 0.01898 119
1753413205554 0.01896 120
1753413242732 0.01899 121
1753413279393 0.01898 122
1753413316028 0.01895 123
1753413352826 0.01898 124
1753413389520 0.01894 125
1753413426260 0.01899 126
1753413463391 0.01898 127
1753413499926 0.01894 128
1753413537206 0.01894 129
1753413573804 0.01895 130
1753413610390 0.01896 131
1753413647211 0.01896 132
1753413683956 0.01898 133
1753413720217 0.01897 134
1753413756060 0.01894 135
1753413792628 0.01898 136
1753413828229 0.01895 137
1753413864813 0.01896 138
1753413901149 0.01898 139
1753413937667 0.01896 140
1753413974149 0.01895 141
1753414010546 0.01895 142
1753414046463 0.01896 143
1753414082895 0.01897 144
1753414120206 0.01894 145
1753414156795 0.01894 146
1753414193480 0.01895 147
1753414230852 0.01894 148
1753414268341 0.01891 149
1753414305657 0.01892 150
1753414343029 0.01893 151
1753414379343 0.01893 152
1753414416312 0.01893 153
1753414453202 0.01894 154
1753414489525 0.01893 155
1753414525735 0.01895 156
1753414561808 0.01896 157
1753414597964 0.01893 158
1753414634979 0.01894 159
1753414672066 0.01892 160
1753414709135 0.01894 161
1753414745611 0.01894 162
1753414782584 0.01891 163
1753414818842 0.01892 164
1753414856641 0.01895 165
1753414894058 0.0189 166
1753414930341 0.01893 167
1753414967181 0.01892 168
1753415003244 0.0189 169
1753415039492 0.01893 170
1753415076337 0.01892 171
1753415113190 0.0189 172
1753415149313 0.01891 173
1753415187280 0.01892 174
1753415223904 0.01892 175
1753415260614 0.0189 176
1753415297349 0.01892 177
1753415334109 0.01892 178
1753415370724 0.01892 179
1753415407384 0.01891 180
1753415444068 0.0189 181
1753415480003 0.0189 182
1753415516798 0.01891 183
1753415553760 0.01891 184
1753415590867 0.01891 185
1753415627664 0.01891 186
1753415664058 0.01891 187
1753415700642 0.01892 188
1753415737244 0.01892 189
1753415773906 0.01888 190
1753415810477 0.01891 191
1753415847761 0.01888 192
1753415884357 0.01891 193
1753415921141 0.01889 194
1753415957968 0.01889 195
1753415994497 0.01889 196
1753416031278 0.01891 197
1753416067992 0.01891 198
1753416104682 0.01891 199
1753416141232 0.01891 200
1753416177999 0.0189 201
1753416214697 0.01888 202
1753416251383 0.01889 203
1753416287873 0.01888 204
1753416324173 0.01889 205
1753416361543 0.0189 206
1753416398982 0.0189 207
1753416436002 0.01887 208
1753416472938 0.01891 209
1753416509738 0.0189 210
1753416546587 0.01888 211
1753416583452 0.0189 212
1753416620118 0.01887 213
1753416656490 0.01888 214
1753416693126 0.01886 215
1753416729917 0.01889 216
1753416766860 0.01887 217
1753416803495 0.01887 218
1753416839821 0.01887 219
1753416876311 0.01885 220
1753416912840 0.01884 221
1753416949412 0.01888 222
1753416986071 0.01888 223
1753417022654 0.01886 224
1753417059087 0.01886 225
1753417096345 0.01889 226
1753417133127 0.01889 227
1753417170670 0.01884 228
1753417207633 0.01888 229
1753417245101 0.01886 230
1753417281929 0.01885 231
1753417318740 0.01885 232
1753417355665 0.01885 233
1753417392476 0.01886 234
1753417429472 0.01887 235
1753417466410 0.01888 236
1753417503829 0.01885 237
1753417540682 0.01888 238
1753417577822 0.01886 239
1753417614185 0.01887 240
1753417650955 0.01886 241
1753417687964 0.01884 242
1753417724638 0.01884 243
1753417761814 0.01883 244
1753417798389 0.01884 245
1753417835184 0.01883 246
1753417872653 0.01883 247
1753417909379 0.01885 248
1753417946040 0.01885 249
1753417983584 0.01885 250
1753418020223 0.01885 251
1753418057071 0.01884 252
1753418093698 0.01885 253
1753418130288 0.01883 254
1753418167065 0.01886 255
1753418203507 0.01883 256
1753418240002 0.01883 257
1753418276385 0.01882 258
1753418313000 0.01885 259
1753418348860 0.01882 260
1753418385365 0.01885 261
1753418421658 0.01884 262
1753418458501 0.01882 263
1753418494953 0.0188 264
1753418531666 0.01883 265
1753418568646 0.01881 266
1753418605595 0.01882 267
1753418642118 0.01882 268
1753418678879 0.01883 269
1753418715287 0.01886 270
1753418752198 0.01884 271
1753418789014 0.01883 272
1753418825594 0.01882 273
1753418861923 0.01884 274
1753418897908 0.01883 275
1753418935125 0.01882 276
1753418971601 0.01882 277
1753419008271 0.01881 278
1753419044780 0.01881 279
1753419082003 0.01881 280
1753419118651 0.01883 281
1753419155396 0.01881 282
1753419191669 0.01882 283
1753419228440 0.01882 284
1753419265681 0.0188 285
1753419302988 0.0188 286
1753419340148 0.01881 287
1753419377358 0.0188 288
1753419413654 0.0188 289
1753419450669 0.01881 290
1753419487783 0.01881 291
