1753408857967 0.0010000000474974513 1
1753408894371 0.0010000000474974513 2
1753408931262 0.0010000000474974513 3
1753408967011 0.0010000000474974513 4
1753409002821 0.0010000000474974513 5
1753409039016 0.0010000000474974513 6
1753409074797 0.0010000000474974513 7
1753409110313 0.0010000000474974513 8
1753409147378 0.0010000000474974513 9
1753409184308 0.0010000000474974513 10
1753409220605 0.0010000000474974513 11
1753409256593 0.0010000000474974513 12
1753409292263 0.0010000000474974513 13
1753409328513 0.0010000000474974513 14
1753409365121 0.0010000000474974513 15
1753409401040 0.0010000000474974513 16
1753409437292 0.0010000000474974513 17
1753409473954 0.0010000000474974513 18
1753409509881 0.0010000000474974513 19
1753409545795 0.0010000000474974513 20
1753409582244 0.0010000000474974513 21
1753409618018 0.0010000000474974513 22
1753409653786 0.0010000000474974513 23
1753409689839 0.0010000000474974513 24
1753409725739 0.0010000000474974513 25
1753409761628 0.0010000000474974513 26
1753409798421 0.0010000000474974513 27
1753409834998 0.0010000000474974513 28
1753409871646 0.0010000000474974513 29
1753409908510 0.0010000000474974513 30
1753409945471 0.0010000000474974513 31
1753409981753 0.0010000000474974513 32
1753410018287 0.0010000000474974513 33
1753410054926 0.00020000000949949026 34
1753410091676 0.00020000000949949026 35
1753410128300 0.00020000000949949026 36
1753410164942 0.00020000000949949026 37
1753410200476 0.00020000000949949026 38
1753410237064 0.00020000000949949026 39
1753410273030 0.00020000000949949026 40
1753410309590 0.00020000000949949026 41
1753410346777 0.00020000000949949026 42
1753410383177 4.0000002627493814e-05 43
1753410420527 4.0000002627493814e-05 44
1753410456477 4.0000002627493814e-05 45
1753410492969 4.0000002627493814e-05 46
1753410529476 4.0000002627493814e-05 47
1753410566447 4.0000002627493814e-05 48
1753410603340 4.0000002627493814e-05 49
1753410640452 4.0000002627493814e-05 50
1753410676711 4.0000002627493814e-05 51
1753410714343 8.000000889296643e-06 52
1753410751439 8.000000889296643e-06 53
1753410788570 8.000000889296643e-06 54
1753410825734 8.000000889296643e-06 55
1753410862400 8.000000889296643e-06 56
1753410899027 8.000000889296643e-06 57
1753410935859 8.000000889296643e-06 58
1753410972468 8.000000889296643e-06 59
1753411009211 8.000000889296643e-06 60
1753411045972 1.6000001323845936e-06 61
1753411082549 1.6000001323845936e-06 62
1753411119364 1.6000001323845936e-06 63
1753411155898 1.6000001323845936e-06 64
1753411192825 1.6000001323845936e-06 65
1753411230115 1.6000001323845936e-06 66
1753411266847 1.6000001323845936e-06 67
1753411304175 1.6000001323845936e-06 68
1753411341513 1.6000001323845936e-06 69
1753411378086 9.999999974752427e-07 70
1753411414695 9.999999974752427e-07 71
1753411451349 9.999999974752427e-07 72
1753411488208 9.999999974752427e-07 73
1753411524400 9.999999974752427e-07 74
1753411561445 9.999999974752427e-07 75
1753411598359 9.999999974752427e-07 76
1753411635017 9.999999974752427e-07 77
1753411671568 9.999999974752427e-07 78
1753411708743 9.999999974752427e-07 79
1753411746229 9.999999974752427e-07 80
1753411782894 9.999999974752427e-07 81
1753411819575 9.999999974752427e-07 82
1753411856959 9.999999974752427e-07 83
1753411893552 9.999999974752427e-07 84
1753411930880 9.999999974752427e-07 85
1753411967249 9.999999974752427e-07 86
1753412003933 9.999999974752427e-07 87
1753412041081 9.999999974752427e-07 88
1753412077746 9.999999974752427e-07 89
1753412114547 9.999999974752427e-07 90
1753412151023 9.999999974752427e-07 91
1753412187714 9.999999974752427e-07 92
1753412224394 9.999999974752427e-07 93
1753412260845 9.999999974752427e-07 94
1753412297690 9.999999974752427e-07 95
1753412334517 9.999999974752427e-07 96
1753412371752 9.999999974752427e-07 97
1753412409039 9.999999974752427e-07 98
1753412445666 9.999999974752427e-07 99
1753412482966 9.999999974752427e-07 100
1753412519537 9.999999974752427e-07 101
1753412555961 9.999999974752427e-07 102
1753412593241 9.999999974752427e-07 103
1753412630180 9.999999974752427e-07 104
1753412667067 9.999999974752427e-07 105
1753412704513 9.999999974752427e-07 106
1753412741511 9.999999974752427e-07 107
1753412777964 9.999999974752427e-07 108
1753412814460 9.999999974752427e-07 109
1753412851556 9.999999974752427e-07 110
1753412888568 9.999999974752427e-07 111
1753412925320 9.999999974752427e-07 112
1753412962923 9.999999974752427e-07 113
1753412999856 9.999999974752427e-07 114
1753413036897 9.999999974752427e-07 115
1753413074196 9.999999974752427e-07 116
1753413111711 9.999999974752427e-07 117
1753413149168 9.999999974752427e-07 118
1753413186428 9.999999974752427e-07 119
1753413223637 9.999999974752427e-07 120
1753413260384 9.999999974752427e-07 121
1753413296934 9.999999974752427e-07 122
1753413333683 9.999999974752427e-07 123
1753413370479 9.999999974752427e-07 124
1753413407147 9.999999974752427e-07 125
1753413444402 9.999999974752427e-07 126
1753413480932 9.999999974752427e-07 127
1753413518106 9.999999974752427e-07 128
1753413554719 9.999999974752427e-07 129
1753413591271 9.999999974752427e-07 130
1753413628180 9.999999974752427e-07 131
1753413664895 9.999999974752427e-07 132
1753413701161 9.999999974752427e-07 133
1753413736846 9.999999974752427e-07 134
1753413773544 9.999999974752427e-07 135
1753413809157 9.999999974752427e-07 136
1753413845551 9.999999974752427e-07 137
1753413882213 9.999999974752427e-07 138
1753413918555 9.999999974752427e-07 139
1753413955160 9.999999974752427e-07 140
1753413991393 9.999999974752427e-07 141
1753414027392 9.999999974752427e-07 142
1753414063891 9.999999974752427e-07 143
1753414101061 9.999999974752427e-07 144
1753414137682 9.999999974752427e-07 145
1753414174367 9.999999974752427e-07 146
1753414211752 9.999999974752427e-07 147
1753414249363 9.999999974752427e-07 148
1753414286501 9.999999974752427e-07 149
1753414323737 9.999999974752427e-07 150
1753414359969 9.999999974752427e-07 151
1753414396973 9.999999974752427e-07 152
1753414433787 9.999999974752427e-07 153
1753414469984 9.999999974752427e-07 154
1753414506278 9.999999974752427e-07 155
1753414542545 9.999999974752427e-07 156
1753414578417 9.999999974752427e-07 157
1753414615414 9.999999974752427e-07 158
1753414652630 9.999999974752427e-07 159
1753414689703 9.999999974752427e-07 160
1753414726170 9.999999974752427e-07 161
1753414763120 9.999999974752427e-07 162
1753414799330 9.999999974752427e-07 163
1753414837206 9.999999974752427e-07 164
1753414874718 9.999999974752427e-07 165
1753414911209 9.999999974752427e-07 166
1753414948194 9.999999974752427e-07 167
1753414984002 9.999999974752427e-07 168
1753415020520 9.999999974752427e-07 169
1753415057130 9.999999974752427e-07 170
1753415093979 9.999999974752427e-07 171
1753415130199 9.999999974752427e-07 172
1753415168281 9.999999974752427e-07 173
1753415204693 9.999999974752427e-07 174
1753415241594 9.999999974752427e-07 175
1753415278258 9.999999974752427e-07 176
1753415314996 9.999999974752427e-07 177
1753415351586 9.999999974752427e-07 178
1753415388178 9.999999974752427e-07 179
1753415424995 9.999999974752427e-07 180
1753415460798 9.999999974752427e-07 181
1753415497655 9.999999974752427e-07 182
1753415534651 9.999999974752427e-07 183
1753415571763 9.999999974752427e-07 184
1753415608360 9.999999974752427e-07 185
1753415644938 9.999999974752427e-07 186
1753415681422 9.999999974752427e-07 187
1753415718076 9.999999974752427e-07 188
1753415754747 9.999999974752427e-07 189
1753415791351 9.999999974752427e-07 190
1753415828639 9.999999974752427e-07 191
1753415865249 9.999999974752427e-07 192
1753415902006 9.999999974752427e-07 193
1753415938794 9.999999974752427e-07 194
1753415975414 9.999999974752427e-07 195
1753416012136 9.999999974752427e-07 196
1753416048780 9.999999974752427e-07 197
1753416085631 9.999999974752427e-07 198
1753416122106 9.999999974752427e-07 199
1753416158902 9.999999974752427e-07 200
1753416195371 9.999999974752427e-07 201
1753416232089 9.999999974752427e-07 202
1753416268736 9.999999974752427e-07 203
1753416304949 9.999999974752427e-07 204
1753416342179 9.999999974752427e-07 205
1753416379680 9.999999974752427e-07 206
1753416416614 9.999999974752427e-07 207
1753416453652 9.999999974752427e-07 208
1753416490155 9.999999974752427e-07 209
1753416527379 9.999999974752427e-07 210
1753416564072 9.999999974752427e-07 211
1753416600962 9.999999974752427e-07 212
1753416637291 9.999999974752427e-07 213
1753416673914 9.999999974752427e-07 214
1753416710773 9.999999974752427e-07 215
1753416747693 9.999999974752427e-07 216
1753416784438 9.999999974752427e-07 217
1753416820606 9.999999974752427e-07 218
1753416857210 9.999999974752427e-07 219
1753416893653 9.999999974752427e-07 220
1753416930175 9.999999974752427e-07 221
1753416967007 9.999999974752427e-07 222
1753417003664 9.999999974752427e-07 223
1753417040052 9.999999974752427e-07 224
1753417077221 9.999999974752427e-07 225
1753417113738 9.999999974752427e-07 226
1753417151338 9.999999974752427e-07 227
1753417188081 9.999999974752427e-07 228
1753417225829 9.999999974752427e-07 229
1753417262534 9.999999974752427e-07 230
1753417299401 9.999999974752427e-07 231
1753417336362 9.999999974752427e-07 232
1753417373088 9.999999974752427e-07 233
1753417409947 9.999999974752427e-07 234
1753417447239 9.999999974752427e-07 235
1753417484573 9.999999974752427e-07 236
1753417521493 9.999999974752427e-07 237
1753417558844 9.999999974752427e-07 238
1753417594962 9.999999974752427e-07 239
1753417631915 9.999999974752427e-07 240
1753417668757 9.999999974752427e-07 241
1753417705454 9.999999974752427e-07 242
1753417742790 9.999999974752427e-07 243
1753417779268 9.999999974752427e-07 244
1753417816025 9.999999974752427e-07 245
1753417853714 9.999999974752427e-07 246
1753417890249 9.999999974752427e-07 247
1753417926983 9.999999974752427e-07 248
1753417964393 9.999999974752427e-07 249
1753418001233 9.999999974752427e-07 250
1753418037865 9.999999974752427e-07 251
1753418074718 9.999999974752427e-07 252
1753418111189 9.999999974752427e-07 253
1753418147969 9.999999974752427e-07 254
1753418184441 9.999999974752427e-07 255
1753418220836 9.999999974752427e-07 256
1753418257407 9.999999974752427e-07 257
1753418293873 9.999999974752427e-07 258
1753418329791 9.999999974752427e-07 259
1753418366299 9.999999974752427e-07 260
1753418402432 9.999999974752427e-07 261
1753418439304 9.999999974752427e-07 262
1753418475948 9.999999974752427e-07 263
1753418512497 9.999999974752427e-07 264
1753418549382 9.999999974752427e-07 265
1753418586396 9.999999974752427e-07 266
1753418623013 9.999999974752427e-07 267
1753418659553 9.999999974752427e-07 268
1753418696155 9.999999974752427e-07 269
1753418732764 9.999999974752427e-07 270
1753418769828 9.999999974752427e-07 271
1753418806405 9.999999974752427e-07 272
1753418842879 9.999999974752427e-07 273
1753418878695 9.999999974752427e-07 274
1753418915815 9.999999974752427e-07 275
1753418952551 9.999999974752427e-07 276
1753418989155 9.999999974752427e-07 277
1753419025759 9.999999974752427e-07 278
1753419062843 9.999999974752427e-07 279
1753419099381 9.999999974752427e-07 280
1753419136294 9.999999974752427e-07 281
1753419172501 9.999999974752427e-07 282
1753419209222 9.999999974752427e-07 283
1753419246675 9.999999974752427e-07 284
1753419283868 9.999999974752427e-07 285
1753419321181 9.999999974752427e-07 286
1753419358351 9.999999974752427e-07 287
1753419394606 9.999999974752427e-07 288
1753419431604 9.999999974752427e-07 289
1753419468665 9.999999974752427e-07 290
1753419505908 9.999999974752427e-07 291
