1752858214612 0.35037 1
1752858266648 0.21684 2
1752858317619 0.13248 3
1752858369929 0.08637 4
1752858423580 0.06073 5
1752858477396 0.04621 6
1752858531760 0.03783 7
1752858585877 0.03262 8
1752858640841 0.0292 9
1752858695473 0.02688 10
1752858750501 0.02516 11
1752858805642 0.02393 12
1752858860988 0.02294 13
1752858915891 0.02219 14
1752858970706 0.02156 15
1752859025713 0.02108 16
1752859080858 0.02068 17
1752859135676 0.02036 18
1752859190451 0.02008 19
1752859246068 0.01986 20
1752859300729 0.01964 21
1752859355789 0.01946 22
1752859410762 0.01931 23
1752859466047 0.01919 24
1752859520985 0.01908 25
1752859575525 0.01897 26
1752859630544 0.01886 27
1752859685442 0.0188 28
1752859739774 0.0187 29
1752859794692 0.01864 30
1752859850318 0.01858 31
1752859905582 0.01853 32
