1753344973045 0.51615 1
1753345010639 0.3351 2
1753345046677 0.23048 3
1753345083595 0.16076 4
1753345119844 0.11615 5
1753345156616 0.08776 6
1753345193302 0.06939 7
1753345230088 0.0571 8
1753345266843 0.04856 9
1753345303547 0.04246 10
1753345340356 0.03803 11
1753345377877 0.03458 12
1753345414031 0.03198 13
1753345450900 0.02955 14
1753345487907 0.02729 15
1753345524881 0.02593 16
1753345562505 0.02504 17
1753345599667 0.02419 18
1753345637606 0.02352 19
1753345674447 0.02295 20
1753345712020 0.02247 21
1753345749549 0.02203 22
1753345787197 0.02166 23
1753345824743 0.02137 24
1753345862084 0.02105 25
1753345899096 0.02082 26
1753345936643 0.02057 27
1753345973423 0.02043 28
1753346009781 0.0202 29
1753346046462 0.02004 30
1753346083020 0.01988 31
1753346119635 0.0198 32
1753346155551 0.01965 33
1753346192222 0.01941 34
1753346228879 0.01932 35
1753346266264 0.01928 36
1753346302987 0.01927 37
1753346339420 0.01922 38
1753346376625 0.01917 39
1753346413163 0.01915 40
1753346449968 0.01913 41
1753346486807 0.01907 42
1753346523552 0.01902 43
1753346560344 0.01901 44
1753346598191 0.019 45
1753346635014 0.01899 46
1753346671857 0.019 47
1753346708720 0.01895 48
1753346746226 0.01896 49
1753346783044 0.01897 50
1753346820360 0.01894 51
1753346857780 0.01891 52
1753346895284 0.01896 53
1753346932257 0.01895 54
1753346968581 0.01894 55
1753347006096 0.01893 56
1753347042984 0.01892 57
1753347079566 0.01894 58
1753347116986 0.01892 59
1753347153773 0.01892 60
1753347190228 0.01891 61
1753347226228 0.01891 62
1753347262980 0.01891 63
1753347299870 0.01891 64
1753347336168 0.01892 65
1753347372339 0.01892 66
1753347408982 0.01891 67
1753347445421 0.01892 68
1753347482238 0.01891 69
1753347519275 0.01891 70
1753347556033 0.01892 71
1753347592942 0.01892 72
1753347629589 0.0189 73
1753347666358 0.0189 74
1753347703026 0.01892 75
1753347739554 0.0189 76
1753347776299 0.01891 77
1753347812990 0.01891 78
1753347850373 0.01894 79
1753347886386 0.01889 80
1753347923262 0.01892 81
1753347959914 0.0189 82
1753347996690 0.01891 83
1753348033452 0.01893 84
1753348070172 0.01891 85
1753348106058 0.0189 86
1753348143109 0.01891 87
1753348179863 0.01891 88
1753348216982 0.01891 89
1753348253832 0.0189 90
1753348290179 0.0189 91
1753348326858 0.01891 92
1753348363663 0.01891 93
1753348400542 0.01891 94
1753348437005 0.01891 95
1753348474241 0.01889 96
1753348511572 0.01891 97
1753348547671 0.01889 98
1753348584214 0.0189 99
1753348620929 0.0189 100
1753348657169 0.01889 101
1753348694023 0.0189 102
1753348730733 0.01891 103
1753348767986 0.0189 104
1753348804636 0.01888 105
1753348841357 0.01892 106
1753348878122 0.01888 107
1753348915632 0.0189 108
1753348952837 0.01888 109
1753348989104 0.01888 110
1753349025859 0.0189 111
1753349062440 0.01889 112
1753349099009 0.01885 113
1753349136270 0.0189 114
1753349173577 0.01886 115
1753349210394 0.01886 116
1753349247109 0.01889 117
1753349283901 0.0189 118
1753349320776 0.01887 119
1753349356583 0.01886 120
1753349392907 0.01889 121
1753349429631 0.01887 122
1753349465742 0.01888 123
1753349502923 0.01885 124
1753349539117 0.01889 125
1753349575684 0.01887 126
1753349612762 0.01887 127
1753349649376 0.01886 128
1753349686326 0.01887 129
1753349722426 0.01886 130
1753349759675 0.01885 131
1753349796332 0.01884 132
1753349833956 0.01886 133
1753349870860 0.01885 134
1753349907357 0.01886 135
1753349944782 0.01885 136
1753349981724 0.01885 137
1753350018022 0.01886 138
1753350054205 0.01886 139
1753350090403 0.01884 140
1753350127620 0.01886 141
1753350163858 0.01887 142
1753350200599 0.01887 143
1753350237224 0.01886 144
1753350273902 0.01886 145
1753350310528 0.01887 146
1753350347238 0.01886 147
1753350383953 0.01884 148
1753350420600 0.01883 149
1753350457623 0.01884 150
1753350494416 0.01887 151
1753350531823 0.01884 152
1753350569153 0.01883 153
1753350605829 0.01883 154
1753350642711 0.01884 155
1753350678885 0.01884 156
1753350716221 0.01883 157
1753350752312 0.01882 158
1753350789115 0.01885 159
1753350826233 0.01884 160
1753350863071 0.01882 161
1753350899810 0.01886 162
1753350936588 0.01884 163
1753350972927 0.01882 164
1753351009753 0.01883 165
1753351046535 0.01881 166
1753351082663 0.01883 167
1753351119194 0.01885 168
1753351155983 0.01881 169
1753351192633 0.01882 170
1753351228997 0.01883 171
1753351265118 0.01883 172
1753351302068 0.01882 173
1753351338752 0.01882 174
1753351375302 0.01881 175
1753351411095 0.01882 176
1753351447694 0.01884 177
1753351483765 0.01885 178
1753351520098 0.01883 179
1753351556799 0.01882 180
1753351593910 0.01881 181
1753351630538 0.01883 182
1753351667047 0.01884 183
1753351703659 0.01882 184
1753351740609 0.0188 185
1753351776705 0.01881 186
1753351813420 0.01879 187
1753351849696 0.01881 188
1753351886219 0.01881 189
1753351922460 0.01881 190
1753351958879 0.01881 191
1753351995766 0.01883 192
1753352031817 0.01882 193
1753352067961 0.01881 194
1753352104243 0.01881 195
1753352140382 0.01878 196
1753352176933 0.0188 197
1753352213163 0.01879 198
1753352249776 0.0188 199
1753352286296 0.01879 200
1753352322916 0.01879 201
1753352359075 0.01877 202
1753352395238 0.01881 203
1753352432167 0.01879 204
1753352469353 0.0188 205
1753352505394 0.01879 206
1753352541607 0.01875 207
1753352578528 0.01879 208
1753352614824 0.01879 209
1753352650947 0.0188 210
1753352687281 0.01877 211
1753352723420 0.01877 212
1753352759542 0.01879 213
1753352796049 0.01877 214
1753352832157 0.01877 215
1753352868440 0.01879 216
1753352905171 0.01881 217
1753352941913 0.01877 218
1753352977971 0.01875 219
1753353013934 0.01877 220
1753353050637 0.01878 221
1753353086886 0.01877 222
1753353123045 0.01877 223
1753353159154 0.01877 224
1753353195344 0.01879 225
1753353231753 0.01878 226
1753353268019 0.01877 227
1753353304202 0.01876 228
1753353340589 0.01878 229
1753353376649 0.01874 230
1753353413295 0.01879 231
1753353449446 0.01876 232
1753353485585 0.01875 233
1753353521816 0.01872 234
1753353557985 0.01876 235
1753353594066 0.01878 236
1753353630479 0.01876 237
1753353667113 0.01876 238
1753353703577 0.01876 239
1753353739503 0.01879 240
1753353775762 0.01875 241
1753353811955 0.01876 242
1753353847925 0.01874 243
1753353883969 0.01876 244
1753353920227 0.01875 245
1753353956619 0.01876 246
1753353992800 0.01875 247
1753354029158 0.01874 248
1753354065246 0.01873 249
1753354101544 0.01876 250
1753354138328 0.01874 251
1753354174459 0.01872 252
1753354210356 0.01874 253
1753354246953 0.01874 254
1753354282979 0.01874 255
1753354319360 0.01875 256
1753354356656 0.01873 257
1753354393664 0.01872 258
1753354430451 0.01873 259
1753354466999 0.01873 260
1753354503586 0.01875 261
1753354539808 0.01873 262
1753354576283 0.01871 263
1753354612702 0.01875 264
1753354649059 0.01875 265
1753354685164 0.01875 266
1753354721619 0.01873 267
1753354758806 0.01872 268
1753354795289 0.01873 269
1753354831561 0.01872 270
1753354867654 0.01873 271
1753354903716 0.01874 272
1753354939956 0.01873 273
1753354976493 0.01872 274
1753355012788 0.01874 275
1753355049014 0.01874 276
1753355085205 0.01872 277
1753355121246 0.01871 278
1753355157986 0.01873 279
1753355194628 0.01871 280
1753355230787 0.0187 281
1753355266716 0.01871 282
1753355302876 0.01871 283
1753355338992 0.0187 284
1753355375583 0.01871 285
1753355412901 0.01871 286
1753355448768 0.0187 287
1753355485285 0.0187 288
1753355521507 0.01871 289
1753355557779 0.0187 290
1753355593854 0.01871 291
