1753344991471 0.0010000000474974513 1
1753345027500 0.0010000000474974513 2
1753345064428 0.0010000000474974513 3
1753345100648 0.0010000000474974513 4
1753345137469 0.0010000000474974513 5
1753345174121 0.0010000000474974513 6
1753345210975 0.0010000000474974513 7
1753345247740 0.0010000000474974513 8
1753345284417 0.0010000000474974513 9
1753345321282 0.0010000000474974513 10
1753345358731 0.0010000000474974513 11
1753345394865 0.0010000000474974513 12
1753345431840 0.0010000000474974513 13
1753345468827 0.0010000000474974513 14
1753345505820 0.0010000000474974513 15
1753345543331 0.0010000000474974513 16
1753345580501 0.0010000000474974513 17
1753345618530 0.0010000000474974513 18
1753345655372 0.0010000000474974513 19
1753345692822 0.0010000000474974513 20
1753345730365 0.0010000000474974513 21
1753345767996 0.0010000000474974513 22
1753345805574 0.0010000000474974513 23
1753345843015 0.0010000000474974513 24
1753345879897 0.0010000000474974513 25
1753345917488 0.0010000000474974513 26
1753345954247 0.0010000000474974513 27
1753345990582 0.0010000000474974513 28
1753346027342 0.0010000000474974513 29
1753346063963 0.0010000000474974513 30
1753346100585 0.0010000000474974513 31
1753346136514 0.0010000000474974513 32
1753346173092 0.00020000000949949026 33
1753346209706 0.00020000000949949026 34
1753346247003 0.00020000000949949026 35
1753346283781 0.00020000000949949026 36
1753346320076 0.00020000000949949026 37
1753346357157 0.00020000000949949026 38
1753346393935 0.00020000000949949026 39
1753346430798 0.00020000000949949026 40
1753346467687 0.00020000000949949026 41
1753346504225 4.0000002627493814e-05 42
1753346541251 4.0000002627493814e-05 43
1753346579093 4.0000002627493814e-05 44
1753346615825 4.0000002627493814e-05 45
1753346652690 4.0000002627493814e-05 46
1753346689537 4.0000002627493814e-05 47
1753346726970 4.0000002627493814e-05 48
1753346763834 4.0000002627493814e-05 49
1753346801193 4.0000002627493814e-05 50
1753346838753 8.000000889296643e-06 51
1753346876108 8.000000889296643e-06 52
1753346913149 8.000000889296643e-06 53
1753346949260 8.000000889296643e-06 54
1753346986873 8.000000889296643e-06 55
1753347023846 8.000000889296643e-06 56
1753347060300 8.000000889296643e-06 57
1753347097896 8.000000889296643e-06 58
1753347134625 8.000000889296643e-06 59
1753347170953 1.6000001323845936e-06 60
1753347206950 1.6000001323845936e-06 61
1753347243889 1.6000001323845936e-06 62
1753347280685 1.6000001323845936e-06 63
1753347316901 1.6000001323845936e-06 64
1753347353138 1.6000001323845936e-06 65
1753347389676 1.6000001323845936e-06 66
1753347426230 1.6000001323845936e-06 67
1753347463157 1.6000001323845936e-06 68
1753347500201 9.999999974752427e-07 69
1753347536909 9.999999974752427e-07 70
1753347573729 9.999999974752427e-07 71
1753347610354 9.999999974752427e-07 72
1753347647198 9.999999974752427e-07 73
1753347683803 9.999999974752427e-07 74
1753347720318 9.999999974752427e-07 75
1753347757021 9.999999974752427e-07 76
1753347793779 9.999999974752427e-07 77
1753347831132 9.999999974752427e-07 78
1753347867221 9.999999974752427e-07 79
1753347903988 9.999999974752427e-07 80
1753347940702 9.999999974752427e-07 81
1753347977443 9.999999974752427e-07 82
1753348014143 9.999999974752427e-07 83
1753348050987 9.999999974752427e-07 84
1753348086809 9.999999974752427e-07 85
1753348123912 9.999999974752427e-07 86
1753348160704 9.999999974752427e-07 87
1753348197695 9.999999974752427e-07 88
1753348234495 9.999999974752427e-07 89
1753348270829 9.999999974752427e-07 90
1753348307548 9.999999974752427e-07 91
1753348344333 9.999999974752427e-07 92
1753348381202 9.999999974752427e-07 93
1753348417967 9.999999974752427e-07 94
1753348454997 9.999999974752427e-07 95
1753348492188 9.999999974752427e-07 96
1753348528531 9.999999974752427e-07 97
1753348565117 9.999999974752427e-07 98
1753348601764 9.999999974752427e-07 99
1753348637821 9.999999974752427e-07 100
1753348674683 9.999999974752427e-07 101
1753348711431 9.999999974752427e-07 102
1753348748892 9.999999974752427e-07 103
1753348785417 9.999999974752427e-07 104
1753348822094 9.999999974752427e-07 105
1753348858831 9.999999974752427e-07 106
1753348896252 9.999999974752427e-07 107
1753348933778 9.999999974752427e-07 108
1753348969906 9.999999974752427e-07 109
1753349006613 9.999999974752427e-07 110
1753349043335 9.999999974752427e-07 111
1753349079873 9.999999974752427e-07 112
1753349117115 9.999999974752427e-07 113
1753349154398 9.999999974752427e-07 114
1753349191209 9.999999974752427e-07 115
1753349227846 9.999999974752427e-07 116
1753349264696 9.999999974752427e-07 117
1753349301529 9.999999974752427e-07 118
1753349337505 9.999999974752427e-07 119
1753349373763 9.999999974752427e-07 120
1753349410321 9.999999974752427e-07 121
1753349446394 9.999999974752427e-07 122
1753349483863 9.999999974752427e-07 123
1753349519980 9.999999974752427e-07 124
1753349556363 9.999999974752427e-07 125
1753349593454 9.999999974752427e-07 126
1753349630069 9.999999974752427e-07 127
1753349667187 9.999999974752427e-07 128
1753349703279 9.999999974752427e-07 129
1753349740635 9.999999974752427e-07 130
1753349777122 9.999999974752427e-07 131
1753349814612 9.999999974752427e-07 132
1753349851642 9.999999974752427e-07 133
1753349888148 9.999999974752427e-07 134
1753349925506 9.999999974752427e-07 135
1753349962584 9.999999974752427e-07 136
1753349998733 9.999999974752427e-07 137
1753350034938 9.999999974752427e-07 138
1753350071048 9.999999974752427e-07 139
1753350108323 9.999999974752427e-07 140
1753350144505 9.999999974752427e-07 141
1753350181359 9.999999974752427e-07 142
1753350218068 9.999999974752427e-07 143
1753350254654 9.999999974752427e-07 144
1753350291198 9.999999974752427e-07 145
1753350328075 9.999999974752427e-07 146
1753350364731 9.999999974752427e-07 147
1753350401354 9.999999974752427e-07 148
1753350438406 9.999999974752427e-07 149
1753350475196 9.999999974752427e-07 150
1753350512585 9.999999974752427e-07 151
1753350550052 9.999999974752427e-07 152
1753350586677 9.999999974752427e-07 153
1753350623447 9.999999974752427e-07 154
1753350659817 9.999999974752427e-07 155
1753350697089 9.999999974752427e-07 156
1753350733186 9.999999974752427e-07 157
1753350769851 9.999999974752427e-07 158
1753350807049 9.999999974752427e-07 159
1753350843923 9.999999974752427e-07 160
1753350880762 9.999999974752427e-07 161
1753350916944 9.999999974752427e-07 162
1753350953692 9.999999974752427e-07 163
1753350990572 9.999999974752427e-07 164
1753351027349 9.999999974752427e-07 165
1753351063373 9.999999974752427e-07 166
1753351099968 9.999999974752427e-07 167
1753351136802 9.999999974752427e-07 168
1753351173526 9.999999974752427e-07 169
1753351209697 9.999999974752427e-07 170
1753351245869 9.999999974752427e-07 171
1753351282989 9.999999974752427e-07 172
1753351319436 9.999999974752427e-07 173
1753351356230 9.999999974752427e-07 174
1753351391939 9.999999974752427e-07 175
1753351428483 9.999999974752427e-07 176
1753351464670 9.999999974752427e-07 177
1753351500857 9.999999974752427e-07 178
1753351537570 9.999999974752427e-07 179
1753351574798 9.999999974752427e-07 180
1753351611364 9.999999974752427e-07 181
1753351647827 9.999999974752427e-07 182
1753351684522 9.999999974752427e-07 183
1753351721314 9.999999974752427e-07 184
1753351757469 9.999999974752427e-07 185
1753351794258 9.999999974752427e-07 186
1753351830408 9.999999974752427e-07 187
1753351866513 9.999999974752427e-07 188
1753351903159 9.999999974752427e-07 189
1753351939777 9.999999974752427e-07 190
1753351976450 9.999999974752427e-07 191
1753352012710 9.999999974752427e-07 192
1753352048626 9.999999974752427e-07 193
1753352084891 9.999999974752427e-07 194
1753352121156 9.999999974752427e-07 195
1753352157678 9.999999974752427e-07 196
1753352193879 9.999999974752427e-07 197
1753352230505 9.999999974752427e-07 198
1753352266779 9.999999974752427e-07 199
1753352303758 9.999999974752427e-07 200
1753352339797 9.999999974752427e-07 201
1753352376017 9.999999974752427e-07 202
1753352412957 9.999999974752427e-07 203
1753352450156 9.999999974752427e-07 204
1753352486278 9.999999974752427e-07 205
1753352522276 9.999999974752427e-07 206
1753352559324 9.999999974752427e-07 207
1753352595546 9.999999974752427e-07 208
1753352631741 9.999999974752427e-07 209
1753352667913 9.999999974752427e-07 210
1753352704170 9.999999974752427e-07 211
1753352740374 9.999999974752427e-07 212
1753352776763 9.999999974752427e-07 213
1753352812950 9.999999974752427e-07 214
1753352849058 9.999999974752427e-07 215
1753352885937 9.999999974752427e-07 216
1753352922715 9.999999974752427e-07 217
1753352958820 9.999999974752427e-07 218
1753352994601 9.999999974752427e-07 219
1753353031364 9.999999974752427e-07 220
1753353067588 9.999999974752427e-07 221
1753353103847 9.999999974752427e-07 222
1753353139909 9.999999974752427e-07 223
1753353176058 9.999999974752427e-07 224
1753353212585 9.999999974752427e-07 225
1753353248659 9.999999974752427e-07 226
1753353284887 9.999999974752427e-07 227
1753353321214 9.999999974752427e-07 228
1753353357496 9.999999974752427e-07 229
1753353394033 9.999999974752427e-07 230
1753353430193 9.999999974752427e-07 231
1753353466379 9.999999974752427e-07 232
1753353502431 9.999999974752427e-07 233
1753353538707 9.999999974752427e-07 234
1753353574823 9.999999974752427e-07 235
1753353611252 9.999999974752427e-07 236
1753353647854 9.999999974752427e-07 237
1753353684113 9.999999974752427e-07 238
1753353720258 9.999999974752427e-07 239
1753353756504 9.999999974752427e-07 240
1753353792733 9.999999974752427e-07 241
1753353828568 9.999999974752427e-07 242
1753353864741 9.999999974752427e-07 243
1753353901084 9.999999974752427e-07 244
1753353937253 9.999999974752427e-07 245
1753353973589 9.999999974752427e-07 246
1753354009732 9.999999974752427e-07 247
1753354046097 9.999999974752427e-07 248
1753354082206 9.999999974752427e-07 249
1753354119038 9.999999974752427e-07 250
1753354155164 9.999999974752427e-07 251
1753354191010 9.999999974752427e-07 252
1753354227704 9.999999974752427e-07 253
1753354263760 9.999999974752427e-07 254
1753354300054 9.999999974752427e-07 255
1753354337484 9.999999974752427e-07 256
1753354374365 9.999999974752427e-07 257
1753354411298 9.999999974752427e-07 258
1753354447812 9.999999974752427e-07 259
1753354484452 9.999999974752427e-07 260
1753354520446 9.999999974752427e-07 261
1753354557047 9.999999974752427e-07 262
1753354593310 9.999999974752427e-07 263
1753354629806 9.999999974752427e-07 264
1753354665921 9.999999974752427e-07 265
1753354702316 9.999999974752427e-07 266
1753354739532 9.999999974752427e-07 267
1753354775707 9.999999974752427e-07 268
1753354812238 9.999999974752427e-07 269
1753354848390 9.999999974752427e-07 270
1753354884520 9.999999974752427e-07 271
1753354920675 9.999999974752427e-07 272
1753354957422 9.999999974752427e-07 273
1753354993604 9.999999974752427e-07 274
1753355029765 9.999999974752427e-07 275
1753355065878 9.999999974752427e-07 276
1753355102136 9.999999974752427e-07 277
1753355138733 9.999999974752427e-07 278
1753355175339 9.999999974752427e-07 279
1753355211512 9.999999974752427e-07 280
1753355247406 9.999999974752427e-07 281
1753355283568 9.999999974752427e-07 282
1753355319677 9.999999974752427e-07 283
1753355356533 9.999999974752427e-07 284
1753355393547 9.999999974752427e-07 285
1753355429474 9.999999974752427e-07 286
1753355465959 9.999999974752427e-07 287
1753355502113 9.999999974752427e-07 288
1753355538397 9.999999974752427e-07 289
1753355574579 9.999999974752427e-07 290
1753355610675 9.999999974752427e-07 291
