1753404146558 1.0 0
1753404164314 2.0 0
1753404181916 3.0 0
1753404199856 4.0 0
1753404217591 5.0 0
1753404235631 6.0 0
1753404253800 7.0 0
1753404272009 8.0 0
1753404290394 9.0 0
1753404308453 10.0 0
1753404326690 11.0 0
1753404344900 12.0 0
1753404363044 13.0 0
1753404381252 14.0 0
1753404399291 15.0 0
1753404417732 16.0 0
1753404435864 17.0 0
1753404453943 18.0 0
1753404472283 19.0 0
1753404490372 20.0 0
1753404508498 21.0 0
1753404526571 22.0 0
1753404544757 23.0 0
1753404562959 24.0 0
1753404599316 26.0 0
1753404617567 27.0 0
1753404635698 28.0 0
1753404653925 29.0 0
1753404672132 30.0 0
1753404690602 31.0 0
1753404708747 32.0 0
1753404763577 35.0 0
1753404800230 37.0 0
1753404836756 39.0 0
1753404891460 42.0 0
1753404909565 43.0 0
1753404946073 45.0 0
1753404964313 46.0 0
1753405018733 49.0 0
1753405109457 54.0 0
1753405272917 63.0 0
1753405396944 70.0 0
