1753404132388 0.55125 1
1753404150468 0.44613 2
1753404168198 0.38214 3
1753404185824 0.32823 4
1753404203790 0.27904 5
1753404221522 0.23613 6
1753404239552 0.19998 7
1753404257723 0.17033 8
1753404275923 0.1461 9
1753404294262 0.12623 10
1753404312413 0.10997 11
1753404330598 0.09695 12
1753404348854 0.08627 13
1753404367077 0.07765 14
1753404385145 0.07059 15
1753404403234 0.06474 16
1753404421694 0.05981 17
1753404439808 0.05572 18
1753404457865 0.05225 19
1753404476217 0.04928 20
1753404494349 0.04671 21
1753404512420 0.04458 22
1753404530520 0.04253 23
1753404548742 0.04088 24
1753404566980 0.03942 25
1753404585059 0.03779 26
1753404603301 0.03648 27
1753404621542 0.03545 28
1753404639721 0.03444 29
1753404657956 0.03362 30
1753404676147 0.0329 31
1753404694609 0.03226 32
1753404712729 0.03164 33
1753404730958 0.03113 34
1753404749419 0.03058 35
1753404767553 0.03055 36
1753404786029 0.02985 37
1753404804260 0.02938 38
1753404822572 0.02903 39
1753404840743 0.02875 40
1753404858916 0.02845 41
1753404877119 0.02824 42
1753404895463 0.0279 43
1753404913585 0.0277 44
1753404931724 0.0275 45
1753404950074 0.02725 46
1753404968345 0.02704 47
1753404986430 0.02688 48
1753405004471 0.02674 49
1753405022661 0.0266 50
1753405040824 0.02641 51
1753405058936 0.02632 52
1753405077144 0.02615 53
1753405095286 0.02602 54
1753405113404 0.02595 55
1753405131501 0.02576 56
1753405149598 0.02565 57
1753405167942 0.02552 58
1753405186026 0.02544 59
1753405204143 0.02531 60
1753405222592 0.02522 61
1753405240656 0.02517 62
1753405258810 0.02511 63
1753405276911 0.02498 64
1753405295045 0.02487 65
1753405313183 0.02481 66
1753405331204 0.02471 67
1753405348750 0.02472 68
1753405366166 0.02461 69
1753405383524 0.02455 70
1753405400951 0.02447 71
1753405418287 0.02437 72
1753405435884 0.02435 73
1753405454027 0.02432 74
1753405472108 0.02423 75
1753405490483 0.02418 76
1753405508600 0.02412 77
1753405526682 0.02405 78
1753405544783 0.02397 79
1753405562889 0.02383 80
1753405581054 0.02372 81
1753405599063 0.02373 82
1753405617105 0.02372 83
1753405635149 0.02371 84
1753405653243 0.02369 85
1753405671294 0.02363 86
1753405689297 0.02365 87
1753405707620 0.02364 88
1753405725462 0.0236 89
1753405743325 0.02359 90
1753405761541 0.02356 91
1753405779597 0.02359 92
1753405797624 0.02358 93
1753405815634 0.02362 94
1753405833707 0.02355 95
1753405851809 0.02353 96
1753405869808 0.02357 97
1753405887907 0.02356 98
1753405906109 0.02354 99
1753405924106 0.02355 100
1753405942327 0.02354 101
1753405960486 0.02352 102
1753405978999 0.02354 103
1753405997167 0.02357 104
1753406015282 0.02351 105
1753406033182 0.02354 106
1753406051081 0.02353 107
1753406068786 0.02356 108
1753406086490 0.02348 109
1753406104480 0.02356 110
1753406122232 0.02352 111
1753406139954 0.02354 112
1753406157802 0.02354 113
1753406175654 0.02356 114
1753406193327 0.02352 115
1753406211101 0.02353 116
1753406228476 0.02349 117
1753406245971 0.02353 118
1753406263369 0.02351 119
1753406281043 0.02352 120
1753406298919 0.0235 121
1753406316707 0.02353 122
1753406334366 0.02354 123
1753406351969 0.02355 124
1753406369296 0.02356 125
1753406386991 0.02349 126
1753406404824 0.02352 127
1753406422398 0.02356 128
1753406440288 0.02351 129
1753406457940 0.02352 130
1753406475112 0.02352 131
1753406492526 0.0235 132
1753406509630 0.02351 133
1753406526882 0.02352 134
1753406544455 0.02354 135
1753406562395 0.02353 136
1753406579753 0.02354 137
1753406597040 0.02353 138
1753406614516 0.02352 139
1753406631903 0.02354 140
1753406649231 0.02354 141
1753406666580 0.02352 142
1753406683933 0.02353 143
1753406701763 0.02351 144
1753406719521 0.02352 145
1753406737347 0.02354 146
1753406755267 0.02353 147
1753406772987 0.02352 148
1753406790680 0.02353 149
1753406808380 0.0235 150
1753406826236 0.02352 151
1753406843970 0.0235 152
1753406861641 0.02348 153
1753406879563 0.02352 154
1753406897249 0.02352 155
1753406914421 0.02353 156
1753406931572 0.02353 157
1753406948630 0.02353 158
1753406966058 0.02348 159
1753406983050 0.02351 160
1753407000102 0.02353 161
1753407017432 0.02349 162
1753407034501 0.02353 163
1753407051694 0.02351 164
1753407068733 0.02351 165
1753407085994 0.0235 166
1753407103311 0.0235 167
1753407120407 0.02355 168
1753407137643 0.02351 169
1753407154887 0.02352 170
1753407171946 0.02351 171
1753407189100 0.02352 172
1753407206131 0.02353 173
1753407223525 0.02354 174
1753407240657 0.02354 175
1753407257832 0.0235 176
1753407275132 0.02352 177
1753407292164 0.02352 178
1753407309316 0.0235 179
1753407326193 0.02354 180
1753407343388 0.02351 181
1753407360705 0.02355 182
1753407377759 0.02351 183
1753407394907 0.0235 184
1753407412089 0.02351 185
1753407429307 0.02352 186
1753407446364 0.02354 187
1753407463383 0.02352 188
1753407480678 0.02352 189
1753407497814 0.02353 190
1753407514853 0.02351 191
1753407532975 0.0235 192
1753407550143 0.02349 193
1753407567287 0.02353 194
1753407584383 0.02351 195
1753407601539 0.02347 196
1753407618821 0.02352 197
1753407636113 0.02354 198
1753407653497 0.02353 199
1753407670670 0.02353 200
1753407688010 0.02353 201
1753407705054 0.02351 202
1753407721996 0.02351 203
1753407739251 0.02352 204
1753407756311 0.02355 205
1753407773524 0.02353 206
1753407790797 0.0235 207
1753407807996 0.02352 208
1753407825156 0.02352 209
1753407842130 0.02353 210
1753407859615 0.02351 211
1753407877285 0.02353 212
1753407894876 0.02349 213
1753407912779 0.02349 214
1753407930679 0.02352 215
1753407948453 0.02348 216
1753407966288 0.0235 217
1753407984142 0.02352 218
1753408002314 0.02352 219
1753408020193 0.0235 220
1753408037841 0.0235 221
1753408056026 0.02355 222
1753408073832 0.0235 223
1753408091700 0.02349 224
1753408109468 0.02352 225
1753408127273 0.02351 226
1753408145542 0.0235 227
1753408163313 0.02348 228
1753408181008 0.02348 229
1753408198839 0.02353 230
1753408216663 0.0235 231
1753408234505 0.02351 232
1753408252349 0.0235 233
1753408270264 0.02351 234
1753408288070 0.0235 235
1753408305819 0.0235 236
1753408323691 0.02349 237
1753408341546 0.0235 238
1753408359289 0.02352 239
1753408377295 0.02351 240
1753408395172 0.02349 241
1753408412921 0.02351 242
1753408430845 0.02348 243
1753408448705 0.02347 244
1753408466644 0.02351 245
1753408484693 0.02351 246
1753408502569 0.02349 247
1753408520375 0.0235 248
1753408538350 0.02348 249
1753408556267 0.02349 250
1753408574098 0.0235 251
1753408592013 0.02346 252
1753408609961 0.02349 253
1753408627917 0.02349 254
1753408645555 0.02349 255
1753408663287 0.02351 256
1753408680928 0.02349 257
1753408698582 0.02347 258
1753408716368 0.0235 259
1753408734054 0.02351 260
1753408751694 0.02348 261
1753408769443 0.02346 262
1753408787168 0.02349 263
1753408804728 0.02347 264
1753408822432 0.02349 265
1753408839954 0.02346 266
1753408857737 0.02348 267
1753408875417 0.02348 268
1753408893082 0.0235 269
1753408910806 0.0235 270
1753408928389 0.02348 271
1753408946125 0.0235 272
1753408963721 0.02349 273
1753408981551 0.02353 274
1753408999155 0.0235 275
1753409016705 0.02346 276
1753409034608 0.0235 277
1753409052233 0.02349 278
1753409069766 0.02348 279
1753409087264 0.02348 280
1753409105112 0.02347 281
1753409122277 0.02347 282
1753409139531 0.02346 283
1753409156716 0.02348 284
1753409173846 0.02347 285
1753409191000 0.0235 286
1753409208323 0.0235 287
1753409225444 0.02347 288
1753409242484 0.02345 289
1753409259957 0.02345 290
1753409277830 0.02346 291
1753409295676 0.02347 292
1753409313585 0.02349 293
1753409331572 0.02347 294
1753409349403 0.02349 295
1753409367336 0.02347 296
1753409385347 0.0235 297
1753409403273 0.02346 298
1753409421188 0.02348 299
1753409439036 0.02346 300
