1753404146564 0.0010000000474974513 1
1753404164321 0.0010000000474974513 2
1753404181922 0.0010000000474974513 3
1753404199862 0.0010000000474974513 4
1753404217598 0.0010000000474974513 5
1753404235639 0.0010000000474974513 6
1753404253807 0.0010000000474974513 7
1753404272013 0.0010000000474974513 8
1753404290399 0.0010000000474974513 9
1753404308458 0.0010000000474974513 10
1753404326697 0.0010000000474974513 11
1753404344905 0.0010000000474974513 12
1753404363052 0.0010000000474974513 13
1753404381259 0.0010000000474974513 14
1753404399298 0.0010000000474974513 15
1753404417737 0.0010000000474974513 16
1753404435868 0.0010000000474974513 17
1753404453949 0.0010000000474974513 18
1753404472288 0.0010000000474974513 19
1753404490378 0.0010000000474974513 20
1753404508506 0.0010000000474974513 21
1753404526579 0.0010000000474974513 22
1753404544764 0.0010000000474974513 23
1753404562964 0.0010000000474974513 24
1753404581101 0.0010000000474974513 25
1753404599322 0.0010000000474974513 26
1753404617573 0.0010000000474974513 27
1753404635704 0.0010000000474974513 28
1753404653930 0.0010000000474974513 29
1753404672142 0.0010000000474974513 30
1753404690609 0.0010000000474974513 31
1753404708753 0.0010000000474974513 32
1753404726905 0.0010000000474974513 33
1753404745392 0.0010000000474974513 34
1753404763583 0.0010000000474974513 35
1753404781726 0.0010000000474974513 36
1753404800235 0.0010000000474974513 37
1753404818551 0.0010000000474974513 38
1753404836763 0.0010000000474974513 39
1753404854938 0.0010000000474974513 40
1753404873096 0.0010000000474974513 41
1753404891464 0.0010000000474974513 42
1753404909571 0.0010000000474974513 43
1753404927709 0.0010000000474974513 44
1753404946080 0.0010000000474974513 45
1753404964324 0.0010000000474974513 46
1753404982429 0.0010000000474974513 47
1753405000573 0.0010000000474974513 48
1753405018737 0.0010000000474974513 49
1753405036820 0.0010000000474974513 50
1753405054955 0.0010000000474974513 51
1753405073140 0.0010000000474974513 52
1753405091340 0.0010000000474974513 53
1753405109463 0.0010000000474974513 54
1753405127523 0.0010000000474974513 55
1753405145620 0.0010000000474974513 56
1753405164027 0.0010000000474974513 57
1753405182054 0.0010000000474974513 58
1753405200144 0.0010000000474974513 59
1753405218568 0.0010000000474974513 60
1753405236636 0.0010000000474974513 61
1753405254806 0.0010000000474974513 62
1753405272927 0.0010000000474974513 63
1753405291063 0.0010000000474974513 64
1753405309226 0.0010000000474974513 65
1753405327245 0.0010000000474974513 66
1753405344795 0.0010000000474974513 67
1753405362145 0.0010000000474974513 68
1753405379567 0.0010000000474974513 69
1753405396949 0.0010000000474974513 70
1753405414325 0.0010000000474974513 71
1753405431876 0.0010000000474974513 72
1753405450038 0.0010000000474974513 73
1753405468143 0.0010000000474974513 74
1753405486500 0.0010000000474974513 75
1753405504579 0.0010000000474974513 76
1753405522718 0.0010000000474974513 77
1753405540797 0.0010000000474974513 78
1753405558938 0.00020000000949949026 79
1753405577112 0.00020000000949949026 80
1753405595117 0.00020000000949949026 81
1753405613282 0.00020000000949949026 82
1753405631305 0.00020000000949949026 83
1753405649260 0.00020000000949949026 84
1753405667357 0.00020000000949949026 85
1753405685431 0.00020000000949949026 86
1753405703693 0.00020000000949949026 87
1753405721639 4.0000002627493814e-05 88
1753405739485 4.0000002627493814e-05 89
1753405757699 4.0000002627493814e-05 90
1753405775588 4.0000002627493814e-05 91
1753405793646 4.0000002627493814e-05 92
1753405811672 4.0000002627493814e-05 93
1753405829702 4.0000002627493814e-05 94
1753405847866 4.0000002627493814e-05 95
1753405865802 4.0000002627493814e-05 96
1753405883967 8.000000889296643e-06 97
1753405902087 8.000000889296643e-06 98
1753405920100 8.000000889296643e-06 99
1753405938307 8.000000889296643e-06 100
1753405956553 8.000000889296643e-06 101
1753405975089 8.000000889296643e-06 102
1753405993210 8.000000889296643e-06 103
1753406011329 8.000000889296643e-06 104
1753406029255 8.000000889296643e-06 105
1753406047122 1.6000001323845936e-06 106
1753406064841 1.6000001323845936e-06 107
1753406082536 1.6000001323845936e-06 108
1753406100519 1.6000001323845936e-06 109
1753406118271 1.6000001323845936e-06 110
1753406136051 1.6000001323845936e-06 111
1753406153878 1.6000001323845936e-06 112
1753406171726 1.6000001323845936e-06 113
1753406189419 1.6000001323845936e-06 114
1753406207175 9.999999974752427e-07 115
1753406224549 9.999999974752427e-07 116
1753406242043 9.999999974752427e-07 117
1753406259404 9.999999974752427e-07 118
1753406277142 9.999999974752427e-07 119
1753406294992 9.999999974752427e-07 120
1753406312815 9.999999974752427e-07 121
1753406330456 9.999999974752427e-07 122
1753406348124 9.999999974752427e-07 123
1753406365385 9.999999974752427e-07 124
1753406383067 9.999999974752427e-07 125
1753406400897 9.999999974752427e-07 126
1753406418423 9.999999974752427e-07 127
1753406436364 9.999999974752427e-07 128
1753406454035 9.999999974752427e-07 129
1753406471169 9.999999974752427e-07 130
1753406488567 9.999999974752427e-07 131
1753406505720 9.999999974752427e-07 132
1753406522965 9.999999974752427e-07 133
1753406540575 9.999999974752427e-07 134
1753406558494 9.999999974752427e-07 135
1753406575873 9.999999974752427e-07 136
1753406593176 9.999999974752427e-07 137
1753406610597 9.999999974752427e-07 138
1753406627997 9.999999974752427e-07 139
1753406645317 9.999999974752427e-07 140
1753406662611 9.999999974752427e-07 141
1753406680012 9.999999974752427e-07 142
1753406697858 9.999999974752427e-07 143
1753406715635 9.999999974752427e-07 144
1753406733472 9.999999974752427e-07 145
1753406751387 9.999999974752427e-07 146
1753406769060 9.999999974752427e-07 147
1753406786776 9.999999974752427e-07 148
1753406804454 9.999999974752427e-07 149
1753406822335 9.999999974752427e-07 150
1753406840074 9.999999974752427e-07 151
1753406857764 9.999999974752427e-07 152
1753406875644 9.999999974752427e-07 153
1753406893349 9.999999974752427e-07 154
1753406910535 9.999999974752427e-07 155
1753406927686 9.999999974752427e-07 156
1753406944722 9.999999974752427e-07 157
1753406962092 9.999999974752427e-07 158
1753406979221 9.999999974752427e-07 159
1753406996194 9.999999974752427e-07 160
1753407013563 9.999999974752427e-07 161
1753407030657 9.999999974752427e-07 162
1753407047749 9.999999974752427e-07 163
1753407064802 9.999999974752427e-07 164
1753407082066 9.999999974752427e-07 165
1753407099380 9.999999974752427e-07 166
1753407116520 9.999999974752427e-07 167
1753407133751 9.999999974752427e-07 168
1753407150979 9.999999974752427e-07 169
1753407168015 9.999999974752427e-07 170
1753407185150 9.999999974752427e-07 171
1753407202133 9.999999974752427e-07 172
1753407219569 9.999999974752427e-07 173
1753407236626 9.999999974752427e-07 174
1753407253875 9.999999974752427e-07 175
1753407271188 9.999999974752427e-07 176
1753407288254 9.999999974752427e-07 177
1753407305394 9.999999974752427e-07 178
1753407322213 9.999999974752427e-07 179
1753407339438 9.999999974752427e-07 180
1753407356742 9.999999974752427e-07 181
1753407373734 9.999999974752427e-07 182
1753407390996 9.999999974752427e-07 183
1753407408238 9.999999974752427e-07 184
1753407425423 9.999999974752427e-07 185
1753407442487 9.999999974752427e-07 186
1753407459504 9.999999974752427e-07 187
1753407476795 9.999999974752427e-07 188
1753407493952 9.999999974752427e-07 189
1753407510948 9.999999974752427e-07 190
1753407529025 9.999999974752427e-07 191
1753407546255 9.999999974752427e-07 192
1753407563399 9.999999974752427e-07 193
1753407580504 9.999999974752427e-07 194
1753407597566 9.999999974752427e-07 195
1753407614869 9.999999974752427e-07 196
1753407632226 9.999999974752427e-07 197
1753407649492 9.999999974752427e-07 198
1753407666827 9.999999974752427e-07 199
1753407684060 9.999999974752427e-07 200
1753407701206 9.999999974752427e-07 201
1753407718081 9.999999974752427e-07 202
1753407735409 9.999999974752427e-07 203
1753407752467 9.999999974752427e-07 204
1753407769636 9.999999974752427e-07 205
1753407786927 9.999999974752427e-07 206
1753407804151 9.999999974752427e-07 207
1753407821290 9.999999974752427e-07 208
1753407838265 9.999999974752427e-07 209
1753407855747 9.999999974752427e-07 210
1753407873413 9.999999974752427e-07 211
1753407890987 9.999999974752427e-07 212
1753407908856 9.999999974752427e-07 213
1753407926728 9.999999974752427e-07 214
1753407944545 9.999999974752427e-07 215
1753407962363 9.999999974752427e-07 216
1753407980217 9.999999974752427e-07 217
1753407998357 9.999999974752427e-07 218
1753408016246 9.999999974752427e-07 219
1753408033895 9.999999974752427e-07 220
1753408052081 9.999999974752427e-07 221
1753408069889 9.999999974752427e-07 222
1753408087796 9.999999974752427e-07 223
1753408105562 9.999999974752427e-07 224
1753408123247 9.999999974752427e-07 225
1753408141517 9.999999974752427e-07 226
1753408159288 9.999999974752427e-07 227
1753408177032 9.999999974752427e-07 228
1753408194887 9.999999974752427e-07 229
1753408212713 9.999999974752427e-07 230
1753408230603 9.999999974752427e-07 231
1753408248412 9.999999974752427e-07 232
1753408266313 9.999999974752427e-07 233
1753408284249 9.999999974752427e-07 234
1753408301980 9.999999974752427e-07 235
1753408319829 9.999999974752427e-07 236
1753408337723 9.999999974752427e-07 237
1753408355424 9.999999974752427e-07 238
1753408373185 9.999999974752427e-07 239
1753408391345 9.999999974752427e-07 240
1753408409081 9.999999974752427e-07 241
1753408426977 9.999999974752427e-07 242
1753408444798 9.999999974752427e-07 243
1753408462673 9.999999974752427e-07 244
1753408480751 9.999999974752427e-07 245
1753408498651 9.999999974752427e-07 246
1753408516479 9.999999974752427e-07 247
1753408534437 9.999999974752427e-07 248
1753408552371 9.999999974752427e-07 249
1753408570218 9.999999974752427e-07 250
1753408588080 9.999999974752427e-07 251
1753408606062 9.999999974752427e-07 252
1753408623953 9.999999974752427e-07 253
1753408641668 9.999999974752427e-07 254
1753408659285 9.999999974752427e-07 255
1753408677049 9.999999974752427e-07 256
1753408694698 9.999999974752427e-07 257
1753408712430 9.999999974752427e-07 258
1753408730174 9.999999974752427e-07 259
1753408747811 9.999999974752427e-07 260
1753408765554 9.999999974752427e-07 261
1753408783285 9.999999974752427e-07 262
1753408800873 9.999999974752427e-07 263
1753408818492 9.999999974752427e-07 264
1753408836077 9.999999974752427e-07 265
1753408853748 9.999999974752427e-07 266
1753408871535 9.999999974752427e-07 267
1753408889200 9.999999974752427e-07 268
1753408906871 9.999999974752427e-07 269
1753408924475 9.999999974752427e-07 270
1753408942205 9.999999974752427e-07 271
1753408959829 9.999999974752427e-07 272
1753408977636 9.999999974752427e-07 273
1753408995241 9.999999974752427e-07 274
1753409012781 9.999999974752427e-07 275
1753409030681 9.999999974752427e-07 276
1753409048336 9.999999974752427e-07 277
1753409065820 9.999999974752427e-07 278
1753409083339 9.999999974752427e-07 279
1753409101190 9.999999974752427e-07 280
1753409118378 9.999999974752427e-07 281
1753409135594 9.999999974752427e-07 282
1753409152801 9.999999974752427e-07 283
1753409169993 9.999999974752427e-07 284
1753409187057 9.999999974752427e-07 285
1753409204301 9.999999974752427e-07 286
1753409221465 9.999999974752427e-07 287
1753409238517 9.999999974752427e-07 288
1753409256000 9.999999974752427e-07 289
1753409273825 9.999999974752427e-07 290
1753409291650 9.999999974752427e-07 291
1753409309580 9.999999974752427e-07 292
1753409327544 9.999999974752427e-07 293
1753409345426 9.999999974752427e-07 294
1753409363307 9.999999974752427e-07 295
1753409381321 9.999999974752427e-07 296
1753409399309 9.999999974752427e-07 297
1753409417171 9.999999974752427e-07 298
1753409435047 9.999999974752427e-07 299
1753409453013 9.999999974752427e-07 300
