1753332481633 1.0 0
1753332500192 2.0 0
1753332518749 3.0 0
1753332537308 4.0 0
1753332555270 5.0 0
1753332573162 6.0 0
1753332592011 7.0 0
1753332610459 8.0 0
1753332628767 9.0 0
1753332646856 10.0 0
1753332665317 11.0 0
1753332683465 12.0 0
1753332701582 13.0 0
1753332720135 14.0 0
1753332757212 16.0 0
1753332776016 17.0 0
1753332794143 18.0 0
1753332813197 19.0 0
1753332831688 20.0 0
1753332850561 21.0 0
1753332868400 22.0 0
1753332887379 23.0 0
1753332905267 24.0 0
1753332924043 25.0 0
1753332943254 26.0 0
1753332961706 27.0 0
1753332979695 28.0 0
1753332998092 29.0 0
1753333035075 31.0 0
1753333053933 32.0 0
1753333071855 33.0 0
1753333090739 34.0 0
1753333109345 35.0 0
1753333128314 36.0 0
1753333147141 37.0 0
1753333166070 38.0 0
1753333184715 39.0 0
1753333203189 40.0 0
1753333221204 41.0 0
1753333239719 42.0 0
1753333275922 44.0 0
1753333294654 45.0 0
1753333313315 46.0 0
1753333368803 49.0 0
1753333423830 52.0 0
1753333442523 53.0 0
1753333461257 54.0 0
1753333533859 58.0 0
1753333570877 60.0 0
1753333589466 61.0 0
1753333608259 62.0 0
1753333627047 63.0 0
1753333682165 66.0 0
1753333700508 67.0 0
1753333793613 72.0 0
1753333830360 74.0 0
1753333958929 81.0 0
1753334106475 89.0 0
1753334143183 91.0 0
1753334216421 95.0 0
1753334288827 99.0 0
