1753332466169 0.85638 1
1753332485813 0.7672 2
1753332504368 0.71226 3
1753332522872 0.62402 4
1753332541403 0.5446 5
1753332559367 0.47483 6
1753332577276 0.41334 7
1753332596075 0.35955 8
1753332614502 0.31264 9
1753332632815 0.27127 10
1753332650957 0.23601 11
1753332669384 0.20678 12
1753332687541 0.18093 13
1753332705673 0.15944 14
1753332724234 0.14065 15
1753332742840 0.12351 16
1753332761170 0.11095 17
1753332780064 0.10173 18
1753332798272 0.09074 19
1753332817239 0.08275 20
1753332835785 0.07594 21
1753332854583 0.07022 22
1753332872513 0.06485 23
1753332891482 0.06026 24
1753332909346 0.05655 25
1753332928129 0.05396 26
1753332947307 0.05036 27
1753332965788 0.04765 28
1753332983701 0.04545 29
1753333002171 0.04369 30
1753333020851 0.04233 31
1753333039184 0.0401 32
1753333058016 0.03882 33
1753333075923 0.03762 34
1753333094851 0.03615 35
1753333113448 0.03485 36
1753333132390 0.03403 37
1753333151136 0.03303 38
1753333170131 0.03214 39
1753333188713 0.03135 40
1753333207310 0.03057 41
1753333225228 0.03033 42
1753333243713 0.02963 43
1753333262049 0.02899 44
1753333279947 0.02839 45
1753333298599 0.02792 46
1753333317344 0.0277 47
1753333335657 0.02747 48
1753333354323 0.02679 49
1753333372801 0.0267 50
1753333392010 0.02631 51
1753333409958 0.02609 52
1753333427898 0.02551 53
1753333446564 0.02517 54
1753333465357 0.02493 55
1753333483668 0.02487 56
1753333501643 0.02501 57
1753333519988 0.02447 58
1753333537922 0.02432 59
1753333556545 0.02489 60
1753333574906 0.02389 61
1753333593565 0.02376 62
1753333612269 0.02398 63
1753333631118 0.02344 64
1753333649688 0.02333 65
1753333667487 0.02312 66
1753333686212 0.02298 67
1753333704574 0.02278 68
1753333723270 0.02274 69
1753333742038 0.02245 70
1753333760773 0.02219 71
1753333779828 0.02197 72
1753333797641 0.02208 73
1753333816374 0.02232 74
1753333834412 0.02183 75
1753333852547 0.02168 76
1753333870482 0.02156 77
1753333889099 0.0215 78
1753333907847 0.02129 79
1753333926120 0.02141 80
1753333944337 0.02129 81
1753333962997 0.02122 82
1753333981312 0.02107 83
1753333999998 0.02116 84
1753334018496 0.02099 85
1753334035981 0.02111 86
1753334054020 0.02131 87
1753334072770 0.02136 88
1753334091750 0.02088 89
1753334110557 0.0207 90
1753334128804 0.02106 91
1753334147223 0.02098 92
1753334165313 0.02066 93
1753334183709 0.02069 94
1753334202116 0.02052 95
1753334220442 0.02063 96
1753334238637 0.02166 97
1753334256920 0.02081 98
1753334274688 0.02067 99
1753334292838 0.02073 100
1753334311479 0.02032 101
1753334329562 0.02031 102
1753334347851 0.02005 103
1753334366591 0.02072 104
1753334385063 0.02108 105
1753334403144 0.02034 106
1753334421596 0.02015 107
1753334440346 0.02061 108
1753334458262 0.02026 109
1753334476744 0.02007 110
1753334494952 0.01995 111
1753334513223 0.02003 112
1753334531352 0.01988 113
1753334550410 0.01987 114
1753334569454 0.01976 115
1753334588501 0.02002 116
1753334606859 0.01975 117
1753334624881 0.01974 118
1753334643046 0.01971 119
1753334661671 0.01974 120
1753334680113 0.01986 121
1753334698980 0.01982 122
1753334716966 0.01964 123
1753334735450 0.01982 124
1753334753374 0.01983 125
1753334771210 0.01969 126
1753334789738 0.01969 127
1753334807867 0.01982 128
1753334826057 0.01987 129
1753334845179 0.01976 130
1753334863651 0.01978 131
1753334882247 0.01972 132
1753334900384 0.01965 133
1753334918806 0.01969 134
1753334936650 0.01977 135
1753334955006 0.01973 136
1753334973574 0.01968 137
1753334991305 0.01973 138
1753335009625 0.01982 139
1753335027866 0.01984 140
1753335046054 0.01997 141
1753335064327 0.01981 142
1753335082811 0.01974 143
1753335101288 0.02006 144
1753335119631 0.01984 145
1753335137768 0.01965 146
1753335155699 0.01978 147
1753335173790 0.01978 148
1753335192167 0.01975 149
1753335210697 0.01985 150
1753335229246 0.01965 151
1753335247623 0.01964 152
1753335266033 0.01969 153
1753335284680 0.01971 154
1753335303094 0.01995 155
1753335321777 0.01972 156
1753335340289 0.01963 157
1753335358582 0.01971 158
1753335376804 0.01976 159
1753335395622 0.01972 160
1753335414100 0.01971 161
1753335432475 0.01979 162
1753335451142 0.01975 163
1753335469508 0.01973 164
1753335487394 0.01968 165
1753335506067 0.01982 166
1753335524325 0.01995 167
1753335542794 0.01964 168
1753335561232 0.01982 169
1753335579672 0.01981 170
1753335597656 0.01971 171
1753335616191 0.01964 172
1753335634675 0.01972 173
1753335653400 0.0197 174
1753335671689 0.01966 175
1753335689828 0.01979 176
1753335708030 0.01977 177
1753335726374 0.01965 178
1753335744219 0.01964 179
1753335762361 0.01977 180
1753335780882 0.01971 181
1753335798935 0.01963 182
1753335817200 0.01968 183
1753335835599 0.01966 184
1753335853916 0.02002 185
1753335872689 0.01965 186
1753335890945 0.01965 187
1753335908789 0.01981 188
1753335927227 0.01967 189
1753335945461 0.01966 190
1753335963899 0.0198 191
1753335982316 0.0198 192
1753336000704 0.01974 193
1753336019287 0.01983 194
1753336037516 0.01969 195
1753336056265 0.01975 196
1753336073908 0.01973 197
1753336092328 0.01999 198
1753336110740 0.01974 199
1753336128709 0.01963 200
1753336146588 0.01985 201
1753336165113 0.01974 202
1753336183439 0.01962 203
1753336201575 0.01981 204
1753336220328 0.01966 205
1753336238332 0.01965 206
1753336256372 0.01979 207
1753336274118 0.01982 208
1753336291300 0.01967 209
1753336309539 0.01965 210
1753336327941 0.02006 211
1753336346070 0.01968 212
1753336364428 0.0197 213
1753336382520 0.01971 214
1753336400599 0.01974 215
1753336419144 0.01967 216
1753336437804 0.01981 217
1753336456684 0.01966 218
1753336475195 0.01972 219
1753336493265 0.01972 220
1753336511787 0.01971 221
1753336530266 0.01973 222
1753336548850 0.01973 223
1753336567722 0.01973 224
1753336585673 0.0198 225
1753336604004 0.01963 226
1753336621969 0.01967 227
1753336639880 0.01967 228
1753336658667 0.01965 229
1753336677173 0.02005 230
1753336695582 0.01968 231
1753336713544 0.01973 232
1753336731899 0.01965 233
1753336749777 0.01966 234
1753336768077 0.01971 235
1753336786283 0.01993 236
1753336804450 0.0198 237
1753336822367 0.01968 238
1753336840588 0.01964 239
1753336859309 0.01978 240
1753336877009 0.01971 241
1753336895680 0.01981 242
1753336913655 0.01967 243
1753336932611 0.01964 244
1753336950733 0.01978 245
1753336969393 0.0197 246
1753336987599 0.01967 247
1753337006440 0.0197 248
1753337024931 0.01967 249
1753337043465 0.01972 250
1753337062202 0.01965 251
1753337080768 0.01973 252
1753337099397 0.01973 253
1753337117587 0.01964 254
1753337136097 0.01971 255
1753337154312 0.01961 256
1753337173183 0.01972 257
1753337191738 0.01977 258
1753337210654 0.01977 259
1753337229063 0.01966 260
1753337247702 0.01961 261
1753337266462 0.01967 262
1753337284549 0.01992 263
1753337303531 0.01975 264
1753337322022 0.01974 265
1753337340189 0.01977 266
1753337358379 0.01987 267
1753337377304 0.01987 268
1753337395910 0.0197 269
1753337414296 0.01994 270
1753337432348 0.01987 271
1753337450944 0.01978 272
1753337468365 0.01964 273
1753337487012 0.01979 274
1753337505598 0.01971 275
1753337523875 0.01962 276
1753337542736 0.01969 277
1753337560923 0.01979 278
1753337579081 0.01983 279
1753337597426 0.01988 280
1753337615657 0.01969 281
1753337634026 0.01962 282
1753337652209 0.01992 283
1753337670138 0.01965 284
1753337688423 0.01978 285
1753337706953 0.01962 286
1753337725146 0.01962 287
1753337743859 0.01992 288
1753337762198 0.01983 289
1753337780767 0.01965 290
1753337798859 0.01961 291
1753337816845 0.01963 292
1753337835385 0.01972 293
1753337853781 0.01963 294
1753337872204 0.01981 295
1753337890565 0.01977 296
1753337908226 0.01962 297
1753337926305 0.01987 298
1753337945035 0.01968 299
1753337962865 0.01978 300
