1753332481640 0.0010000000474974513 1
1753332500198 0.0010000000474974513 2
1753332518753 0.0010000000474974513 3
1753332537313 0.0010000000474974513 4
1753332555274 0.0010000000474974513 5
1753332573167 0.0010000000474974513 6
1753332592015 0.0010000000474974513 7
1753332610464 0.0010000000474974513 8
1753332628771 0.0010000000474974513 9
1753332646861 0.0010000000474974513 10
1753332665321 0.0010000000474974513 11
1753332683470 0.0010000000474974513 12
1753332701586 0.0010000000474974513 13
1753332720139 0.0010000000474974513 14
1753332738818 0.0010000000474974513 15
1753332757217 0.0010000000474974513 16
1753332776020 0.0010000000474974513 17
1753332794147 0.0010000000474974513 18
1753332813202 0.0010000000474974513 19
1753332831693 0.0010000000474974513 20
1753332850565 0.0010000000474974513 21
1753332868404 0.0010000000474974513 22
1753332887383 0.0010000000474974513 23
1753332905271 0.0010000000474974513 24
1753332924047 0.0010000000474974513 25
1753332943259 0.0010000000474974513 26
1753332961710 0.0010000000474974513 27
1753332979699 0.0010000000474974513 28
1753332998097 0.0010000000474974513 29
1753333016768 0.0010000000474974513 30
1753333035079 0.0010000000474974513 31
1753333053937 0.0010000000474974513 32
1753333071860 0.0010000000474974513 33
1753333090743 0.0010000000474974513 34
1753333109350 0.0010000000474974513 35
1753333128318 0.0010000000474974513 36
1753333147145 0.0010000000474974513 37
1753333166075 0.0010000000474974513 38
1753333184720 0.0010000000474974513 39
1753333203194 0.0010000000474974513 40
1753333221208 0.0010000000474974513 41
1753333239723 0.0010000000474974513 42
1753333258094 0.0010000000474974513 43
1753333275926 0.0010000000474974513 44
1753333294659 0.0010000000474974513 45
1753333313319 0.0010000000474974513 46
1753333331635 0.0010000000474974513 47
1753333350272 0.0010000000474974513 48
1753333368807 0.0010000000474974513 49
1753333388000 0.0010000000474974513 50
1753333405992 0.0010000000474974513 51
1753333423836 0.0010000000474974513 52
1753333442532 0.0010000000474974513 53
1753333461262 0.0010000000474974513 54
1753333479581 0.0010000000474974513 55
1753333497529 0.0010000000474974513 56
1753333515890 0.0010000000474974513 57
1753333533863 0.0010000000474974513 58
1753333552415 0.0010000000474974513 59
1753333570882 0.0010000000474974513 60
1753333589471 0.0010000000474974513 61
1753333608264 0.0010000000474974513 62
1753333627051 0.0010000000474974513 63
1753333645636 0.0010000000474974513 64
1753333663429 0.0010000000474974513 65
1753333682170 0.0010000000474974513 66
1753333700517 0.0010000000474974513 67
1753333719237 0.0010000000474974513 68
1753333737951 0.0010000000474974513 69
1753333756788 0.0010000000474974513 70
1753333775752 0.0010000000474974513 71
1753333793618 0.0010000000474974513 72
1753333812372 0.0010000000474974513 73
1753333830364 0.0010000000474974513 74
1753333848523 0.0010000000474974513 75
1753333866478 0.0010000000474974513 76
1753333885043 0.0010000000474974513 77
1753333903897 0.0010000000474974513 78
1753333922041 0.0010000000474974513 79
1753333940315 0.0010000000474974513 80
1753333958935 0.0010000000474974513 81
1753333977217 0.0010000000474974513 82
1753333995993 0.0010000000474974513 83
1753334014487 0.0010000000474974513 84
1753334032022 0.0010000000474974513 85
1753334050014 0.0010000000474974513 86
1753334068746 0.0010000000474974513 87
1753334087711 0.0010000000474974513 88
1753334106481 0.0010000000474974513 89
1753334124761 0.0010000000474974513 90
1753334143187 0.0010000000474974513 91
1753334161264 0.0010000000474974513 92
1753334179683 0.0010000000474974513 93
1753334198156 0.0010000000474974513 94
1753334216425 0.0010000000474974513 95
1753334234543 0.0010000000474974513 96
1753334252924 0.0010000000474974513 97
1753334270642 0.0010000000474974513 98
1753334288831 0.0010000000474974513 99
1753334307379 0.0010000000474974513 100
1753334325550 0.0010000000474974513 101
1753334343796 0.0010000000474974513 102
1753334362573 0.0010000000474974513 103
1753334381021 0.0010000000474974513 104
1753334399048 0.0010000000474974513 105
1753334417569 0.0010000000474974513 106
1753334436220 0.0010000000474974513 107
1753334454239 0.00020000000949949026 108
1753334472705 0.00020000000949949026 109
1753334490914 0.00020000000949949026 110
1753334509170 0.00020000000949949026 111
1753334527372 0.00020000000949949026 112
1753334546349 0.00020000000949949026 113
1753334565493 0.00020000000949949026 114
1753334584467 0.00020000000949949026 115
1753334602750 0.00020000000949949026 116
1753334620890 4.0000002627493814e-05 117
1753334639097 4.0000002627493814e-05 118
1753334657652 4.0000002627493814e-05 119
1753334676046 4.0000002627493814e-05 120
1753334694905 4.0000002627493814e-05 121
1753334713010 4.0000002627493814e-05 122
1753334731406 4.0000002627493814e-05 123
1753334749342 4.0000002627493814e-05 124
1753334767164 4.0000002627493814e-05 125
1753334785626 8.000000889296643e-06 126
1753334803840 8.000000889296643e-06 127
1753334822040 8.000000889296643e-06 128
1753334841122 8.000000889296643e-06 129
1753334859667 8.000000889296643e-06 130
1753334878205 8.000000889296643e-06 131
1753334896372 8.000000889296643e-06 132
1753334914697 8.000000889296643e-06 133
1753334932669 8.000000889296643e-06 134
1753334950994 1.6000001323845936e-06 135
1753334969447 1.6000001323845936e-06 136
1753334987340 1.6000001323845936e-06 137
1753335005548 1.6000001323845936e-06 138
1753335023808 1.6000001323845936e-06 139
1753335042102 1.6000001323845936e-06 140
1753335060273 1.6000001323845936e-06 141
1753335078759 1.6000001323845936e-06 142
1753335097210 1.6000001323845936e-06 143
1753335115520 9.999999974752427e-07 144
1753335133795 9.999999974752427e-07 145
1753335151714 9.999999974752427e-07 146
1753335169814 9.999999974752427e-07 147
1753335188203 9.999999974752427e-07 148
1753335206644 9.999999974752427e-07 149
1753335225201 9.999999974752427e-07 150
1753335243600 9.999999974752427e-07 151
1753335261950 9.999999974752427e-07 152
1753335280645 9.999999974752427e-07 153
1753335299121 9.999999974752427e-07 154
1753335317753 9.999999974752427e-07 155
1753335336257 9.999999974752427e-07 156
1753335354538 9.999999974752427e-07 157
1753335372790 9.999999974752427e-07 158
1753335391584 9.999999974752427e-07 159
1753335410027 9.999999974752427e-07 160
1753335428484 9.999999974752427e-07 161
1753335447120 9.999999974752427e-07 162
1753335465530 9.999999974752427e-07 163
1753335483435 9.999999974752427e-07 164
1753335502088 9.999999974752427e-07 165
1753335520394 9.999999974752427e-07 166
1753335538734 9.999999974752427e-07 167
1753335557210 9.999999974752427e-07 168
1753335575695 9.999999974752427e-07 169
1753335593611 9.999999974752427e-07 170
1753335612185 9.999999974752427e-07 171
1753335630571 9.999999974752427e-07 172
1753335649319 9.999999974752427e-07 173
1753335667693 9.999999974752427e-07 174
1753335685745 9.999999974752427e-07 175
1753335704065 9.999999974752427e-07 176
1753335722265 9.999999974752427e-07 177
1753335740190 9.999999974752427e-07 178
1753335758336 9.999999974752427e-07 179
1753335776883 9.999999974752427e-07 180
1753335794904 9.999999974752427e-07 181
1753335813193 9.999999974752427e-07 182
1753335831574 9.999999974752427e-07 183
1753335849881 9.999999974752427e-07 184
1753335868620 9.999999974752427e-07 185
1753335886887 9.999999974752427e-07 186
1753335904847 9.999999974752427e-07 187
1753335923177 9.999999974752427e-07 188
1753335941393 9.999999974752427e-07 189
1753335959914 9.999999974752427e-07 190
1753335978221 9.999999974752427e-07 191
1753335996593 9.999999974752427e-07 192
1753336015342 9.999999974752427e-07 193
1753336033579 9.999999974752427e-07 194
1753336052221 9.999999974752427e-07 195
1753336069873 9.999999974752427e-07 196
1753336088290 9.999999974752427e-07 197
1753336106729 9.999999974752427e-07 198
1753336124755 9.999999974752427e-07 199
1753336142562 9.999999974752427e-07 200
1753336161042 9.999999974752427e-07 201
1753336179433 9.999999974752427e-07 202
1753336197461 9.999999974752427e-07 203
1753336216295 9.999999974752427e-07 204
1753336234387 9.999999974752427e-07 205
1753336252356 9.999999974752427e-07 206
1753336270078 9.999999974752427e-07 207
1753336287273 9.999999974752427e-07 208
1753336305485 9.999999974752427e-07 209
1753336323907 9.999999974752427e-07 210
1753336342114 9.999999974752427e-07 211
1753336360370 9.999999974752427e-07 212
1753336378495 9.999999974752427e-07 213
1753336396495 9.999999974752427e-07 214
1753336415041 9.999999974752427e-07 215
1753336433769 9.999999974752427e-07 216
1753336452605 9.999999974752427e-07 217
1753336471156 9.999999974752427e-07 218
1753336489229 9.999999974752427e-07 219
1753336507772 9.999999974752427e-07 220
1753336526210 9.999999974752427e-07 221
1753336544752 9.999999974752427e-07 222
1753336563597 9.999999974752427e-07 223
1753336581636 9.999999974752427e-07 224
1753336599979 9.999999974752427e-07 225
1753336617962 9.999999974752427e-07 226
1753336635901 9.999999974752427e-07 227
1753336654590 9.999999974752427e-07 228
1753336673125 9.999999974752427e-07 229
1753336691608 9.999999974752427e-07 230
1753336709467 9.999999974752427e-07 231
1753336727918 9.999999974752427e-07 232
1753336745818 9.999999974752427e-07 233
1753336764008 9.999999974752427e-07 234
1753336782207 9.999999974752427e-07 235
1753336800473 9.999999974752427e-07 236
1753336818329 9.999999974752427e-07 237
1753336836606 9.999999974752427e-07 238
1753336855222 9.999999974752427e-07 239
1753336872987 9.999999974752427e-07 240
1753336891620 9.999999974752427e-07 241
1753336909641 9.999999974752427e-07 242
1753336928569 9.999999974752427e-07 243
1753336946684 9.999999974752427e-07 244
1753336965315 9.999999974752427e-07 245
1753336983583 9.999999974752427e-07 246
1753337002330 9.999999974752427e-07 247
1753337020868 9.999999974752427e-07 248
1753337039414 9.999999974752427e-07 249
1753337058127 9.999999974752427e-07 250
1753337076722 9.999999974752427e-07 251
1753337095396 9.999999974752427e-07 252
1753337113577 9.999999974752427e-07 253
1753337132097 9.999999974752427e-07 254
1753337150292 9.999999974752427e-07 255
1753337169115 9.999999974752427e-07 256
1753337187775 9.999999974752427e-07 257
1753337206578 9.999999974752427e-07 258
1753337225086 9.999999974752427e-07 259
1753337243688 9.999999974752427e-07 260
1753337262455 9.999999974752427e-07 261
1753337280553 9.999999974752427e-07 262
1753337299529 9.999999974752427e-07 263
1753337317997 9.999999974752427e-07 264
1753337336101 9.999999974752427e-07 265
1753337354274 9.999999974752427e-07 266
1753337373216 9.999999974752427e-07 267
1753337391932 9.999999974752427e-07 268
1753337410309 9.999999974752427e-07 269
1753337428304 9.999999974752427e-07 270
1753337446918 9.999999974752427e-07 271
1753337464431 9.999999974752427e-07 272
1753337483004 9.999999974752427e-07 273
1753337501614 9.999999974752427e-07 274
1753337519828 9.999999974752427e-07 275
1753337538670 9.999999974752427e-07 276
1753337556832 9.999999974752427e-07 277
1753337574715 9.999999974752427e-07 278
1753337593425 9.999999974752427e-07 279
1753337611591 9.999999974752427e-07 280
1753337630059 9.999999974752427e-07 281
1753337648200 9.999999974752427e-07 282
1753337666122 9.999999974752427e-07 283
1753337684436 9.999999974752427e-07 284
1753337702897 9.999999974752427e-07 285
1753337721173 9.999999974752427e-07 286
1753337739838 9.999999974752427e-07 287
1753337758105 9.999999974752427e-07 288
1753337776665 9.999999974752427e-07 289
1753337794787 9.999999974752427e-07 290
1753337812840 9.999999974752427e-07 291
1753337831356 9.999999974752427e-07 292
1753337849784 9.999999974752427e-07 293
1753337868143 9.999999974752427e-07 294
1753337886610 9.999999974752427e-07 295
1753337904221 9.999999974752427e-07 296
1753337922283 9.999999974752427e-07 297
1753337941041 9.999999974752427e-07 298
1753337958926 9.999999974752427e-07 299
1753337977095 9.999999974752427e-07 300
