1753241278162 0.53179 1
1753241303189 0.37501 2
1753241327634 0.24778 3
1753241352189 0.16327 4
1753241377136 0.11273 5
1753241401477 0.0824 6
1753241425682 0.06383 7
1753241449897 0.05192 8
1753241474311 0.04411 9
1753241498599 0.03841 10
1753241522972 0.03447 11
1753241546811 0.03158 12
1753241571551 0.02897 13
1753241595553 0.0266 14
1753241619706 0.02542 15
1753241644536 0.02449 16
1753241669048 0.02376 17
1753241693168 0.02317 18
1753241717201 0.02254 19
1753241741416 0.02208 20
1753241765370 0.02171 21
1753241789730 0.02142 22
1753241814103 0.02109 23
1753241838549 0.02082 24
1753241862935 0.02059 25
1753241887250 0.02042 26
1753241911801 0.02018 27
1753241936326 0.02 28
1753241960150 0.01987 29
1753241984858 0.01973 30
1753242008952 0.01966 31
1753242032944 0.01954 32
1753242057141 0.0194 33
1753242081450 0.01948 34
1753242105977 0.01943 35
1753242130255 0.01922 36
1753242154711 0.01918 37
1753242178830 0.01916 38
1753242202923 0.01895 39
1753242227077 0.0189 40
1753242251154 0.01882 41
1753242275168 0.0188 42
1753242299426 0.01878 43
1753242323184 0.01872 44
1753242347451 0.01873 45
1753242371751 0.01868 46
1753242396371 0.01862 47
1753242420580 0.01852 48
1753242444569 0.01854 49
1753242468682 0.01855 50
1753242493464 0.01845 51
1753242518263 0.01853 52
1753242543240 0.01839 53
1753242567576 0.01838 54
1753242592235 0.01835 55
1753242616671 0.01837 56
1753242640945 0.01835 57
1753242665056 0.01833 58
1753242689416 0.01831 59
1753242713933 0.01842 60
1753242737995 0.01825 61
1753242762374 0.01819 62
1753242786397 0.01819 63
1753242810250 0.01815 64
1753242834631 0.01822 65
1753242858893 0.01813 66
1753242883346 0.01817 67
1753242907329 0.01819 68
1753242932045 0.01812 69
1753242956913 0.01804 70
1753242980880 0.018 71
1753243004896 0.01797 72
1753243028788 0.01799 73
1753243052905 0.018 74
1753243077390 0.01801 75
1753243101423 0.01796 76
1753243125739 0.01794 77
1753243149621 0.01799 78
1753243173374 0.01798 79
1753243197750 0.0179 80
1753243222200 0.01802 81
1753243246556 0.01794 82
1753243270942 0.01792 83
1753243295339 0.01787 84
1753243319750 0.01791 85
1753243344517 0.01796 86
1753243368876 0.01789 87
1753243392976 0.01779 88
1753243417512 0.01782 89
1753243441846 0.01782 90
1753243466181 0.01778 91
1753243490486 0.01776 92
1753243515097 0.01776 93
1753243539596 0.01778 94
1753243563836 0.01778 95
1753243588412 0.01775 96
1753243612766 0.0178 97
1753243637024 0.01777 98
1753243660849 0.01775 99
1753243684596 0.01787 100
1753243708679 0.01773 101
1753243732723 0.01772 102
1753243756648 0.01766 103
1753243780700 0.01765 104
1753243804674 0.01765 105
1753243828724 0.01767 106
1753243852413 0.01764 107
1753243877025 0.01764 108
1753243901403 0.0176 109
1753243925961 0.01763 110
1753243950515 0.01796 111
1753243974815 0.0177 112
1753243999061 0.01761 113
1753244023414 0.01764 114
1753244047632 0.01759 115
1753244072090 0.01768 116
1753244096376 0.01766 117
1753244120652 0.01755 118
1753244145001 0.01755 119
1753244169011 0.01763 120
1753244193224 0.01757 121
1753244217338 0.01759 122
1753244241662 0.01757 123
1753244266729 0.01771 124
1753244291594 0.01756 125
1753244316786 0.01751 126
1753244340958 0.01754 127
1753244365607 0.01754 128
1753244389872 0.01748 129
1753244414100 0.01744 130
1753244438775 0.01745 131
1753244463888 0.01744 132
1753244488703 0.01743 133
1753244512963 0.01744 134
1753244537032 0.0175 135
1753244561199 0.01747 136
1753244585050 0.01742 137
1753244609172 0.01746 138
1753244633385 0.01752 139
1753244657764 0.01764 140
1753244682134 0.01746 141
1753244706754 0.01741 142
1753244730954 0.01746 143
1753244755830 0.0175 144
1753244780128 0.01742 145
1753244804530 0.01736 146
1753244828675 0.01754 147
1753244852846 0.01735 148
1753244876990 0.01731 149
1753244901006 0.01733 150
1753244925009 0.01733 151
1753244949123 0.01739 152
1753244973590 0.01743 153
1753244998050 0.01737 154
1753245022730 0.01734 155
1753245047409 0.01764 156
1753245071768 0.01735 157
1753245096202 0.01739 158
1753245120668 0.01733 159
1753245145256 0.01733 160
1753245169423 0.01731 161
1753245193705 0.01731 162
1753245217915 0.01725 163
1753245242798 0.01728 164
1753245267051 0.01745 165
1753245291818 0.01727 166
1753245316560 0.01728 167
1753245341003 0.01736 168
1753245365250 0.01738 169
1753245389204 0.01725 170
1753245413375 0.01726 171
1753245437449 0.01742 172
1753245461737 0.01733 173
1753245486160 0.01739 174
1753245510535 0.01737 175
1753245535141 0.01765 176
1753245559865 0.01737 177
1753245584406 0.01725 178
1753245608909 0.01726 179
1753245633249 0.01725 180
1753245657372 0.01732 181
1753245681534 0.01722 182
1753245705537 0.01725 183
1753245729510 0.01719 184
1753245753792 0.01721 185
1753245778090 0.01741 186
1753245802210 0.01752 187
1753245826351 0.0172 188
1753245850471 0.01718 189
1753245874759 0.01737 190
1753245899247 0.01718 191
1753245923611 0.01716 192
1753245947609 0.01724 193
1753245971677 0.01722 194
1753245996441 0.01728 195
1753246020825 0.01719 196
1753246045309 0.01718 197
1753246069859 0.01716 198
1753246094288 0.01714 199
1753246118624 0.01713 200
1753246143245 0.01715 201
1753246167680 0.01739 202
1753246192458 0.01728 203
1753246216641 0.01718 204
1753246240758 0.01716 205
1753246264863 0.01718 206
1753246289871 0.01713 207
1753246313919 0.01711 208
1753246338152 0.01731 209
1753246362911 0.01721 210
1753246387039 0.01724 211
1753246410902 0.01719 212
1753246434987 0.01715 213
1753246459068 0.01708 214
1753246482796 0.01707 215
1753246506464 0.01709 216
1753246530522 0.01706 217
1753246554285 0.0171 218
1753246578221 0.01706 219
1753246602659 0.01707 220
1753246626828 0.01707 221
1753246650968 0.01705 222
1753246675784 0.01706 223
1753246700245 0.01712 224
1753246724418 0.01711 225
1753246748624 0.01717 226
1753246773010 0.0171 227
1753246797237 0.01708 228
1753246821375 0.01705 229
1753246845327 0.01706 230
1753246869251 0.01705 231
1753246893267 0.01704 232
1753246918022 0.01709 233
1753246941851 0.01706 234
1753246965967 0.01706 235
1753246989713 0.01708 236
1753247013652 0.01721 237
1753247037701 0.01708 238
1753247062179 0.01721 239
1753247087075 0.01703 240
1753247111718 0.0171 241
1753247136479 0.01701 242
1753247161025 0.01705 243
1753247184989 0.01706 244
1753247208900 0.0171 245
1753247233152 0.01706 246
1753247257829 0.01705 247
1753247282545 0.017 248
1753247307144 0.01723 249
1753247331571 0.01708 250
1753247356530 0.01701 251
1753247381157 0.01715 252
1753247405261 0.01708 253
1753247429375 0.01697 254
1753247454418 0.01699 255
1753247479319 0.01705 256
1753247503774 0.01699 257
1753247529040 0.01701 258
1753247553857 0.01734 259
1753247578183 0.01699 260
1753247602012 0.01699 261
1753247626230 0.01698 262
1753247650429 0.01723 263
1753247674541 0.01701 264
1753247699210 0.01697 265
1753247723339 0.01696 266
1753247747728 0.01696 267
1753247772140 0.01702 268
1753247796661 0.01696 269
1753247821454 0.01691 270
1753247845656 0.01703 271
1753247870029 0.01692 272
1753247894001 0.01693 273
1753247918653 0.01695 274
1753247942917 0.01692 275
1753247967304 0.0169 276
1753247991984 0.01693 277
1753248015774 0.01692 278
1753248039716 0.01693 279
1753248064185 0.01693 280
1753248088774 0.01692 281
1753248113168 0.0169 282
1753248137514 0.01698 283
1753248162044 0.01693 284
1753248186163 0.017 285
1753248210280 0.01698 286
1753248234711 0.01693 287
1753248259275 0.0169 288
1753248283510 0.01691 289
1753248307497 0.01688 290
1753248331764 0.01691 291
1753248355955 0.01692 292
1753248380228 0.01693 293
1753248404354 0.01691 294
1753248428621 0.01724 295
1753248452696 0.01689 296
1753248476863 0.01691 297
1753248501288 0.01706 298
1753248525203 0.01692 299
1753248549314 0.01694 300
