1753229792396 1.0 0
1753229806684 2.0 0
1753229821846 3.0 0
1753229835948 4.0 0
1753229849986 5.0 0
1753229864547 6.0 0
1753229878466 7.0 0
1753229892467 8.0 0
1753229906898 9.0 0
1753229920961 10.0 0
1753229935134 11.0 0
1753229949131 12.0 0
1753229963673 13.0 0
1753229977864 14.0 0
1753229992035 15.0 0
1753230006286 16.0 0
1753230020268 17.0 0
1753230034807 18.0 0
1753230048836 19.0 0
1753230062883 20.0 0
1753230077099 21.0 0
1753230091096 22.0 0
1753230105090 23.0 0
1753230119152 24.0 0
1753230133170 25.0 0
1753230147408 26.0 0
1753230161620 27.0 0
1753230190272 29.0 0
1753230204304 30.0 0
1753230218593 31.0 0
1753230232616 32.0 0
1753230246906 33.0 0
1753230260960 34.0 0
1753230275264 35.0 0
1753230318051 38.0 0
1753230332535 39.0 0
1753230375358 42.0 0
1753230389441 43.0 0
1753230431983 46.0 0
1753230446053 47.0 0
1753230474636 49.0 0
1753230545473 54.0 0
1753230573945 56.0 0
1753230786736 71.0 0
1753230843528 75.0 0
