1753229780224 0.43529 1
1753229795588 0.35344 2
1753229809809 0.30343 3
1753229824993 0.25808 4
1753229839041 0.21773 5
1753229853115 0.1851 6
1753229867557 0.15863 7
1753229881426 0.13676 8
1753229895478 0.11866 9
1753229909936 0.1038 10
1753229923913 0.09156 11
1753229938181 0.08147 12
1753229952221 0.07303 13
1753229966669 0.06609 14
1753229980998 0.06031 15
1753229995125 0.05537 16
1753230009302 0.05121 17
1753230023302 0.04772 18
1753230037837 0.04468 19
1753230051820 0.04207 20
1753230065898 0.03984 21
1753230080132 0.03793 22
1753230094045 0.03624 23
1753230108104 0.03467 24
1753230122169 0.03337 25
1753230136143 0.03221 26
1753230150510 0.03116 27
1753230164612 0.0302 28
1753230178731 0.02935 29
1753230193298 0.0286 30
1753230207357 0.0279 31
1753230221606 0.0273 32
1753230235717 0.02672 33
1753230249961 0.0262 34
1753230263889 0.02574 35
1753230278349 0.02528 36
1753230292898 0.02489 37
1753230307012 0.02455 38
1753230321175 0.02417 39
1753230335667 0.02388 40
1753230349782 0.02361 41
1753230364110 0.0233 42
1753230378434 0.02302 43
1753230392427 0.02285 44
1753230406936 0.02261 45
1753230420979 0.02239 46
1753230434897 0.02216 47
1753230449020 0.02197 48
1753230463751 0.02185 49
1753230477789 0.02166 50
1753230491810 0.02152 51
1753230506041 0.02137 52
1753230520082 0.02122 53
1753230534171 0.02109 54
1753230548621 0.02096 55
1753230562636 0.02086 56
1753230576913 0.02072 57
1753230591277 0.02062 58
1753230605352 0.02053 59
1753230619683 0.02042 60
1753230633659 0.02032 61
1753230647761 0.02011 62
1753230661920 0.01996 63
1753230676387 0.01987 64
1753230690437 0.01973 65
1753230704615 0.01965 66
1753230719094 0.01957 67
1753230733108 0.01954 68
1753230747174 0.01944 69
1753230761517 0.01943 70
1753230775771 0.01935 71
1753230789706 0.01935 72
1753230804004 0.01927 73
1753230818029 0.01923 74
1753230832412 0.01915 75
1753230846505 0.01911 76
1753230860574 0.01912 77
1753230874737 0.01906 78
1753230888858 0.01895 79
1753230902895 0.01892 80
1753230917133 0.01895 81
1753230931168 0.01886 82
1753230945496 0.01881 83
1753230959463 0.01883 84
1753230973457 0.01871 85
1753230987739 0.01875 86
1753231001830 0.01868 87
1753231016283 0.0187 88
1753231030316 0.01865 89
1753231044543 0.01859 90
1753231058615 0.01857 91
1753231072793 0.01857 92
1753231087387 0.01857 93
1753231101505 0.01848 94
1753231115646 0.01845 95
1753231129772 0.01843 96
1753231143787 0.01843 97
1753231158087 0.01842 98
1753231172053 0.01839 99
1753231186462 0.01832 100
1753231201033 0.01828 101
1753231215169 0.01824 102
1753231229332 0.01823 103
1753231243260 0.0182 104
1753231257548 0.0182 105
1753231271487 0.01821 106
1753231285512 0.01818 107
1753231300254 0.01811 108
1753231314274 0.01813 109
1753231328312 0.01811 110
1753231342411 0.01806 111
1753231356409 0.01807 112
1753231370870 0.01808 113
1753231384653 0.01814 114
1753231398967 0.01804 115
1753231413393 0.01796 116
1753231427388 0.01792 117
1753231441583 0.018 118
1753231455579 0.01796 119
1753231470030 0.0179 120
1753231484159 0.0179 121
1753231498169 0.01794 122
1753231512567 0.01793 123
1753231526671 0.01788 124
1753231540558 0.01788 125
1753231554646 0.01782 126
1753231568624 0.01779 127
1753231582821 0.01784 128
1753231596857 0.01778 129
1753231611534 0.01774 130
1753231625817 0.01773 131
1753231639907 0.01775 132
1753231654214 0.01773 133
1753231668173 0.01772 134
1753231682584 0.01768 135
1753231696650 0.01772 136
1753231710600 0.01769 137
1753231725055 0.01767 138
1753231739023 0.01766 139
1753231753188 0.01765 140
1753231767401 0.01767 141
1753231781474 0.01756 142
1753231795818 0.01762 143
1753231809942 0.01763 144
1753231823938 0.01756 145
1753231838355 0.01756 146
1753231852460 0.01757 147
1753231866792 0.01754 148
1753231880820 0.01757 149
1753231895097 0.01752 150
1753231908947 0.01749 151
1753231922963 0.01753 152
1753231937375 0.01748 153
1753231951334 0.01756 154
1753231965568 0.01745 155
1753231979947 0.01744 156
1753231993974 0.01741 157
1753232008436 0.01747 158
1753232023027 0.01735 159
1753232037236 0.01741 160
1753232051497 0.01745 161
1753232065676 0.01742 162
1753232079743 0.01744 163
1753232094137 0.0174 164
1753232108317 0.01737 165
1753232122320 0.01734 166
1753232136684 0.01735 167
1753232150915 0.01732 168
1753232164898 0.01737 169
1753232178919 0.01741 170
1753232192915 0.01738 171
1753232207159 0.01731 172
1753232221792 0.01734 173
1753232236205 0.0173 174
1753232250189 0.01728 175
1753232264539 0.0173 176
1753232278578 0.01728 177
1753232292720 0.01724 178
1753232306881 0.01723 179
1753232321119 0.0172 180
1753232335275 0.01725 181
1753232349361 0.01723 182
1753232363828 0.01725 183
1753232377905 0.01717 184
1753232391934 0.01725 185
1753232405997 0.01717 186
1753232420181 0.01715 187
1753232434423 0.0172 188
1753232448580 0.01719 189
1753232462722 0.01721 190
1753232477088 0.01718 191
1753232491128 0.01714 192
1753232505115 0.01717 193
1753232519653 0.01719 194
1753232533758 0.01715 195
1753232547773 0.01711 196
1753232562034 0.01713 197
1753232576170 0.01714 198
1753232590233 0.01713 199
1753232604332 0.01714 200
1753232618491 0.01708 201
1753232632799 0.01715 202
1753232646929 0.01715 203
1753232661118 0.01714 204
1753232675136 0.01705 205
1753232689629 0.01707 206
1753232703768 0.01709 207
1753232717862 0.01707 208
1753232732462 0.01705 209
1753232746508 0.01703 210
1753232761055 0.01706 211
1753232775526 0.01701 212
1753232789491 0.01706 213
1753232803934 0.01702 214
1753232817922 0.01702 215
1753232831971 0.01701 216
1753232846118 0.01702 217
1753232860026 0.017 218
1753232874005 0.01703 219
1753232887986 0.01708 220
1753232902366 0.01697 221
1753232916177 0.01699 222
1753232930219 0.01699 223
1753232944459 0.01694 224
1753232958624 0.01703 225
1753232972689 0.01702 226
1753232987128 0.01696 227
1753233001077 0.01696 228
1753233015438 0.01693 229
1753233029387 0.01695 230
1753233043501 0.01696 231
1753233057989 0.01701 232
1753233071850 0.01694 233
1753233086347 0.01694 234
1753233100418 0.01698 235
1753233114505 0.01691 236
1753233128562 0.0169 237
1753233142707 0.01692 238
1753233156734 0.01689 239
1753233170885 0.01691 240
1753233184757 0.01694 241
1753233198633 0.01701 242
1753233212709 0.01695 243
1753233226925 0.01691 244
1753233241377 0.0169 245
1753233255404 0.01685 246
1753233269619 0.01689 247
1753233283664 0.01685 248
1753233297612 0.01689 249
1753233312008 0.01692 250
1753233326267 0.0169 251
1753233340365 0.01697 252
1753233354511 0.01694 253
1753233368661 0.01688 254
1753233382927 0.01687 255
1753233396946 0.01687 256
1753233410955 0.01691 257
1753233425173 0.01685 258
1753233439560 0.01689 259
1753233453603 0.01684 260
1753233467683 0.01684 261
1753233481928 0.01689 262
1753233496086 0.01689 263
1753233510011 0.01685 264
1753233524068 0.01686 265
1753233538479 0.01678 266
1753233552553 0.01682 267
1753233566678 0.01684 268
1753233581053 0.01689 269
1753233595045 0.01686 270
1753233609140 0.01685 271
1753233623117 0.01684 272
1753233637496 0.01683 273
1753233651528 0.01682 274
1753233665705 0.01681 275
1753233679725 0.01677 276
1753233693673 0.01678 277
1753233707962 0.01685 278
1753233721957 0.01679 279
1753233736442 0.01677 280
1753233750624 0.01682 281
1753233764639 0.01681 282
1753233778792 0.0168 283
1753233792775 0.01677 284
1753233806999 0.01675 285
1753233821212 0.01678 286
1753233835220 0.01678 287
1753233849559 0.01674 288
1753233863530 0.01677 289
1753233877602 0.01677 290
1753233891585 0.01673 291
1753233905845 0.01677 292
1753233920030 0.0167 293
1753233934095 0.01673 294
1753233948440 0.01672 295
1753233962535 0.01677 296
1753233976642 0.01674 297
1753233990860 0.01677 298
1753234004895 0.01676 299
1753234019180 0.0167 300
