1753256774309 1.0 0
1753256789057 2.0 0
1753256804074 3.0 0
1753256819513 4.0 0
1753256834722 5.0 0
1753256849367 6.0 0
1753256864027 7.0 0
1753256878882 8.0 0
1753256893809 9.0 0
1753256908376 10.0 0
1753256922781 11.0 0
1753256937983 12.0 0
1753256952725 13.0 0
1753256967550 14.0 0
1753256982139 15.0 0
1753256997260 16.0 0
1753257012077 17.0 0
1753257026910 18.0 0
1753257041966 19.0 0
1753257056735 20.0 0
1753257071300 21.0 0
1753257086005 22.0 0
1753257100768 23.0 0
1753257115882 24.0 0
1753257130704 25.0 0
1753257145490 26.0 0
1753257161062 27.0 0
1753257175711 28.0 0
1753257190456 29.0 0
1753257205314 30.0 0
1753257220268 31.0 0
1753257234792 32.0 0
1753257264382 34.0 0
1753257279056 35.0 0
1753257323361 38.0 0
1753257353458 40.0 0
1753257383215 42.0 0
1753257427974 45.0 0
1753257457539 47.0 0
1753257502018 50.0 0
1753257546312 53.0 0
1753257620689 58.0 0
1753257679930 62.0 0
1753257694697 63.0 0
1753257738940 66.0 0
1753257886591 76.0 0
