1753256762090 0.55152 1
1753256777693 0.44794 2
1753256792385 0.372 3
1753256807432 0.30707 4
1753256822813 0.25567 5
1753256838067 0.21413 6
1753256852552 0.18032 7
1753256867302 0.15282 8
1753256882190 0.13059 9
1753256897008 0.11278 10
1753256911538 0.0984 11
1753256926007 0.08674 12
1753256941167 0.07722 13
1753256955945 0.06943 14
1753256970712 0.063 15
1753256985328 0.0576 16
1753257000468 0.0531 17
1753257015301 0.04928 18
1753257030085 0.04599 19
1753257045168 0.04325 20
1753257059987 0.04085 21
1753257074507 0.03874 22
1753257089218 0.0369 23
1753257103937 0.03533 24
1753257119046 0.0339 25
1753257133851 0.03268 26
1753257148776 0.03158 27
1753257164262 0.03057 28
1753257178925 0.02969 29
1753257193655 0.02891 30
1753257208567 0.02816 31
1753257223554 0.02752 32
1753257238020 0.02696 33
1753257252803 0.02641 34
1753257267628 0.0259 35
1753257282316 0.02543 36
1753257296951 0.02505 37
1753257311886 0.02465 38
1753257326577 0.02431 39
1753257341785 0.02397 40
1753257356865 0.02364 41
1753257371405 0.02336 42
1753257386812 0.02309 43
1753257401822 0.02287 44
1753257416385 0.02264 45
1753257431248 0.02239 46
1753257446159 0.02219 47
1753257460746 0.022 48
1753257475667 0.02183 49
1753257490468 0.02167 50
1753257505309 0.02152 51
1753257520098 0.02134 52
1753257534878 0.02121 53
1753257549856 0.02107 54
1753257564795 0.02092 55
1753257579355 0.02081 56
1753257594297 0.0207 57
1753257609293 0.02059 58
1753257624001 0.02048 59
1753257638563 0.02039 60
1753257653655 0.02028 61
1753257668401 0.02022 62
1753257683197 0.02015 63
1753257697882 0.02002 64
1753257712644 0.01997 65
1753257727663 0.0199 66
1753257742141 0.01983 67
1753257756925 0.01972 68
1753257771673 0.01968 69
1753257786699 0.01959 70
1753257801360 0.01955 71
1753257816129 0.01948 72
1753257830873 0.01942 73
1753257845571 0.01938 74
1753257860055 0.01932 75
1753257874768 0.01928 76
1753257889852 0.01925 77
1753257904488 0.01918 78
1753257919303 0.01917 79
1753257934342 0.01911 80
1753257949374 0.01905 81
1753257964131 0.01905 82
1753257979065 0.01897 83
1753257994300 0.01893 84
1753258009383 0.01887 85
1753258023857 0.01886 86
1753258038689 0.01882 87
1753258053663 0.01877 88
1753258068628 0.01875 89
1753258083064 0.0187 90
1753258098325 0.01866 91
1753258113084 0.01864 92
1753258127724 0.01859 93
1753258142181 0.01858 94
1753258156922 0.01852 95
1753258172188 0.01852 96
1753258186940 0.0185 97
1753258202088 0.01849 98
1753258217040 0.01843 99
1753258231685 0.0184 100
1753258246503 0.01833 101
1753258261061 0.01836 102
1753258276229 0.01834 103
1753258291090 0.0183 104
1753258305686 0.01831 105
1753258320651 0.01825 106
1753258335441 0.01822 107
1753258350104 0.01821 108
1753258364778 0.01817 109
1753258379806 0.01818 110
1753258394924 0.01813 111
1753258409898 0.01812 112
1753258424868 0.01812 113
1753258440051 0.0181 114
1753258454970 0.01807 115
1753258469477 0.01802 116
1753258484059 0.01802 117
1753258499073 0.01802 118
1753258513771 0.018 119
1753258528631 0.01797 120
1753258543577 0.01795 121
1753258558511 0.01794 122
1753258573342 0.01797 123
1753258588209 0.01789 124
1753258602929 0.01788 125
1753258617782 0.01788 126
1753258632348 0.01788 127
1753258647294 0.01784 128
1753258662092 0.01784 129
1753258676702 0.01784 130
1753258691666 0.01784 131
1753258706442 0.01783 132
1753258721713 0.0178 133
1753258736424 0.01776 134
1753258751061 0.01779 135
1753258766157 0.01778 136
1753258780959 0.01773 137
1753258795453 0.01774 138
1753258810228 0.01773 139
1753258825017 0.01772 140
1753258840482 0.01773 141
1753258855359 0.01768 142
1753258869834 0.01768 143
1753258884911 0.0177 144
1753258899626 0.01764 145
1753258914171 0.01766 146
1753258928905 0.01764 147
1753258944111 0.01763 148
1753258958738 0.01762 149
1753258973574 0.01762 150
1753258988623 0.0176 151
1753259003483 0.01761 152
1753259018306 0.01757 153
1753259032976 0.0176 154
1753259047807 0.01757 155
1753259062973 0.01756 156
1753259077592 0.01756 157
1753259092135 0.01754 158
1753259107126 0.01752 159
1753259122011 0.01751 160
1753259136519 0.01752 161
1753259151263 0.01751 162
1753259166460 0.01751 163
1753259181107 0.01745 164
1753259196226 0.0175 165
1753259211576 0.01749 166
1753259227066 0.01747 167
1753259241644 0.01748 168
1753259256359 0.01742 169
1753259271521 0.01744 170
1753259286560 0.01743 171
1753259301313 0.01742 172
1753259315787 0.01739 173
1753259330539 0.01739 174
1753259345482 0.01741 175
1753259360208 0.01739 176
1753259375097 0.01736 177
1753259390034 0.01739 178
1753259404592 0.01737 179
1753259419198 0.01737 180
1753259434309 0.01737 181
1753259448984 0.01735 182
1753259463721 0.01734 183
1753259478626 0.01735 184
1753259493321 0.01732 185
1753259508389 0.0173 186
1753259522976 0.01729 187
1753259537592 0.01734 188
1753259552416 0.01731 189
1753259566833 0.01729 190
1753259581699 0.01728 191
1753259596516 0.0173 192
1753259611871 0.01724 193
1753259626621 0.01726 194
1753259641322 0.01728 195
1753259656529 0.0173 196
1753259671453 0.01725 197
1753259686190 0.01726 198
1753259701054 0.01725 199
1753259715728 0.01724 200
1753259730618 0.01723 201
1753259745251 0.01725 202
1753259759996 0.01725 203
1753259774933 0.01719 204
1753259789759 0.01721 205
1753259804373 0.01722 206
1753259819266 0.01722 207
1753259834238 0.0172 208
1753259848756 0.01719 209
1753259863683 0.01718 210
1753259878362 0.01719 211
1753259893640 0.01716 212
1753259908282 0.01716 213
1753259923356 0.01717 214
1753259938137 0.01717 215
1753259952851 0.01718 216
1753259967630 0.01715 217
1753259982435 0.01715 218
1753259997174 0.01713 219
1753260011941 0.01717 220
1753260026862 0.01715 221
1753260041966 0.01711 222
1753260056608 0.01713 223
1753260071514 0.01714 224
1753260086712 0.01711 225
1753260101441 0.01709 226
1753260116730 0.01711 227
1753260131354 0.01712 228
1753260146133 0.01712 229
1753260161342 0.01708 230
1753260176161 0.01706 231
1753260190871 0.01708 232
1753260205588 0.01707 233
1753260220654 0.01706 234
1753260235288 0.01709 235
1753260250027 0.01707 236
1753260265082 0.01705 237
1753260279782 0.01711 238
1753260294448 0.0171 239
1753260309460 0.01706 240
1753260324046 0.01707 241
1753260339017 0.01705 242
1753260353685 0.01705 243
1753260368170 0.01704 244
1753260383160 0.01703 245
1753260398214 0.01703 246
1753260413401 0.01704 247
1753260428143 0.01704 248
1753260443076 0.017 249
1753260457791 0.01703 250
1753260472432 0.01701 251
1753260487532 0.01699 252
1753260502544 0.01701 253
1753260517235 0.017 254
1753260531977 0.017 255
1753260546727 0.01704 256
1753260561975 0.017 257
1753260576792 0.01697 258
1753260591337 0.01699 259
1753260606279 0.01698 260
1753260621004 0.01697 261
1753260635579 0.01698 262
1753260650340 0.01696 263
1753260665174 0.01698 264
1753260680248 0.01698 265
1753260694805 0.01697 266
1753260709984 0.01696 267
1753260724743 0.01696 268
1753260739467 0.01695 269
1753260754248 0.01698 270
1753260768888 0.01697 271
1753260784141 0.01696 272
1753260798819 0.01694 273
1753260813549 0.01695 274
1753260828751 0.01695 275
1753260843362 0.01695 276
1753260857959 0.01692 277
1753260873076 0.01695 278
1753260887909 0.01693 279
1753260902767 0.01691 280
1753260918102 0.01692 281
1753260933193 0.01692 282
1753260947817 0.01691 283
1753260962706 0.01691 284
1753260977863 0.0169 285
1753260993180 0.0169 286
1753261008241 0.01692 287
1753261023140 0.01691 288
1753261038438 0.01689 289
1753261053360 0.0169 290
1753261068692 0.01691 291
1753261083547 0.0169 292
1753261098686 0.01686 293
1753261113432 0.01688 294
1753261127976 0.0169 295
1753261142602 0.01687 296
1753261157747 0.01685 297
1753261172545 0.01686 298
1753261187222 0.01687 299
1753261202684 0.01688 300
