1753246240382 0.47104 1
1753246282346 0.27736 2
1753246322537 0.16765 3
1753246363365 0.10679 4
1753246404663 0.07397 5
1753246444972 0.05551 6
1753246485185 0.04456 7
1753246525410 0.03769 8
1753246565681 0.03309 9
1753246607207 0.02995 10
1753246647777 0.0273 11
1753246688254 0.02519 12
1753246729707 0.02398 13
1753246770626 0.02313 14
1753246811787 0.02245 15
1753246852429 0.02186 16
1753246892990 0.02144 17
1753246934291 0.02105 18
1753246975537 0.02071 19
1753247016222 0.02046 20
1753247056606 0.02018 21
1753247097262 0.02002 22
1753247137764 0.01982 23
1753247178525 0.01965 24
1753247219509 0.01951 25
1753247260155 0.01942 26
1753247301619 0.01932 27
1753247343253 0.0192 28
1753247384663 0.01907 29
1753247425689 0.01905 30
1753247466862 0.01894 31
1753247507318 0.01886 32
1753247548591 0.01879 33
1753247588856 0.01871 34
1753247629306 0.01867 35
1753247669707 0.01863 36
1753247710144 0.01854 37
1753247750412 0.01853 38
1753247791633 0.01848 39
1753247832695 0.0184 40
1753247873632 0.01841 41
1753247914671 0.01839 42
1753247955494 0.01831 43
1753247996113 0.01827 44
1753248036859 0.01827 45
1753248077573 0.01824 46
1753248118391 0.0182 47
1753248159606 0.0182 48
1753248200782 0.01815 49
1753248242220 0.01814 50
1753248282876 0.01813 51
1753248323642 0.01808 52
1753248364576 0.01804 53
1753248405577 0.01806 54
1753248447181 0.01805 55
1753248488667 0.01799 56
1753248529305 0.01797 57
1753248570232 0.01795 58
1753248610798 0.01793 59
1753248652034 0.01794 60
1753248693339 0.01794 61
1753248734671 0.01789 62
1753248775415 0.01787 63
1753248816233 0.01788 64
1753248857226 0.01784 65
1753248899652 0.01783 66
1753248940263 0.01776 67
1753248980906 0.01779 68
1753249021518 0.01777 69
1753249062132 0.01778 70
1753249102990 0.01775 71
1753249143550 0.01773 72
1753249184343 0.01772 73
1753249224900 0.01767 74
1753249265843 0.01768 75
1753249306626 0.01769 76
1753249347266 0.01767 77
1753249388027 0.01767 78
1753249429672 0.01761 79
1753249470416 0.01764 80
1753249511373 0.01759 81
1753249552537 0.01757 82
1753249593158 0.01758 83
1753249634702 0.01759 84
1753249676216 0.01754 85
1753249717113 0.01754 86
1753249757769 0.01751 87
1753249798754 0.01751 88
1753249839457 0.01752 89
1753249880179 0.01751 90
1753249920886 0.01749 91
1753249961301 0.01749 92
1753250002107 0.01748 93
1753250043213 0.01748 94
1753250084748 0.01743 95
1753250125866 0.01742 96
1753250166471 0.01742 97
1753250207861 0.01743 98
1753250248850 0.01739 99
1753250289407 0.0174 100
1753250330413 0.01741 101
1753250371088 0.01737 102
1753250411980 0.01739 103
1753250452648 0.01735 104
1753250494283 0.01736 105
1753250535110 0.01736 106
1753250575971 0.01738 107
1753250616638 0.01734 108
1753250657578 0.01733 109
1753250698298 0.01735 110
1753250738923 0.01733 111
1753250779850 0.01732 112
1753250820650 0.01727 113
1753250861489 0.01726 114
1753250902621 0.01726 115
1753250943668 0.01727 116
1753250984220 0.01727 117
1753251025198 0.01725 118
1753251066346 0.01725 119
1753251106913 0.01725 120
1753251147875 0.01724 121
1753251188634 0.01721 122
1753251229368 0.01723 123
1753251270088 0.01722 124
1753251311009 0.01718 125
1753251352277 0.01721 126
1753251393617 0.01719 127
1753251434746 0.01719 128
1753251475336 0.01717 129
1753251516392 0.01717 130
1753251557581 0.01719 131
1753251598129 0.01716 132
1753251639139 0.01714 133
1753251679726 0.01714 134
1753251720479 0.01713 135
1753251761358 0.01715 136
1753251801817 0.01711 137
1753251843061 0.01708 138
1753251883685 0.01708 139
1753251924305 0.01712 140
1753251965050 0.01712 141
1753252006656 0.01707 142
1753252047956 0.01708 143
1753252088648 0.01708 144
1753252129373 0.01707 145
1753252169906 0.01707 146
1753252210533 0.01704 147
1753252251490 0.01703 148
1753252292555 0.01708 149
1753252334063 0.01705 150
1753252374729 0.01704 151
1753252415238 0.01702 152
1753252456429 0.01702 153
1753252496868 0.017 154
1753252537954 0.01703 155
1753252578887 0.01701 156
1753252619681 0.01701 157
1753252661491 0.017 158
1753252702320 0.01703 159
1753252743137 0.01702 160
1753252784024 0.01697 161
1753252825080 0.01701 162
1753252865925 0.01696 163
1753252906521 0.01699 164
1753252948343 0.01697 165
1753252989592 0.01698 166
1753253030483 0.01697 167
1753253071121 0.01695 168
1753253111851 0.01698 169
1753253152602 0.01697 170
1753253193326 0.01697 171
1753253234245 0.01694 172
1753253275125 0.01693 173
1753253315866 0.01695 174
1753253356919 0.01695 175
1753253397620 0.01695 176
1753253438173 0.01691 177
1753253480390 0.01694 178
1753253520957 0.01692 179
1753253562209 0.01692 180
1753253603258 0.01692 181
1753253643808 0.01692 182
1753253684455 0.01692 183
1753253725209 0.01689 184
1753253765852 0.0169 185
1753253806264 0.01693 186
1753253847934 0.01689 187
1753253889487 0.01689 188
1753253930184 0.01689 189
1753253971319 0.01687 190
1753254012756 0.01691 191
1753254054675 0.01686 192
1753254095534 0.01687 193
1753254136238 0.01685 194
1753254176960 0.0169 195
1753254218703 0.01686 196
1753254260604 0.01687 197
1753254301392 0.01685 198
1753254342282 0.01686 199
1753254382889 0.01684 200
1753254423334 0.01686 201
1753254464597 0.01686 202
1753254505556 0.01682 203
1753254547195 0.01682 204
1753254587620 0.01685 205
1753254628198 0.01682 206
1753254668764 0.01682 207
1753254710333 0.01684 208
1753254750848 0.01683 209
1753254791882 0.01681 210
1753254832910 0.0168 211
1753254874402 0.01681 212
1753254914758 0.01681 213
1753254955377 0.01679 214
1753254996240 0.01679 215
1753255036932 0.01679 216
1753255077620 0.01681 217
1753255118606 0.01679 218
1753255159282 0.01677 219
1753255199896 0.01678 220
1753255241162 0.01678 221
1753255281850 0.01675 222
1753255322589 0.01676 223
1753255364001 0.01679 224
1753255404630 0.0168 225
1753255445698 0.01676 226
1753255486954 0.01677 227
1753255527523 0.01673 228
1753255568669 0.01675 229
1753255609402 0.01675 230
1753255649942 0.01675 231
1753255691337 0.01674 232
1753255732033 0.01673 233
1753255773065 0.01677 234
1753255815026 0.01677 235
1753255855460 0.01675 236
1753255896197 0.01675 237
1753255937321 0.01676 238
1753255978398 0.01674 239
1753256020278 0.01673 240
1753256061710 0.01674 241
1753256102168 0.01671 242
1753256144231 0.01674 243
1753256184541 0.01672 244
1753256225007 0.01671 245
1753256266854 0.01673 246
1753256308231 0.01672 247
1753256348909 0.01671 248
1753256389653 0.01673 249
1753256431081 0.0167 250
1753256472207 0.01671 251
1753256513962 0.01672 252
1753256554554 0.01669 253
1753256595387 0.0167 254
1753256635899 0.01669 255
1753256676428 0.01673 256
1753256717210 0.01671 257
1753256758465 0.01668 258
1753256799567 0.01669 259
1753256840040 0.01669 260
1753256880784 0.01669 261
1753256921949 0.01666 262
1753256962559 0.0167 263
1753257002909 0.01671 264
1753257043631 0.0167 265
1753257084220 0.0167 266
1753257124729 0.01664 267
1753257165294 0.0167 268
1753257206127 0.01668 269
1753257246926 0.01666 270
1753257287458 0.01667 271
1753257327941 0.01665 272
1753257369429 0.01665 273
1753257409990 0.01668 274
1753257451276 0.01667 275
1753257492436 0.01667 276
1753257533646 0.01666 277
1753257574697 0.01664 278
1753257616138 0.01664 279
1753257657256 0.01665 280
1753257698285 0.01663 281
1753257738699 0.01665 282
1753257778985 0.01664 283
1753257819828 0.01665 284
1753257860876 0.01663 285
1753257901857 0.01665 286
1753257942222 0.01665 287
1753257983728 0.0166 288
1753258025334 0.01664 289
1753258065809 0.01665 290
1753258107206 0.01662 291
1753258147712 0.01662 292
1753258188394 0.0166 293
1753258228975 0.01663 294
1753258269743 0.01662 295
1753258310301 0.01663 296
1753258351181 0.01659 297
1753258392224 0.0166 298
1753258432844 0.01662 299
1753258473650 0.0166 300
