1753337402440 1.0 0
1753337418778 2.0 0
1753337433687 3.0 0
1753337448378 4.0 0
1753337463514 5.0 0
1753337478255 6.0 0
1753337493076 7.0 0
1753337507519 8.0 0
1753337522531 9.0 0
1753337537259 10.0 0
1753337551791 11.0 0
1753337566882 12.0 0
1753337581551 13.0 0
1753337596224 14.0 0
1753337610989 15.0 0
1753337625594 16.0 0
1753337640559 17.0 0
1753337655231 18.0 0
1753337669991 19.0 0
1753337685103 20.0 0
1753337699964 21.0 0
1753337714612 22.0 0
1753337729708 23.0 0
1753337744856 24.0 0
1753337759510 25.0 0
1753337774338 26.0 0
1753337789543 27.0 0
1753337804270 28.0 0
1753337818999 29.0 0
1753337833888 30.0 0
1753337848733 31.0 0
1753337863869 32.0 0
1753337878699 33.0 0
1753337908511 35.0 0
1753337923298 36.0 0
1753337952820 38.0 0
1753337967844 39.0 0
1753337997294 41.0 0
1753338012486 42.0 0
1753338027105 43.0 0
1753338041764 44.0 0
1753338056375 45.0 0
1753338071061 46.0 0
1753338115599 49.0 0
1753338130719 50.0 0
1753338160459 52.0 0
1753338175388 53.0 0
1753338219543 56.0 0
1753338264056 59.0 0
1753338293771 61.0 0
1753338337742 64.0 0
1753338426931 70.0 0
1753338471432 73.0 0
1753338501133 75.0 0
1753338575111 80.0 0
