1753337390026 0.83405 1
1753337406210 0.67775 2
1753337422548 0.60451 3
1753337437423 0.53863 4
1753337452028 0.47873 5
1753337467185 0.42394 6
1753337481967 0.37329 7
1753337496671 0.32737 8
1753337511286 0.28717 9
1753337526138 0.25195 10
1753337540842 0.22124 11
1753337555460 0.19411 12
1753337570548 0.17122 13
1753337585161 0.15079 14
1753337599873 0.13156 15
1753337614651 0.11707 16
1753337629170 0.105 17
1753337644185 0.0948 18
1753337658889 0.08601 19
1753337673691 0.0786 20
1753337688810 0.07222 21
1753337703619 0.06679 22
1753337718587 0.06207 23
1753337733303 0.05786 24
1753337748539 0.05428 25
1753337763216 0.05108 26
1753337778086 0.04825 27
1753337793270 0.0458 28
1753337807929 0.04372 29
1753337822695 0.04164 30
1753337837483 0.03985 31
1753337852417 0.03834 32
1753337867529 0.0369 33
1753337882322 0.03584 34
1753337897007 0.03579 35
1753337912235 0.03373 36
1753337926943 0.03263 37
1753337941775 0.03168 38
1753337956532 0.0308 39
1753337971421 0.03008 40
1753337986164 0.02942 41
1753338001026 0.02882 42
1753338016151 0.02817 43
1753338030743 0.02762 44
1753338045506 0.02719 45
1753338059974 0.02675 46
1753338074689 0.02628 47
1753338089885 0.02593 48
1753338104383 0.02552 49
1753338119332 0.02519 50
1753338134666 0.02482 51
1753338149272 0.02456 52
1753338164045 0.02423 53
1753338179049 0.02395 54
1753338193772 0.02372 55
1753338208450 0.02356 56
1753338223259 0.02329 57
1753338238040 0.02308 58
1753338253032 0.02289 59
1753338267707 0.02264 60
1753338282391 0.02255 61
1753338297406 0.02241 62
1753338312047 0.02217 63
1753338326739 0.02207 64
1753338341415 0.02185 65
1753338356132 0.02179 66
1753338370886 0.02167 67
1753338385709 0.02155 68
1753338400804 0.02135 69
1753338415513 0.02122 70
1753338430603 0.0211 71
1753338445404 0.02103 72
1753338460023 0.02088 73
1753338475136 0.02078 74
1753338490111 0.02072 75
1753338504844 0.02064 76
1753338519805 0.02055 77
1753338534693 0.02045 78
1753338549283 0.0205 79
1753338564097 0.02033 80
1753338578764 0.02024 81
1753338593520 0.02014 82
1753338608652 0.02013 83
1753338623998 0.02015 84
1753338638609 0.01998 85
1753338653479 0.01995 86
1753338668209 0.01986 87
1753338682804 0.01976 88
1753338697916 0.01968 89
1753338712912 0.01953 90
1753338727519 0.01948 91
1753338742338 0.01945 92
1753338757284 0.01944 93
1753338771933 0.01941 94
1753338786645 0.01941 95
1753338801257 0.01937 96
1753338816250 0.01933 97
1753338831187 0.01933 98
1753338846161 0.01928 99
1753338860841 0.0193 100
1753338875874 0.01926 101
1753338890439 0.01926 102
1753338905151 0.01925 103
1753338920452 0.01926 104
1753338935273 0.01925 105
1753338949897 0.01927 106
1753338964837 0.01923 107
1753338979806 0.01922 108
1753338994578 0.01925 109
1753339009220 0.01924 110
1753339023827 0.01924 111
1753339038886 0.01926 112
1753339053950 0.01923 113
1753339068924 0.01921 114
1753339083613 0.01925 115
1753339098742 0.01923 116
1753339113758 0.01925 117
1753339128374 0.01924 118
1753339143273 0.0192 119
1753339158382 0.01924 120
1753339173139 0.0192 121
1753339187947 0.01924 122
1753339202935 0.01922 123
1753339217630 0.01921 124
1753339232419 0.0192 125
1753339247066 0.01919 126
1753339262005 0.01924 127
1753339276918 0.01918 128
1753339291950 0.01923 129
1753339306609 0.01923 130
1753339321335 0.01923 131
1753339336134 0.01924 132
1753339351042 0.01922 133
1753339365981 0.01922 134
1753339380758 0.01922 135
1753339395366 0.01923 136
1753339410340 0.01919 137
1753339425424 0.01918 138
1753339439999 0.01922 139
1753339454777 0.01923 140
1753339469378 0.01921 141
1753339484229 0.01922 142
1753339498884 0.0192 143
1753339513989 0.01921 144
1753339528742 0.01923 145
1753339543351 0.01922 146
1753339558122 0.01923 147
1753339572674 0.01923 148
1753339587517 0.01922 149
1753339602451 0.01922 150
1753339617247 0.01921 151
1753339632163 0.01922 152
1753339646877 0.01923 153
1753339661548 0.01922 154
1753339676398 0.01921 155
1753339691035 0.01922 156
1753339706002 0.01923 157
1753339720669 0.01923 158
1753339735488 0.01922 159
1753339750689 0.01921 160
1753339765438 0.01922 161
1753339780165 0.01921 162
1753339794921 0.01922 163
1753339809819 0.01922 164
1753339824864 0.01923 165
1753339839357 0.01919 166
1753339854308 0.0192 167
1753339869424 0.0192 168
1753339884240 0.01923 169
1753339899103 0.01922 170
1753339913723 0.01925 171
1753339928863 0.01923 172
1753339943818 0.01922 173
1753339958648 0.0192 174
1753339973466 0.0192 175
1753339988653 0.01923 176
1753340003351 0.01921 177
1753340018298 0.0192 178
1753340033009 0.01921 179
1753340047729 0.01922 180
1753340062372 0.01919 181
1753340077164 0.01921 182
1753340092070 0.01917 183
1753340106748 0.01923 184
1753340121977 0.01919 185
1753340136656 0.01924 186
1753340151556 0.0192 187
1753340166112 0.01922 188
1753340180729 0.01923 189
1753340195977 0.01921 190
1753340210890 0.01918 191
1753340225357 0.01924 192
1753340240140 0.0192 193
1753340255111 0.01924 194
1753340269739 0.01923 195
1753340284299 0.01921 196
1753340299014 0.01922 197
1753340314252 0.01924 198
1753340329208 0.0192 199
1753340344432 0.01922 200
1753340359155 0.01921 201
1753340373966 0.01918 202
1753340388726 0.01919 203
1753340403460 0.01923 204
1753340418241 0.01919 205
1753340433069 0.01919 206
1753340447755 0.01921 207
1753340462767 0.0192 208
1753340477617 0.01922 209
1753340492321 0.01922 210
1753340507225 0.0192 211
1753340522057 0.01921 212
1753340537018 0.0192 213
1753340552627 0.0192 214
1753340567591 0.01918 215
1753340582460 0.0192 216
1753340597143 0.0192 217
1753340611798 0.01919 218
1753340626494 0.01918 219
1753340641255 0.01921 220
1753340656020 0.01923 221
1753340670617 0.0192 222
1753340685705 0.01922 223
1753340700489 0.01922 224
1753340715156 0.01916 225
1753340729896 0.01921 226
1753340744449 0.01919 227
1753340759545 0.01921 228
1753340774386 0.01923 229
1753340789187 0.0192 230
1753340803891 0.01919 231
1753340818580 0.01921 232
1753340833230 0.01921 233
1753340847863 0.01919 234
1753340862770 0.01918 235
1753340877552 0.01921 236
1753340892332 0.01918 237
1753340907151 0.0192 238
1753340921932 0.01918 239
1753340936652 0.01918 240
1753340951242 0.0192 241
1753340965735 0.01919 242
1753340980851 0.01919 243
1753340995718 0.0192 244
1753341010720 0.01919 245
1753341025387 0.01917 246
1753341040352 0.01915 247
1753341054892 0.01919 248
1753341069551 0.0192 249
1753341084380 0.01919 250
1753341099368 0.01918 251
1753341114035 0.0192 252
1753341129150 0.01919 253
1753341143822 0.01921 254
1753341158473 0.01919 255
1753341173408 0.01922 256
1753341188126 0.0192 257
1753341202893 0.01917 258
1753341217768 0.0192 259
1753341232366 0.01919 260
1753341247258 0.01921 261
1753341262036 0.01917 262
1753341276823 0.0192 263
1753341292197 0.01918 264
1753341307079 0.01915 265
1753341321697 0.01921 266
1753341336522 0.01917 267
1753341351419 0.01918 268
1753341366316 0.01919 269
1753341381317 0.01918 270
1753341396349 0.01917 271
1753341411384 0.01916 272
1753341426133 0.01919 273
1753341440987 0.01914 274
1753341455654 0.01916 275
1753341470572 0.01918 276
1753341485297 0.01918 277
1753341499975 0.01916 278
1753341515263 0.01916 279
1753341529982 0.01918 280
1753341544570 0.01917 281
1753341559337 0.01919 282
1753341573896 0.01917 283
1753341589064 0.01917 284
1753341603751 0.01916 285
1753341618778 0.01918 286
1753341633701 0.0192 287
1753341648756 0.01918 288
1753341663497 0.01914 289
1753341678293 0.01917 290
1753341693145 0.01916 291
1753341707901 0.01918 292
1753341722540 0.01917 293
1753341737713 0.01917 294
1753341753017 0.01915 295
1753341767567 0.01918 296
1753341782413 0.01918 297
1753341797148 0.01916 298
1753341812219 0.01917 299
1753341827284 0.01917 300
