1753337402447 0.0010000000474974513 1
1753337418783 0.0010000000474974513 2
1753337433691 0.0010000000474974513 3
1753337448385 0.0010000000474974513 4
1753337463523 0.0010000000474974513 5
1753337478262 0.0010000000474974513 6
1753337493083 0.0010000000474974513 7
1753337507524 0.0010000000474974513 8
1753337522536 0.0010000000474974513 9
1753337537264 0.0010000000474974513 10
1753337551795 0.0010000000474974513 11
1753337566886 0.0010000000474974513 12
1753337581556 0.0010000000474974513 13
1753337596228 0.0010000000474974513 14
1753337610995 0.0010000000474974513 15
1753337625601 0.0010000000474974513 16
1753337640567 0.0010000000474974513 17
1753337655239 0.0010000000474974513 18
1753337669996 0.0010000000474974513 19
1753337685109 0.0010000000474974513 20
1753337699974 0.0010000000474974513 21
1753337714628 0.0010000000474974513 22
1753337729713 0.0010000000474974513 23
1753337744861 0.0010000000474974513 24
1753337759514 0.0010000000474974513 25
1753337774346 0.0010000000474974513 26
1753337789554 0.0010000000474974513 27
1753337804277 0.0010000000474974513 28
1753337819006 0.0010000000474974513 29
1753337833896 0.0010000000474974513 30
1753337848743 0.0010000000474974513 31
1753337863874 0.0010000000474974513 32
1753337878704 0.0010000000474974513 33
1753337893375 0.0010000000474974513 34
1753337908515 0.0010000000474974513 35
1753337923303 0.0010000000474974513 36
1753337938058 0.0010000000474974513 37
1753337952828 0.0010000000474974513 38
1753337967852 0.0010000000474974513 39
1753337982519 0.0010000000474974513 40
1753337997302 0.0010000000474974513 41
1753338012491 0.0010000000474974513 42
1753338027110 0.0010000000474974513 43
1753338041769 0.0010000000474974513 44
1753338056380 0.0010000000474974513 45
1753338071065 0.0010000000474974513 46
1753338086192 0.0010000000474974513 47
1753338100769 0.0010000000474974513 48
1753338115608 0.0010000000474974513 49
1753338130725 0.0010000000474974513 50
1753338145639 0.0010000000474974513 51
1753338160467 0.0010000000474974513 52
1753338175393 0.0010000000474974513 53
1753338190071 0.0010000000474974513 54
1753338204753 0.0010000000474974513 55
1753338219547 0.0010000000474974513 56
1753338234330 0.0010000000474974513 57
1753338249406 0.0010000000474974513 58
1753338264062 0.0010000000474974513 59
1753338278764 0.0010000000474974513 60
1753338293778 0.0010000000474974513 61
1753338308382 0.0010000000474974513 62
1753338323110 0.0010000000474974513 63
1753338337746 0.0010000000474974513 64
1753338352459 0.0010000000474974513 65
1753338367287 0.0010000000474974513 66
1753338382073 0.0010000000474974513 67
1753338397150 0.0010000000474974513 68
1753338411794 0.0010000000474974513 69
1753338426938 0.0010000000474974513 70
1753338441739 0.0010000000474974513 71
1753338456357 0.0010000000474974513 72
1753338471440 0.0010000000474974513 73
1753338486446 0.0010000000474974513 74
1753338501138 0.0010000000474974513 75
1753338516150 0.0010000000474974513 76
1753338531070 0.0010000000474974513 77
1753338545653 0.0010000000474974513 78
1753338560423 0.0010000000474974513 79
1753338575116 0.0010000000474974513 80
1753338589891 0.0010000000474974513 81
1753338604969 0.0010000000474974513 82
1753338620012 0.0010000000474974513 83
1753338635033 0.0010000000474974513 84
1753338649828 0.0010000000474974513 85
1753338664605 0.0010000000474974513 86
1753338679195 0.0010000000474974513 87
1753338694223 0.0010000000474974513 88
1753338709258 0.00020000000949949026 89
1753338723892 0.00020000000949949026 90
1753338738657 0.00020000000949949026 91
1753338753630 0.00020000000949949026 92
1753338768337 0.00020000000949949026 93
1753338782936 0.00020000000949949026 94
1753338797625 0.00020000000949949026 95
1753338812563 0.00020000000949949026 96
1753338827535 0.00020000000949949026 97
1753338842325 4.0000002627493814e-05 98
1753338857234 4.0000002627493814e-05 99
1753338872162 4.0000002627493814e-05 100
1753338886812 4.0000002627493814e-05 101
1753338901489 4.0000002627493814e-05 102
1753338916615 4.0000002627493814e-05 103
1753338931577 4.0000002627493814e-05 104
1753338946283 4.0000002627493814e-05 105
1753338961218 4.0000002627493814e-05 106
1753338976175 8.000000889296643e-06 107
1753338990880 8.000000889296643e-06 108
1753339005564 8.000000889296643e-06 109
1753339020233 8.000000889296643e-06 110
1753339035256 8.000000889296643e-06 111
1753339050274 8.000000889296643e-06 112
1753339065318 8.000000889296643e-06 113
1753339079998 8.000000889296643e-06 114
1753339094786 8.000000889296643e-06 115
1753339109767 1.6000001323845936e-06 116
1753339124729 1.6000001323845936e-06 117
1753339139571 1.6000001323845936e-06 118
1753339154730 1.6000001323845936e-06 119
1753339169432 1.6000001323845936e-06 120
1753339184268 1.6000001323845936e-06 121
1753339199299 1.6000001323845936e-06 122
1753339213996 1.6000001323845936e-06 123
1753339228662 1.6000001323845936e-06 124
1753339243421 9.999999974752427e-07 125
1753339258399 9.999999974752427e-07 126
1753339273248 9.999999974752427e-07 127
1753339288224 9.999999974752427e-07 128
1753339302935 9.999999974752427e-07 129
1753339317665 9.999999974752427e-07 130
1753339332411 9.999999974752427e-07 131
1753339347313 9.999999974752427e-07 132
1753339362316 9.999999974752427e-07 133
1753339377044 9.999999974752427e-07 134
1753339391737 9.999999974752427e-07 135
1753339406748 9.999999974752427e-07 136
1753339421433 9.999999974752427e-07 137
1753339436412 9.999999974752427e-07 138
1753339451063 9.999999974752427e-07 139
1753339465762 9.999999974752427e-07 140
1753339480579 9.999999974752427e-07 141
1753339495190 9.999999974752427e-07 142
1753339510291 9.999999974752427e-07 143
1753339525055 9.999999974752427e-07 144
1753339539757 9.999999974752427e-07 145
1753339554507 9.999999974752427e-07 146
1753339569110 9.999999974752427e-07 147
1753339583904 9.999999974752427e-07 148
1753339598588 9.999999974752427e-07 149
1753339613549 9.999999974752427e-07 150
1753339628451 9.999999974752427e-07 151
1753339643213 9.999999974752427e-07 152
1753339657906 9.999999974752427e-07 153
1753339672768 9.999999974752427e-07 154
1753339687384 9.999999974752427e-07 155
1753339702342 9.999999974752427e-07 156
1753339717116 9.999999974752427e-07 157
1753339731879 9.999999974752427e-07 158
1753339747101 9.999999974752427e-07 159
1753339761805 9.999999974752427e-07 160
1753339776480 9.999999974752427e-07 161
1753339791332 9.999999974752427e-07 162
1753339806203 9.999999974752427e-07 163
1753339821238 9.999999974752427e-07 164
1753339835770 9.999999974752427e-07 165
1753339850656 9.999999974752427e-07 166
1753339865742 9.999999974752427e-07 167
1753339880530 9.999999974752427e-07 168
1753339895500 9.999999974752427e-07 169
1753339910038 9.999999974752427e-07 170
1753339925172 9.999999974752427e-07 171
1753339940099 9.999999974752427e-07 172
1753339954964 9.999999974752427e-07 173
1753339969829 9.999999974752427e-07 174
1753339984983 9.999999974752427e-07 175
1753339999747 9.999999974752427e-07 176
1753340014641 9.999999974752427e-07 177
1753340029258 9.999999974752427e-07 178
1753340044103 9.999999974752427e-07 179
1753340058748 9.999999974752427e-07 180
1753340073264 9.999999974752427e-07 181
1753340088418 9.999999974752427e-07 182
1753340103051 9.999999974752427e-07 183
1753340118323 9.999999974752427e-07 184
1753340133031 9.999999974752427e-07 185
1753340147761 9.999999974752427e-07 186
1753340162532 9.999999974752427e-07 187
1753340177122 9.999999974752427e-07 188
1753340192285 9.999999974752427e-07 189
1753340207253 9.999999974752427e-07 190
1753340221767 9.999999974752427e-07 191
1753340236501 9.999999974752427e-07 192
1753340251506 9.999999974752427e-07 193
1753340266124 9.999999974752427e-07 194
1753340280749 9.999999974752427e-07 195
1753340295306 9.999999974752427e-07 196
1753340310541 9.999999974752427e-07 197
1753340325529 9.999999974752427e-07 198
1753340340746 9.999999974752427e-07 199
1753340355489 9.999999974752427e-07 200
1753340370259 9.999999974752427e-07 201
1753340385055 9.999999974752427e-07 202
1753340399743 9.999999974752427e-07 203
1753340414716 9.999999974752427e-07 204
1753340429427 9.999999974752427e-07 205
1753340444156 9.999999974752427e-07 206
1753340459162 9.999999974752427e-07 207
1753340473919 9.999999974752427e-07 208
1753340488674 9.999999974752427e-07 209
1753340503541 9.999999974752427e-07 210
1753340518355 9.999999974752427e-07 211
1753340533363 9.999999974752427e-07 212
1753340548606 9.999999974752427e-07 213
1753340564008 9.999999974752427e-07 214
1753340578755 9.999999974752427e-07 215
1753340593532 9.999999974752427e-07 216
1753340608150 9.999999974752427e-07 217
1753340622845 9.999999974752427e-07 218
1753340637716 9.999999974752427e-07 219
1753340652325 9.999999974752427e-07 220
1753340666954 9.999999974752427e-07 221
1753340682025 9.999999974752427e-07 222
1753340696860 9.999999974752427e-07 223
1753340711412 9.999999974752427e-07 224
1753340726258 9.999999974752427e-07 225
1753340740864 9.999999974752427e-07 226
1753340755863 9.999999974752427e-07 227
1753340770766 9.999999974752427e-07 228
1753340785621 9.999999974752427e-07 229
1753340800204 9.999999974752427e-07 230
1753340814971 9.999999974752427e-07 231
1753340829609 9.999999974752427e-07 232
1753340844226 9.999999974752427e-07 233
1753340859162 9.999999974752427e-07 234
1753340873850 9.999999974752427e-07 235
1753340888664 9.999999974752427e-07 236
1753340903539 9.999999974752427e-07 237
1753340918246 9.999999974752427e-07 238
1753340933001 9.999999974752427e-07 239
1753340947642 9.999999974752427e-07 240
1753340962146 9.999999974752427e-07 241
1753340977188 9.999999974752427e-07 242
1753340992138 9.999999974752427e-07 243
1753341007049 9.999999974752427e-07 244
1753341021775 9.999999974752427e-07 245
1753341036487 9.999999974752427e-07 246
1753341051305 9.999999974752427e-07 247
1753341065977 9.999999974752427e-07 248
1753341080827 9.999999974752427e-07 249
1753341095751 9.999999974752427e-07 250
1753341110422 9.999999974752427e-07 251
1753341125570 9.999999974752427e-07 252
1753341140207 9.999999974752427e-07 253
1753341154782 9.999999974752427e-07 254
1753341169793 9.999999974752427e-07 255
1753341184484 9.999999974752427e-07 256
1753341199199 9.999999974752427e-07 257
1753341214092 9.999999974752427e-07 258
1753341228763 9.999999974752427e-07 259
1753341243676 9.999999974752427e-07 260
1753341258426 9.999999974752427e-07 261
1753341273158 9.999999974752427e-07 262
1753341288489 9.999999974752427e-07 263
1753341303360 9.999999974752427e-07 264
1753341318078 9.999999974752427e-07 265
1753341332901 9.999999974752427e-07 266
1753341347547 9.999999974752427e-07 267
1753341362603 9.999999974752427e-07 268
1753341377737 9.999999974752427e-07 269
1753341392710 9.999999974752427e-07 270
1753341407774 9.999999974752427e-07 271
1753341422517 9.999999974752427e-07 272
1753341437342 9.999999974752427e-07 273
1753341451942 9.999999974752427e-07 274
1753341466928 9.999999974752427e-07 275
1753341481643 9.999999974752427e-07 276
1753341496334 9.999999974752427e-07 277
1753341511389 9.999999974752427e-07 278
1753341526378 9.999999974752427e-07 279
1753341540971 9.999999974752427e-07 280
1753341555675 9.999999974752427e-07 281
1753341570330 9.999999974752427e-07 282
1753341585376 9.999999974752427e-07 283
1753341600153 9.999999974752427e-07 284
1753341615033 9.999999974752427e-07 285
1753341630048 9.999999974752427e-07 286
1753341645154 9.999999974752427e-07 287
1753341659893 9.999999974752427e-07 288
1753341674594 9.999999974752427e-07 289
1753341689549 9.999999974752427e-07 290
1753341704260 9.999999974752427e-07 291
1753341718793 9.999999974752427e-07 292
1753341734018 9.999999974752427e-07 293
1753341749349 9.999999974752427e-07 294
1753341763960 9.999999974752427e-07 295
1753341778690 9.999999974752427e-07 296
1753341793547 9.999999974752427e-07 297
1753341808513 9.999999974752427e-07 298
1753341823645 9.999999974752427e-07 299
1753341838477 9.999999974752427e-07 300
