1753339188032 1.0 0
1753339206585 2.0 0
1753339225058 3.0 0
1753339243699 4.0 0
1753339262492 5.0 0
1753339281298 6.0 0
1753339300174 7.0 0
1753339318859 8.0 0
1753339337748 9.0 0
1753339357580 10.0 0
1753339376330 11.0 0
1753339395214 12.0 0
1753339413958 13.0 0
1753339432757 14.0 0
1753339452373 15.0 0
1753339471252 16.0 0
1753339489670 17.0 0
1753339508985 18.0 0
1753339527938 19.0 0
1753339547203 20.0 0
1753339566338 21.0 0
1753339585800 22.0 0
1753339604908 23.0 0
1753339623892 24.0 0
1753339643174 25.0 0
1753339662932 26.0 0
1753339682060 27.0 0
1753339701021 28.0 0
1753339720010 29.0 0
1753339738640 30.0 0
1753339757808 31.0 0
1753339776966 32.0 0
1753339795816 33.0 0
1753339815126 34.0 0
1753339833908 35.0 0
1753339853157 36.0 0
1753339871740 37.0 0
1753339890698 38.0 0
1753339909455 39.0 0
1753339928552 40.0 0
1753339947356 41.0 0
1753339966324 42.0 0
1753339985879 43.0 0
1753340005241 44.0 0
1753340023677 45.0 0
1753340042606 46.0 0
1753340061698 47.0 0
1753340081010 48.0 0
1753340100088 49.0 0
1753340118636 50.0 0
1753340137504 51.0 0
1753340175376 53.0 0
1753340194189 54.0 0
1753340232462 56.0 0
1753340251297 57.0 0
1753340308460 60.0 0
1753340327338 61.0 0
1753340364978 63.0 0
1753340384252 64.0 0
1753340403466 65.0 0
1753340460075 68.0 0
1753340608854 76.0 0
