1753339173750 0.54934 1
1753339192912 0.4793 2
1753339211424 0.43859 3
1753339229939 0.39638 4
1753339248467 0.35845 5
1753339267299 0.32462 6
1753339286138 0.29482 7
1753339304948 0.26892 8
1753339323699 0.24657 9
1753339342615 0.22749 10
1753339362410 0.21124 11
1753339381096 0.19741 12
1753339399931 0.18559 13
1753339418701 0.17549 14
1753339437608 0.16681 15
1753339457104 0.15928 16
1753339476058 0.1527 17
1753339494466 0.14693 18
1753339513745 0.14184 19
1753339532757 0.13727 20
1753339552045 0.13319 21
1753339571183 0.12951 22
1753339590597 0.12609 23
1753339609744 0.123 24
1753339628736 0.12015 25
1753339648034 0.11751 26
1753339667775 0.11503 27
1753339686885 0.11266 28
1753339705839 0.11048 29
1753339724776 0.1084 30
1753339743475 0.10645 31
1753339762636 0.10457 32
1753339781810 0.10277 33
1753339800622 0.10102 34
1753339819923 0.09935 35
1753339838677 0.09773 36
1753339857940 0.09619 37
1753339876585 0.09468 38
1753339895532 0.0932 39
1753339914300 0.09182 40
1753339933391 0.09044 41
1753339952175 0.08911 42
1753339971180 0.08343 43
1753339990745 0.03039 44
1753340010021 0.02755 45
1753340028514 0.02666 46
1753340047334 0.02595 47
1753340066514 0.02531 48
1753340085876 0.02477 49
1753340104850 0.0243 50
1753340123350 0.02384 51
1753340142352 0.02344 52
1753340161243 0.0231 53
1753340180197 0.02274 54
1753340198987 0.02243 55
1753340217976 0.0222 56
1753340237311 0.02196 57
1753340256045 0.02174 58
1753340274640 0.02151 59
1753340293762 0.02135 60
1753340313236 0.0211 61
1753340332135 0.02093 62
1753340350744 0.02083 63
1753340369764 0.02067 64
1753340389077 0.02052 65
1753340408230 0.02036 66
1753340427200 0.02025 67
1753340445885 0.02012 68
1753340464849 0.02003 69
1753340483472 0.01995 70
1753340502250 0.01983 71
1753340520541 0.01973 72
1753340539060 0.01965 73
1753340557715 0.01956 74
1753340576312 0.01948 75
1753340594836 0.01941 76
1753340613682 0.01938 77
1753340632601 0.0192 78
1753340651822 0.01909 79
1753340670120 0.01908 80
1753340688443 0.01904 81
1753340706646 0.01901 82
1753340725489 0.01899 83
1753340744029 0.01896 84
1753340762841 0.01896 85
1753340781532 0.01892 86
1753340800102 0.01889 87
1753340818673 0.0189 88
1753340837867 0.01886 89
1753340856618 0.01889 90
1753340875275 0.01886 91
1753340893680 0.01884 92
1753340912645 0.01883 93
1753340931317 0.01885 94
1753340950423 0.01886 95
1753340969097 0.01884 96
1753340987625 0.01884 97
1753341006461 0.01882 98
1753341025446 0.01881 99
1753341044228 0.01883 100
1753341062865 0.01881 101
1753341081513 0.0188 102
1753341100512 0.01883 103
1753341119356 0.01881 104
1753341138323 0.01882 105
1753341157043 0.01881 106
1753341175846 0.01879 107
1753341194498 0.0188 108
1753341213038 0.01883 109
1753341232037 0.01883 110
1753341250462 0.01882 111
1753341268877 0.0188 112
1753341287548 0.0188 113
1753341307331 0.01881 114
1753341326063 0.0188 115
1753341344657 0.0188 116
1753341363477 0.01882 117
1753341382241 0.01882 118
1753341401204 0.01881 119
1753341420477 0.01882 120
1753341439486 0.01881 121
1753341457741 0.01881 122
1753341475852 0.01883 123
1753341494569 0.01881 124
1753341512750 0.01881 125
1753341530900 0.0188 126
1753341548849 0.01881 127
1753341567034 0.0188 128
1753341585561 0.01878 129
1753341604478 0.01882 130
1753341623692 0.01883 131
1753341642153 0.01878 132
1753341660864 0.0188 133
1753341679340 0.0188 134
1753341697971 0.01882 135
1753341716359 0.0188 136
1753341735552 0.01878 137
1753341753828 0.01881 138
1753341772877 0.01881 139
1753341791514 0.01881 140
1753341810355 0.01884 141
1753341828671 0.01881 142
1753341846993 0.01883 143
1753341865702 0.01882 144
1753341884646 0.01882 145
1753341903074 0.01884 146
1753341921855 0.01879 147
1753341941453 0.0188 148
1753341959670 0.01881 149
1753341977986 0.01883 150
1753341996835 0.01882 151
1753342015828 0.01881 152
1753342035076 0.01878 153
1753342054296 0.01878 154
1753342072718 0.0188 155
1753342091768 0.0188 156
1753342110452 0.0188 157
1753342129832 0.0188 158
1753342148831 0.0188 159
1753342167455 0.0188 160
1753342185981 0.01881 161
1753342204809 0.01879 162
1753342224090 0.01883 163
1753342242643 0.0188 164
1753342261398 0.01884 165
1753342280206 0.01881 166
1753342299063 0.01879 167
1753342317763 0.0188 168
1753342336513 0.0188 169
1753342355479 0.01879 170
1753342374094 0.01881 171
1753342392749 0.01878 172
1753342411938 0.01881 173
1753342430993 0.01882 174
1753342449823 0.0188 175
1753342468431 0.0188 176
1753342487199 0.01881 177
1753342505930 0.0188 178
1753342524618 0.01878 179
1753342543357 0.0188 180
1753342562685 0.0188 181
1753342581818 0.01881 182
1753342600314 0.01878 183
1753342619300 0.01882 184
1753342637986 0.01882 185
1753342656419 0.0188 186
1753342674957 0.0188 187
1753342694009 0.0188 188
1753342712586 0.0188 189
1753342731289 0.01879 190
1753342749943 0.0188 191
1753342768654 0.01881 192
1753342787445 0.0188 193
1753342806427 0.01879 194
1753342825054 0.01879 195
1753342843402 0.01882 196
1753342862634 0.0188 197
1753342881108 0.01878 198
1753342900006 0.01878 199
1753342918789 0.01877 200
1753342937510 0.0188 201
1753342956027 0.01879 202
1753342974641 0.0188 203
1753342993513 0.01879 204
1753343012572 0.01878 205
1753343031579 0.01879 206
1753343050401 0.01881 207
1753343069797 0.01879 208
1753343089025 0.0188 209
1753343107662 0.01882 210
1753343126236 0.01876 211
1753343145203 0.01879 212
1753343163961 0.01879 213
1753343182808 0.0188 214
1753343201586 0.01879 215
1753343220650 0.01878 216
1753343239696 0.01879 217
1753343258425 0.01879 218
1753343276897 0.01879 219
1753343295796 0.0188 220
1753343314245 0.01878 221
1753343333493 0.01879 222
1753343352102 0.0188 223
1753343370878 0.01877 224
1753343389761 0.0188 225
1753343408267 0.01879 226
1753343426830 0.0188 227
1753343445468 0.01879 228
1753343464341 0.01877 229
1753343482710 0.01879 230
1753343501303 0.01877 231
1753343520154 0.0188 232
1753343539017 0.01878 233
1753343557993 0.01877 234
1753343577187 0.01876 235
1753343596036 0.01877 236
1753343615116 0.01879 237
1753343633999 0.01877 238
1753343652355 0.01879 239
1753343670698 0.01877 240
1753343689264 0.01881 241
1753343707393 0.01877 242
1753343725711 0.01878 243
1753343743939 0.01879 244
1753343762223 0.01878 245
1753343780965 0.01878 246
1753343799526 0.01877 247
1753343818700 0.01876 248
1753343837159 0.01875 249
1753343855421 0.01878 250
1753343874106 0.01878 251
1753343892541 0.01878 252
1753343911204 0.01875 253
1753343929999 0.01878 254
1753343948779 0.01877 255
1753343966992 0.01876 256
1753343985629 0.01878 257
1753344004306 0.01877 258
1753344023414 0.01875 259
1753344041559 0.01874 260
1753344060242 0.01879 261
1753344079130 0.01876 262
1753344097787 0.01874 263
1753344116587 0.01878 264
1753344135926 0.01876 265
1753344154759 0.01875 266
1753344173503 0.01876 267
1753344192638 0.01878 268
1753344212012 0.01875 269
1753344231008 0.01878 270
1753344250103 0.01878 271
1753344268831 0.01874 272
1753344287164 0.01877 273
1753344305849 0.01877 274
1753344323967 0.01876 275
1753344342763 0.01876 276
1753344361554 0.01876 277
1753344380434 0.01876 278
1753344399039 0.01878 279
1753344417774 0.01873 280
1753344436290 0.01875 281
1753344455419 0.01874 282
1753344473857 0.01877 283
1753344492454 0.01874 284
1753344511395 0.01875 285
1753344530575 0.01877 286
1753344548929 0.01874 287
1753344568056 0.01873 288
1753344586979 0.01873 289
1753344605831 0.01873 290
1753344624915 0.01874 291
1753344643625 0.01876 292
1753344661831 0.01874 293
1753344680612 0.01875 294
1753344699923 0.01875 295
1753344718902 0.01875 296
1753344737370 0.01875 297
1753344755951 0.01874 298
1753344775202 0.01876 299
1753344793424 0.01874 300
