1753339188043 0.0010000000474974513 1
1753339206594 0.0010000000474974513 2
1753339225062 0.0010000000474974513 3
1753339243703 0.0010000000474974513 4
1753339262496 0.0010000000474974513 5
1753339281304 0.0010000000474974513 6
1753339300181 0.0010000000474974513 7
1753339318869 0.0010000000474974513 8
1753339337759 0.0010000000474974513 9
1753339357594 0.0010000000474974513 10
1753339376336 0.0010000000474974513 11
1753339395219 0.0010000000474974513 12
1753339413963 0.0010000000474974513 13
1753339432763 0.0010000000474974513 14
1753339452378 0.0010000000474974513 15
1753339471260 0.0010000000474974513 16
1753339489679 0.0010000000474974513 17
1753339508993 0.0010000000474974513 18
1753339527943 0.0010000000474974513 19
1753339547208 0.0010000000474974513 20
1753339566344 0.0010000000474974513 21
1753339585805 0.0010000000474974513 22
1753339604913 0.0010000000474974513 23
1753339623898 0.0010000000474974513 24
1753339643182 0.0010000000474974513 25
1753339662940 0.0010000000474974513 26
1753339682065 0.0010000000474974513 27
1753339701025 0.0010000000474974513 28
1753339720015 0.0010000000474974513 29
1753339738644 0.0010000000474974513 30
1753339757813 0.0010000000474974513 31
1753339776973 0.0010000000474974513 32
1753339795823 0.0010000000474974513 33
1753339815130 0.0010000000474974513 34
1753339833913 0.0010000000474974513 35
1753339853162 0.0010000000474974513 36
1753339871744 0.0010000000474974513 37
1753339890702 0.0010000000474974513 38
1753339909460 0.0010000000474974513 39
1753339928560 0.0010000000474974513 40
1753339947364 0.0010000000474974513 41
1753339966328 0.0010000000474974513 42
1753339985884 0.0010000000474974513 43
1753340005246 0.0010000000474974513 44
1753340023682 0.0010000000474974513 45
1753340042611 0.0010000000474974513 46
1753340061703 0.0010000000474974513 47
1753340081017 0.0010000000474974513 48
1753340100095 0.0010000000474974513 49
1753340118640 0.0010000000474974513 50
1753340137519 0.0010000000474974513 51
1753340156509 0.0010000000474974513 52
1753340175381 0.0010000000474974513 53
1753340194194 0.0010000000474974513 54
1753340213140 0.0010000000474974513 55
1753340232470 0.0010000000474974513 56
1753340251305 0.0010000000474974513 57
1753340269824 0.0010000000474974513 58
1753340288943 0.0010000000474974513 59
1753340308465 0.0010000000474974513 60
1753340327342 0.0010000000474974513 61
1753340345983 0.0010000000474974513 62
1753340364985 0.0010000000474974513 63
1753340384259 0.0010000000474974513 64
1753340403473 0.0010000000474974513 65
1753340422322 0.0010000000474974513 66
1753340441119 0.0010000000474974513 67
1753340460079 0.0010000000474974513 68
1753340478687 0.0010000000474974513 69
1753340497478 0.0010000000474974513 70
1753340515717 0.0010000000474974513 71
1753340534260 0.0010000000474974513 72
1753340552865 0.0010000000474974513 73
1753340571520 0.0010000000474974513 74
1753340590038 0.0010000000474974513 75
1753340608860 0.0010000000474974513 76
1753340627769 0.00020000000949949026 77
1753340646942 0.00020000000949949026 78
1753340665312 0.00020000000949949026 79
1753340683681 0.00020000000949949026 80
1753340701890 0.00020000000949949026 81
1753340720685 0.00020000000949949026 82
1753340739230 0.00020000000949949026 83
1753340758058 0.00020000000949949026 84
1753340776741 0.00020000000949949026 85
1753340795331 4.0000002627493814e-05 86
1753340813949 4.0000002627493814e-05 87
1753340833031 4.0000002627493814e-05 88
1753340851847 4.0000002627493814e-05 89
1753340870484 4.0000002627493814e-05 90
1753340888838 4.0000002627493814e-05 91
1753340907841 4.0000002627493814e-05 92
1753340926542 4.0000002627493814e-05 93
1753340945576 4.0000002627493814e-05 94
1753340964212 8.000000889296643e-06 95
1753340982852 8.000000889296643e-06 96
1753341001641 8.000000889296643e-06 97
1753341020658 8.000000889296643e-06 98
1753341039352 8.000000889296643e-06 99
1753341057999 8.000000889296643e-06 100
1753341076737 8.000000889296643e-06 101
1753341095695 8.000000889296643e-06 102
1753341114589 8.000000889296643e-06 103
1753341133541 1.6000001323845936e-06 104
1753341151813 1.6000001323845936e-06 105
1753341171085 1.6000001323845936e-06 106
1753341189737 1.6000001323845936e-06 107
1753341208227 1.6000001323845936e-06 108
1753341227208 1.6000001323845936e-06 109
1753341245609 1.6000001323845936e-06 110
1753341264045 1.6000001323845936e-06 111
1753341282739 1.6000001323845936e-06 112
1753341302541 9.999999974752427e-07 113
1753341321309 9.999999974752427e-07 114
1753341339891 9.999999974752427e-07 115
1753341358664 9.999999974752427e-07 116
1753341377490 9.999999974752427e-07 117
1753341396428 9.999999974752427e-07 118
1753341415610 9.999999974752427e-07 119
1753341434655 9.999999974752427e-07 120
1753341452943 9.999999974752427e-07 121
1753341470989 9.999999974752427e-07 122
1753341489704 9.999999974752427e-07 123
1753341507939 9.999999974752427e-07 124
1753341526046 9.999999974752427e-07 125
1753341544005 9.999999974752427e-07 126
1753341562247 9.999999974752427e-07 127
1753341580747 9.999999974752427e-07 128
1753341599695 9.999999974752427e-07 129
1753341618842 9.999999974752427e-07 130
1753341637263 9.999999974752427e-07 131
1753341655942 9.999999974752427e-07 132
1753341674456 9.999999974752427e-07 133
1753341693126 9.999999974752427e-07 134
1753341711506 9.999999974752427e-07 135
1753341730695 9.999999974752427e-07 136
1753341748951 9.999999974752427e-07 137
1753341768044 9.999999974752427e-07 138
1753341786616 9.999999974752427e-07 139
1753341805507 9.999999974752427e-07 140
1753341823835 9.999999974752427e-07 141
1753341842148 9.999999974752427e-07 142
1753341860878 9.999999974752427e-07 143
1753341879788 9.999999974752427e-07 144
1753341898241 9.999999974752427e-07 145
1753341916976 9.999999974752427e-07 146
1753341936589 9.999999974752427e-07 147
1753341954830 9.999999974752427e-07 148
1753341973144 9.999999974752427e-07 149
1753341992051 9.999999974752427e-07 150
1753342010985 9.999999974752427e-07 151
1753342030253 9.999999974752427e-07 152
1753342049455 9.999999974752427e-07 153
1753342067973 9.999999974752427e-07 154
1753342086989 9.999999974752427e-07 155
1753342105632 9.999999974752427e-07 156
1753342124951 9.999999974752427e-07 157
1753342144014 9.999999974752427e-07 158
1753342162629 9.999999974752427e-07 159
1753342181197 9.999999974752427e-07 160
1753342199981 9.999999974752427e-07 161
1753342219296 9.999999974752427e-07 162
1753342237805 9.999999974752427e-07 163
1753342256599 9.999999974752427e-07 164
1753342275451 9.999999974752427e-07 165
1753342294203 9.999999974752427e-07 166
1753342312970 9.999999974752427e-07 167
1753342331681 9.999999974752427e-07 168
1753342350662 9.999999974752427e-07 169
1753342369323 9.999999974752427e-07 170
1753342387959 9.999999974752427e-07 171
1753342407149 9.999999974752427e-07 172
1753342426203 9.999999974752427e-07 173
1753342445015 9.999999974752427e-07 174
1753342463695 9.999999974752427e-07 175
1753342482449 9.999999974752427e-07 176
1753342501148 9.999999974752427e-07 177
1753342519841 9.999999974752427e-07 178
1753342538539 9.999999974752427e-07 179
1753342557857 9.999999974752427e-07 180
1753342577025 9.999999974752427e-07 181
1753342595509 9.999999974752427e-07 182
1753342614531 9.999999974752427e-07 183
1753342633207 9.999999974752427e-07 184
1753342651723 9.999999974752427e-07 185
1753342670199 9.999999974752427e-07 186
1753342689293 9.999999974752427e-07 187
1753342707816 9.999999974752427e-07 188
1753342726481 9.999999974752427e-07 189
1753342745176 9.999999974752427e-07 190
1753342763889 9.999999974752427e-07 191
1753342782644 9.999999974752427e-07 192
1753342801608 9.999999974752427e-07 193
1753342820284 9.999999974752427e-07 194
1753342838620 9.999999974752427e-07 195
1753342857855 9.999999974752427e-07 196
1753342876326 9.999999974752427e-07 197
1753342895209 9.999999974752427e-07 198
1753342913990 9.999999974752427e-07 199
1753342932625 9.999999974752427e-07 200
1753342951337 9.999999974752427e-07 201
1753342969851 9.999999974752427e-07 202
1753342988754 9.999999974752427e-07 203
1753343007766 9.999999974752427e-07 204
1753343026797 9.999999974752427e-07 205
1753343045615 9.999999974752427e-07 206
1753343064930 9.999999974752427e-07 207
1753343084252 9.999999974752427e-07 208
1753343102874 9.999999974752427e-07 209
1753343121473 9.999999974752427e-07 210
1753343140448 9.999999974752427e-07 211
1753343159112 9.999999974752427e-07 212
1753343178022 9.999999974752427e-07 213
1753343196823 9.999999974752427e-07 214
1753343215770 9.999999974752427e-07 215
1753343234840 9.999999974752427e-07 216
1753343253583 9.999999974752427e-07 217
1753343272105 9.999999974752427e-07 218
1753343291036 9.999999974752427e-07 219
1753343309384 9.999999974752427e-07 220
1753343328604 9.999999974752427e-07 221
1753343347268 9.999999974752427e-07 222
1753343366075 9.999999974752427e-07 223
1753343384939 9.999999974752427e-07 224
1753343403422 9.999999974752427e-07 225
1753343422057 9.999999974752427e-07 226
1753343440670 9.999999974752427e-07 227
1753343459548 9.999999974752427e-07 228
1753343477915 9.999999974752427e-07 229
1753343496427 9.999999974752427e-07 230
1753343515309 9.999999974752427e-07 231
1753343534167 9.999999974752427e-07 232
1753343553132 9.999999974752427e-07 233
1753343572340 9.999999974752427e-07 234
1753343591176 9.999999974752427e-07 235
1753343610273 9.999999974752427e-07 236
1753343629162 9.999999974752427e-07 237
1753343647489 9.999999974752427e-07 238
1753343665834 9.999999974752427e-07 239
1753343684396 9.999999974752427e-07 240
1753343702535 9.999999974752427e-07 241
1753343720813 9.999999974752427e-07 242
1753343739062 9.999999974752427e-07 243
1753343757376 9.999999974752427e-07 244
1753343776117 9.999999974752427e-07 245
1753343794620 9.999999974752427e-07 246
1753343813808 9.999999974752427e-07 247
1753343832309 9.999999974752427e-07 248
1753343850611 9.999999974752427e-07 249
1753343869244 9.999999974752427e-07 250
1753343887665 9.999999974752427e-07 251
1753343906379 9.999999974752427e-07 252
1753343925139 9.999999974752427e-07 253
1753343943895 9.999999974752427e-07 254
1753343962118 9.999999974752427e-07 255
1753343980880 9.999999974752427e-07 256
1753343999470 9.999999974752427e-07 257
1753344018564 9.999999974752427e-07 258
1753344036710 9.999999974752427e-07 259
1753344055410 9.999999974752427e-07 260
1753344074295 9.999999974752427e-07 261
1753344093010 9.999999974752427e-07 262
1753344111766 9.999999974752427e-07 263
1753344130590 9.999999974752427e-07 264
1753344149933 9.999999974752427e-07 265
1753344168704 9.999999974752427e-07 266
1753344187843 9.999999974752427e-07 267
1753344207182 9.999999974752427e-07 268
1753344226207 9.999999974752427e-07 269
1753344245216 9.999999974752427e-07 270
1753344264043 9.999999974752427e-07 271
1753344282347 9.999999974752427e-07 272
1753344301028 9.999999974752427e-07 273
1753344319143 9.999999974752427e-07 274
1753344337897 9.999999974752427e-07 275
1753344356737 9.999999974752427e-07 276
1753344375618 9.999999974752427e-07 277
1753344394164 9.999999974752427e-07 278
1753344413047 9.999999974752427e-07 279
1753344431426 9.999999974752427e-07 280
1753344450570 9.999999974752427e-07 281
1753344469019 9.999999974752427e-07 282
1753344487617 9.999999974752427e-07 283
1753344506522 9.999999974752427e-07 284
1753344525755 9.999999974752427e-07 285
1753344544062 9.999999974752427e-07 286
1753344563182 9.999999974752427e-07 287
1753344582125 9.999999974752427e-07 288
1753344600998 9.999999974752427e-07 289
1753344620031 9.999999974752427e-07 290
1753344638757 9.999999974752427e-07 291
1753344656990 9.999999974752427e-07 292
1753344675798 9.999999974752427e-07 293
1753344695127 9.999999974752427e-07 294
1753344714084 9.999999974752427e-07 295
1753344732515 9.999999974752427e-07 296
1753344751110 9.999999974752427e-07 297
1753344770335 9.999999974752427e-07 298
1753344788618 9.999999974752427e-07 299
1753344807404 9.999999974752427e-07 300
