1753327742502 1.0 0
1753327761425 2.0 0
1753327780128 3.0 0
1753327798995 4.0 0
1753327817659 5.0 0
1753327836095 6.0 0
1753327854704 7.0 0
1753327873321 8.0 0
1753327892390 9.0 0
1753327911803 10.0 0
1753327931471 11.0 0
1753327950890 12.0 0
1753327969979 13.0 0
1753327988469 14.0 0
1753328007217 15.0 0
1753328025771 16.0 0
1753328044750 17.0 0
1753328063633 18.0 0
1753328082884 19.0 0
1753328101745 20.0 0
1753328120438 21.0 0
1753328139261 22.0 0
1753328157944 23.0 0
1753328176405 24.0 0
1753328195579 25.0 0
1753328214251 26.0 0
1753328233019 27.0 0
1753328251656 28.0 0
1753328271148 29.0 0
1753328289794 30.0 0
1753328308479 31.0 0
1753328327632 32.0 0
1753328346354 33.0 0
1753328365094 34.0 0
1753328384171 35.0 0
1753328402989 36.0 0
1753328421770 37.0 0
1753328440677 38.0 0
1753328459387 39.0 0
1753328496998 41.0 0
1753328553794 44.0 0
1753328572284 45.0 0
1753328610260 47.0 0
1753328629469 48.0 0
1753328648607 49.0 0
1753328667502 50.0 0
1753328686869 51.0 0
1753328744175 54.0 0
1753328839703 59.0 0
1753328858331 60.0 0
1753328877206 61.0 0
1753328933115 64.0 0
