1753327728003 0.54887 1
1753327747317 0.44282 2
1753327766251 0.39202 3
1753327785042 0.34818 4
1753327803911 0.30825 5
1753327822457 0.27198 6
1753327840908 0.23946 7
1753327859570 0.21062 8
1753327878148 0.18539 9
1753327897281 0.16343 10
1753327916637 0.14452 11
1753327936335 0.12834 12
1753327955712 0.11456 13
1753327974777 0.10278 14
1753327993313 0.0927 15
1753328012050 0.0841 16
1753328030497 0.07673 17
1753328049621 0.07039 18
1753328068401 0.06495 19
1753328087723 0.0602 20
1753328106609 0.05611 21
1753328125254 0.05254 22
1753328144037 0.04936 23
1753328162812 0.04645 24
1753328181210 0.04307 25
1753328200319 0.04053 26
1753328219026 0.03857 27
1753328237874 0.03691 28
1753328256447 0.03544 29
1753328275900 0.0341 30
1753328294524 0.0329 31
1753328313330 0.03182 32
1753328332395 0.03091 33
1753328351225 0.03005 34
1753328369882 0.02926 35
1753328388993 0.02855 36
1753328407800 0.02786 37
1753328426593 0.02724 38
1753328445525 0.02672 39
1753328464182 0.02619 40
1753328483061 0.02573 41
1753328501843 0.02526 42
1753328520808 0.02492 43
1753328539917 0.02455 44
1753328558601 0.02418 45
1753328577099 0.02388 46
1753328595988 0.02352 47
1753328615134 0.0233 48
1753328634296 0.02302 49
1753328653409 0.02278 50
1753328672327 0.02254 51
1753328691648 0.02227 52
1753328710771 0.02211 53
1753328729958 0.02193 54
1753328748991 0.02174 55
1753328767800 0.02155 56
1753328787157 0.0214 57
1753328806280 0.02124 58
1753328825342 0.02111 59
1753328844436 0.02097 60
1753328863212 0.02081 61
1753328882026 0.02071 62
1753328900556 0.02059 63
1753328918990 0.02046 64
1753328937927 0.02036 65
1753328956501 0.02029 66
1753328975278 0.02018 67
1753328993876 0.02005 68
1753329012774 0.01999 69
1753329031305 0.01989 70
1753329050123 0.01981 71
1753329068815 0.01975 72
1753329087432 0.01965 73
1753329105982 0.0195 74
1753329125004 0.01944 75
1753329143776 0.0194 76
1753329162775 0.01936 77
1753329181788 0.01932 78
1753329201066 0.01929 79
1753329219532 0.0193 80
1753329238537 0.01928 81
1753329257455 0.01925 82
1753329275856 0.01922 83
1753329294805 0.01922 84
1753329313739 0.0192 85
1753329332412 0.01916 86
1753329351683 0.01916 87
1753329370777 0.01918 88
1753329390168 0.01915 89
1753329409256 0.01917 90
1753329428254 0.01916 91
1753329446895 0.01917 92
1753329466010 0.01918 93
1753329484993 0.01915 94
1753329503440 0.01914 95
1753329522285 0.01915 96
1753329541521 0.01914 97
1753329560342 0.01915 98
1753329579190 0.01915 99
1753329597993 0.01916 100
1753329616383 0.01913 101
1753329636131 0.01916 102
1753329655761 0.01915 103
1753329674553 0.01916 104
1753329693120 0.01914 105
1753329712167 0.01911 106
1753329730841 0.01912 107
1753329749740 0.01916 108
1753329768855 0.01915 109
1753329787708 0.01914 110
1753329806381 0.01914 111
1753329825257 0.01912 112
1753329844287 0.01915 113
1753329863633 0.01912 114
1753329882519 0.01911 115
1753329901108 0.01915 116
1753329920874 0.01914 117
1753329940014 0.01915 118
1753329958760 0.01912 119
1753329977408 0.01914 120
1753329996517 0.01912 121
1753330015357 0.01913 122
1753330034427 0.01913 123
1753330053652 0.01916 124
1753330072374 0.01916 125
1753330091237 0.01912 126
1753330110259 0.01914 127
1753330128782 0.01913 128
1753330147546 0.01914 129
1753330166847 0.01914 130
1753330185890 0.01913 131
1753330204539 0.01913 132
1753330223538 0.01913 133
1753330242088 0.01914 134
1753330260387 0.01913 135
1753330279187 0.01911 136
1753330297992 0.01915 137
1753330316976 0.01914 138
1753330335824 0.01914 139
1753330354781 0.01914 140
1753330373592 0.01913 141
1753330392749 0.01916 142
1753330411496 0.01915 143
1753330430281 0.01913 144
1753330449086 0.01912 145
1753330468049 0.01913 146
1753330486988 0.01912 147
1753330506215 0.01913 148
1753330524987 0.01912 149
1753330543477 0.01916 150
1753330562585 0.01914 151
1753330582122 0.01915 152
1753330600963 0.01911 153
1753330620181 0.01913 154
1753330638785 0.01915 155
1753330657544 0.01913 156
1753330676495 0.01912 157
1753330695431 0.01911 158
1753330713970 0.01913 159
1753330733021 0.01912 160
1753330751975 0.01912 161
1753330770930 0.01911 162
1753330789964 0.01911 163
1753330809169 0.01912 164
1753330828147 0.01914 165
1753330847084 0.01914 166
1753330865773 0.01913 167
1753330884641 0.01914 168
1753330903117 0.01911 169
1753330921491 0.01915 170
1753330940207 0.0191 171
1753330959377 0.01912 172
1753330978461 0.01911 173
1753330997290 0.0191 174
1753331015737 0.01912 175
1753331034480 0.01911 176
1753331053282 0.01913 177
1753331072591 0.0191 178
1753331091737 0.01914 179
1753331110377 0.01912 180
1753331129308 0.0191 181
1753331148360 0.01911 182
1753331167081 0.0191 183
1753331186189 0.01909 184
1753331204633 0.0191 185
1753331223500 0.01913 186
1753331242583 0.0191 187
1753331261759 0.01913 188
1753331280595 0.01912 189
1753331299693 0.01914 190
1753331318422 0.01912 191
1753331337004 0.01911 192
1753331355966 0.01912 193
1753331374694 0.01914 194
1753331393410 0.01911 195
1753331412106 0.01912 196
1753331431497 0.01911 197
1753331450403 0.0191 198
1753331469290 0.0191 199
1753331488022 0.01911 200
1753331506916 0.01911 201
1753331525449 0.0191 202
1753331544659 0.01911 203
1753331563716 0.01914 204
1753331582839 0.0191 205
1753331601786 0.01912 206
1753331620925 0.01911 207
1753331639806 0.01913 208
1753331659478 0.0191 209
1753331678517 0.01909 210
1753331697375 0.01911 211
1753331716464 0.01908 212
1753331736028 0.01911 213
1753331754888 0.0191 214
1753331773346 0.01912 215
1753331792458 0.01911 216
1753331810945 0.01909 217
1753331829774 0.01912 218
1753331848705 0.01911 219
1753331867512 0.0191 220
1753331886469 0.01912 221
1753331905230 0.01911 222
1753331924087 0.01914 223
1753331943010 0.01909 224
1753331962028 0.01912 225
1753331980660 0.01908 226
1753331999437 0.01911 227
1753332018729 0.01908 228
1753332037901 0.0191 229
1753332057163 0.0191 230
1753332076159 0.01909 231
1753332095240 0.01909 232
1753332114064 0.01911 233
1753332132766 0.01909 234
1753332151449 0.0191 235
1753332170157 0.0191 236
1753332188946 0.0191 237
1753332208265 0.01909 238
1753332227174 0.01909 239
1753332246466 0.0191 240
1753332265542 0.01911 241
1753332284816 0.01908 242
1753332303952 0.01912 243
1753332322703 0.01909 244
1753332342259 0.01908 245
1753332361108 0.0191 246
1753332379815 0.01912 247
1753332399110 0.01907 248
1753332418385 0.01909 249
1753332437014 0.01906 250
1753332456449 0.01909 251
1753332476323 0.0191 252
1753332494894 0.0191 253
1753332513711 0.01909 254
1753332532463 0.01908 255
1753332551125 0.01908 256
1753332569889 0.01908 257
1753332588916 0.01907 258
1753332607628 0.01909 259
1753332626415 0.01909 260
1753332645339 0.01911 261
1753332664354 0.01908 262
1753332683212 0.01907 263
1753332702457 0.01907 264
1753332721269 0.0191 265
1753332740160 0.01909 266
1753332758973 0.01907 267
1753332777751 0.01906 268
1753332796709 0.01907 269
1753332815721 0.01908 270
1753332834245 0.01907 271
1753332853559 0.01908 272
1753332872192 0.01908 273
1753332890908 0.01908 274
1753332909774 0.01908 275
1753332928473 0.01905 276
1753332947896 0.01906 277
1753332966453 0.0191 278
1753332985383 0.01907 279
1753333004453 0.01907 280
1753333023268 0.01907 281
1753333041878 0.01908 282
1753333060546 0.01907 283
1753333079167 0.01905 284
1753333098122 0.01906 285
1753333117367 0.01905 286
1753333136166 0.01909 287
1753333155072 0.01906 288
1753333174196 0.01907 289
1753333193440 0.01906 290
1753333212442 0.01907 291
1753333231383 0.01906 292
1753333250067 0.01906 293
1753333268883 0.01904 294
1753333287741 0.01905 295
1753333306254 0.01907 296
1753333325068 0.01905 297
1753333343828 0.01905 298
1753333363222 0.01906 299
1753333381878 0.01907 300
