1753327742508 0.0010000000474974513 1
1753327761436 0.0010000000474974513 2
1753327780138 0.0010000000474974513 3
1753327799002 0.0010000000474974513 4
1753327817664 0.0010000000474974513 5
1753327836099 0.0010000000474974513 6
1753327854711 0.0010000000474974513 7
1753327873326 0.0010000000474974513 8
1753327892394 0.0010000000474974513 9
1753327911812 0.0010000000474974513 10
1753327931483 0.0010000000474974513 11
1753327950899 0.0010000000474974513 12
1753327969985 0.0010000000474974513 13
1753327988475 0.0010000000474974513 14
1753328007223 0.0010000000474974513 15
1753328025777 0.0010000000474974513 16
1753328044757 0.0010000000474974513 17
1753328063641 0.0010000000474974513 18
1753328082892 0.0010000000474974513 19
1753328101754 0.0010000000474974513 20
1753328120444 0.0010000000474974513 21
1753328139267 0.0010000000474974513 22
1753328157951 0.0010000000474974513 23
1753328176411 0.0010000000474974513 24
1753328195585 0.0010000000474974513 25
1753328214259 0.0010000000474974513 26
1753328233027 0.0010000000474974513 27
1753328251667 0.0010000000474974513 28
1753328271156 0.0010000000474974513 29
1753328289800 0.0010000000474974513 30
1753328308484 0.0010000000474974513 31
1753328327638 0.0010000000474974513 32
1753328346360 0.0010000000474974513 33
1753328365103 0.0010000000474974513 34
1753328384180 0.0010000000474974513 35
1753328402997 0.0010000000474974513 36
1753328421775 0.0010000000474974513 37
1753328440684 0.0010000000474974513 38
1753328459392 0.0010000000474974513 39
1753328478216 0.0010000000474974513 40
1753328497004 0.0010000000474974513 41
1753328515916 0.0010000000474974513 42
1753328535133 0.0010000000474974513 43
1753328553803 0.0010000000474974513 44
1753328572289 0.0010000000474974513 45
1753328591139 0.0010000000474974513 46
1753328610266 0.0010000000474974513 47
1753328629475 0.0010000000474974513 48
1753328648612 0.0010000000474974513 49
1753328667512 0.0010000000474974513 50
1753328686877 0.0010000000474974513 51
1753328705934 0.0010000000474974513 52
1753328725114 0.0010000000474974513 53
1753328744181 0.0010000000474974513 54
1753328762962 0.0010000000474974513 55
1753328782302 0.0010000000474974513 56
1753328801480 0.0010000000474974513 57
1753328820504 0.0010000000474974513 58
1753328839713 0.0010000000474974513 59
1753328858342 0.0010000000474974513 60
1753328877211 0.0010000000474974513 61
1753328895801 0.0010000000474974513 62
1753328914176 0.0010000000474974513 63
1753328933121 0.0010000000474974513 64
1753328951642 0.0010000000474974513 65
1753328970400 0.0010000000474974513 66
1753328989027 0.0010000000474974513 67
1753329007931 0.0010000000474974513 68
1753329026428 0.0010000000474974513 69
1753329045285 0.0010000000474974513 70
1753329063918 0.0010000000474974513 71
1753329082614 0.0010000000474974513 72
1753329101177 0.00020000000949949026 73
1753329120168 0.00020000000949949026 74
1753329138998 0.00020000000949949026 75
1753329157951 0.00020000000949949026 76
1753329176902 0.00020000000949949026 77
1753329196215 0.00020000000949949026 78
1753329214713 0.00020000000949949026 79
1753329233717 0.00020000000949949026 80
1753329252644 0.00020000000949949026 81
1753329271039 4.0000002627493814e-05 82
1753329289990 4.0000002627493814e-05 83
1753329308925 4.0000002627493814e-05 84
1753329327599 4.0000002627493814e-05 85
1753329346856 4.0000002627493814e-05 86
1753329365933 4.0000002627493814e-05 87
1753329385335 4.0000002627493814e-05 88
1753329404525 4.0000002627493814e-05 89
1753329423416 4.0000002627493814e-05 90
1753329442069 8.000000889296643e-06 91
1753329461208 8.000000889296643e-06 92
1753329480184 8.000000889296643e-06 93
1753329498651 8.000000889296643e-06 94
1753329517506 8.000000889296643e-06 95
1753329536710 8.000000889296643e-06 96
1753329555535 8.000000889296643e-06 97
1753329574369 8.000000889296643e-06 98
1753329593169 8.000000889296643e-06 99
1753329611479 1.6000001323845936e-06 100
1753329631032 1.6000001323845936e-06 101
1753329650942 1.6000001323845936e-06 102
1753329669710 1.6000001323845936e-06 103
1753329688326 1.6000001323845936e-06 104
1753329707359 1.6000001323845936e-06 105
1753329726021 1.6000001323845936e-06 106
1753329744868 1.6000001323845936e-06 107
1753329763953 1.6000001323845936e-06 108
1753329782904 9.999999974752427e-07 109
1753329801571 9.999999974752427e-07 110
1753329820401 9.999999974752427e-07 111
1753329839515 9.999999974752427e-07 112
1753329858803 9.999999974752427e-07 113
1753329877727 9.999999974752427e-07 114
1753329896332 9.999999974752427e-07 115
1753329916056 9.999999974752427e-07 116
1753329935191 9.999999974752427e-07 117
1753329953931 9.999999974752427e-07 118
1753329972597 9.999999974752427e-07 119
1753329991653 9.999999974752427e-07 120
1753330010530 9.999999974752427e-07 121
1753330029582 9.999999974752427e-07 122
1753330048828 9.999999974752427e-07 123
1753330067559 9.999999974752427e-07 124
1753330086408 9.999999974752427e-07 125
1753330105376 9.999999974752427e-07 126
1753330123919 9.999999974752427e-07 127
1753330142742 9.999999974752427e-07 128
1753330161956 9.999999974752427e-07 129
1753330181074 9.999999974752427e-07 130
1753330199706 9.999999974752427e-07 131
1753330218709 9.999999974752427e-07 132
1753330237221 9.999999974752427e-07 133
1753330255537 9.999999974752427e-07 134
1753330274398 9.999999974752427e-07 135
1753330293162 9.999999974752427e-07 136
1753330312140 9.999999974752427e-07 137
1753330331030 9.999999974752427e-07 138
1753330349996 9.999999974752427e-07 139
1753330368762 9.999999974752427e-07 140
1753330387998 9.999999974752427e-07 141
1753330406730 9.999999974752427e-07 142
1753330425456 9.999999974752427e-07 143
1753330444248 9.999999974752427e-07 144
1753330463226 9.999999974752427e-07 145
1753330482078 9.999999974752427e-07 146
1753330501393 9.999999974752427e-07 147
1753330520166 9.999999974752427e-07 148
1753330538613 9.999999974752427e-07 149
1753330557697 9.999999974752427e-07 150
1753330577281 9.999999974752427e-07 151
1753330596071 9.999999974752427e-07 152
1753330615340 9.999999974752427e-07 153
1753330633912 9.999999974752427e-07 154
1753330652652 9.999999974752427e-07 155
1753330671642 9.999999974752427e-07 156
1753330690548 9.999999974752427e-07 157
1753330709128 9.999999974752427e-07 158
1753330728161 9.999999974752427e-07 159
1753330747082 9.999999974752427e-07 160
1753330766030 9.999999974752427e-07 161
1753330785082 9.999999974752427e-07 162
1753330804285 9.999999974752427e-07 163
1753330823287 9.999999974752427e-07 164
1753330842187 9.999999974752427e-07 165
1753330860940 9.999999974752427e-07 166
1753330879830 9.999999974752427e-07 167
1753330898223 9.999999974752427e-07 168
1753330916665 9.999999974752427e-07 169
1753330935409 9.999999974752427e-07 170
1753330954455 9.999999974752427e-07 171
1753330973630 9.999999974752427e-07 172
1753330992472 9.999999974752427e-07 173
1753331010944 9.999999974752427e-07 174
1753331029701 9.999999974752427e-07 175
1753331048416 9.999999974752427e-07 176
1753331067743 9.999999974752427e-07 177
1753331086900 9.999999974752427e-07 178
1753331105536 9.999999974752427e-07 179
1753331124474 9.999999974752427e-07 180
1753331143541 9.999999974752427e-07 181
1753331162244 9.999999974752427e-07 182
1753331181359 9.999999974752427e-07 183
1753331199811 9.999999974752427e-07 184
1753331218698 9.999999974752427e-07 185
1753331237778 9.999999974752427e-07 186
1753331256943 9.999999974752427e-07 187
1753331275754 9.999999974752427e-07 188
1753331294815 9.999999974752427e-07 189
1753331313557 9.999999974752427e-07 190
1753331332175 9.999999974752427e-07 191
1753331351067 9.999999974752427e-07 192
1753331369854 9.999999974752427e-07 193
1753331388575 9.999999974752427e-07 194
1753331407272 9.999999974752427e-07 195
1753331426702 9.999999974752427e-07 196
1753331445553 9.999999974752427e-07 197
1753331464443 9.999999974752427e-07 198
1753331483172 9.999999974752427e-07 199
1753331502051 9.999999974752427e-07 200
1753331520572 9.999999974752427e-07 201
1753331539755 9.999999974752427e-07 202
1753331558849 9.999999974752427e-07 203
1753331578009 9.999999974752427e-07 204
1753331596938 9.999999974752427e-07 205
1753331616072 9.999999974752427e-07 206
1753331634968 9.999999974752427e-07 207
1753331654458 9.999999974752427e-07 208
1753331673695 9.999999974752427e-07 209
1753331692587 9.999999974752427e-07 210
1753331711726 9.999999974752427e-07 211
1753331731199 9.999999974752427e-07 212
1753331750054 9.999999974752427e-07 213
1753331768521 9.999999974752427e-07 214
1753331787644 9.999999974752427e-07 215
1753331806110 9.999999974752427e-07 216
1753331825003 9.999999974752427e-07 217
1753331843876 9.999999974752427e-07 218
1753331862678 9.999999974752427e-07 219
1753331881619 9.999999974752427e-07 220
1753331900413 9.999999974752427e-07 221
1753331919252 9.999999974752427e-07 222
1753331938290 9.999999974752427e-07 223
1753331957272 9.999999974752427e-07 224
1753331975828 9.999999974752427e-07 225
1753331994604 9.999999974752427e-07 226
1753332013895 9.999999974752427e-07 227
1753332033066 9.999999974752427e-07 228
1753332052314 9.999999974752427e-07 229
1753332071331 9.999999974752427e-07 230
1753332090440 9.999999974752427e-07 231
1753332109231 9.999999974752427e-07 232
1753332127891 9.999999974752427e-07 233
1753332146624 9.999999974752427e-07 234
1753332165329 9.999999974752427e-07 235
1753332184090 9.999999974752427e-07 236
1753332203428 9.999999974752427e-07 237
1753332222344 9.999999974752427e-07 238
1753332241618 9.999999974752427e-07 239
1753332260656 9.999999974752427e-07 240
1753332279929 9.999999974752427e-07 241
1753332299143 9.999999974752427e-07 242
1753332317859 9.999999974752427e-07 243
1753332337453 9.999999974752427e-07 244
1753332356334 9.999999974752427e-07 245
1753332375062 9.999999974752427e-07 246
1753332394319 9.999999974752427e-07 247
1753332413473 9.999999974752427e-07 248
1753332432159 9.999999974752427e-07 249
1753332451612 9.999999974752427e-07 250
1753332471511 9.999999974752427e-07 251
1753332490040 9.999999974752427e-07 252
1753332508825 9.999999974752427e-07 253
1753332527620 9.999999974752427e-07 254
1753332546298 9.999999974752427e-07 255
1753332564995 9.999999974752427e-07 256
1753332584123 9.999999974752427e-07 257
1753332602866 9.999999974752427e-07 258
1753332621569 9.999999974752427e-07 259
1753332640458 9.999999974752427e-07 260
1753332659512 9.999999974752427e-07 261
1753332678372 9.999999974752427e-07 262
1753332697602 9.999999974752427e-07 263
1753332716441 9.999999974752427e-07 264
1753332735324 9.999999974752427e-07 265
1753332754174 9.999999974752427e-07 266
1753332772930 9.999999974752427e-07 267
1753332791963 9.999999974752427e-07 268
1753332810905 9.999999974752427e-07 269
1753332829395 9.999999974752427e-07 270
1753332848750 9.999999974752427e-07 271
1753332867387 9.999999974752427e-07 272
1753332886058 9.999999974752427e-07 273
1753332904889 9.999999974752427e-07 274
1753332923616 9.999999974752427e-07 275
1753332943014 9.999999974752427e-07 276
1753332961587 9.999999974752427e-07 277
1753332980566 9.999999974752427e-07 278
1753332999641 9.999999974752427e-07 279
1753333018438 9.999999974752427e-07 280
1753333037047 9.999999974752427e-07 281
1753333055666 9.999999974752427e-07 282
1753333074283 9.999999974752427e-07 283
1753333093249 9.999999974752427e-07 284
1753333112562 9.999999974752427e-07 285
1753333131392 9.999999974752427e-07 286
1753333150275 9.999999974752427e-07 287
1753333169457 9.999999974752427e-07 288
1753333188645 9.999999974752427e-07 289
1753333207538 9.999999974752427e-07 290
1753333226503 9.999999974752427e-07 291
1753333245256 9.999999974752427e-07 292
1753333263994 9.999999974752427e-07 293
1753333282942 9.999999974752427e-07 294
1753333301452 9.999999974752427e-07 295
1753333320232 9.999999974752427e-07 296
1753333339014 9.999999974752427e-07 297
1753333358352 9.999999974752427e-07 298
1753333376997 9.999999974752427e-07 299
1753333396026 9.999999974752427e-07 300
