1752951687669 1.0 0
1752951737694 2.0 0
1752951787942 3.0 0
1752951838024 4.0 0
1752951887809 5.0 0
1752951937734 6.0 0
1752951987801 7.0 0
1752952038180 8.0 0
1752952088241 9.0 0
1752952138910 10.0 0
1752952189097 11.0 0
1752952238882 12.0 0
1752952289095 13.0 0
1752952339847 14.0 0
1752952390406 15.0 0
1752952440550 16.0 0
1752952490882 17.0 0
1752952541012 18.0 0
1752952591362 19.0 0
1752952641539 20.0 0
1752952693192 21.0 0
1752952743027 22.0 0
1752952792676 23.0 0
1752952992941 27.0 0
1752953093817 29.0 0
1752953445482 36.0 0
