1752951658878 0.46954 1
1752951713645 0.29419 2
1752951763615 0.17956 3
1752951813842 0.11338 4
1752951863904 0.07792 5
1752951913832 0.05808 6
1752951963796 0.04628 7
1752952013779 0.03886 8
1752952064040 0.03393 9
1752952114367 0.03052 10
1752952164953 0.02808 11
1752952215022 0.02625 12
1752952264919 0.02488 13
1752952315280 0.02381 14
1752952365951 0.02293 15
1752952416456 0.02226 16
1752952466593 0.0217 17
1752952516633 0.02121 18
1752952567076 0.02083 19
1752952617494 0.02048 20
1752952667578 0.02022 21
1752952719279 0.01997 22
1752952769055 0.01976 23
1752952818767 0.01955 24
1752952868451 0.01938 25
1752952918243 0.01925 26
1752952968425 0.01914 27
1752953018944 0.019 28
1752953069476 0.0189 29
1752953119775 0.0188 30
1752953169973 0.01871 31
1752953220317 0.01863 32
1752953270424 0.01857 33
1752953320399 0.01852 34
1752953370571 0.01845 35
1752953420610 0.01839 36
1752953471662 0.01835 37
1752953522061 0.0183 38
1752953572417 0.01824 39
1752953622431 0.0182 40
1752953672290 0.01819 41
1752953722075 0.01813 42
1752953771930 0.01811 43
1752953822030 0.01808 44
1752953871974 0.01805 45
1752953922157 0.01801 46
1752953971924 0.01799 47
1752954022327 0.01797 48
