1753344235901 1.0 0
1753344253556 2.0 0
1753344270986 3.0 0
1753344289532 4.0 0
1753344307853 5.0 0
1753344325625 6.0 0
1753344343918 7.0 0
1753344361416 8.0 0
1753344378939 9.0 0
1753344396077 10.0 0
1753344413500 11.0 0
1753344448662 13.0 0
1753344466436 14.0 0
1753344483991 15.0 0
1753344501492 16.0 0
1753344519038 17.0 0
1753344536693 18.0 0
1753344554353 19.0 0
1753344572438 20.0 0
1753344590178 21.0 0
1753344607795 22.0 0
1753344625213 23.0 0
1753344642757 24.0 0
1753344660203 25.0 0
1753344677364 26.0 0
1753344694923 27.0 0
1753344712464 28.0 0
1753344729930 29.0 0
1753344747687 30.0 0
1753344765220 31.0 0
1753344782810 32.0 0
1753344800471 33.0 0
1753344817872 34.0 0
1753344835995 35.0 0
1753344853680 36.0 0
1753344871043 37.0 0
1753344888561 38.0 0
1753344905874 39.0 0
1753344923389 40.0 0
1753344940843 41.0 0
1753344958539 42.0 0
1753344976119 43.0 0
1753344993782 44.0 0
1753345028493 46.0 0
1753345046082 47.0 0
1753345063801 48.0 0
1753345081689 49.0 0
1753345099233 50.0 0
1753345116895 51.0 0
1753345134446 52.0 0
1753345151935 53.0 0
1753345186732 55.0 0
1753345204059 56.0 0
1753345221513 57.0 0
1753345238919 58.0 0
1753345309157 62.0 0
1753345326822 63.0 0
1753345361956 65.0 0
1753345379928 66.0 0
1753345415165 68.0 0
1753345432414 69.0 0
1753345572298 77.0 0
1753345642468 81.0 0
