1753344221243 0.74252 1
1753344239125 0.63349 2
1753344256750 0.58185 3
1753344274219 0.53482 4
1753344292757 0.49151 5
1753344311066 0.44895 6
1753344328827 0.40926 7
1753344347102 0.37218 8
1753344364665 0.3381 9
1753344382094 0.30655 10
1753344399244 0.27829 11
1753344416686 0.25207 12
1753344434194 0.22872 13
1753344451868 0.208 14
1753344469657 0.18915 15
1753344487175 0.17033 16
1753344504680 0.15457 17
1753344522254 0.14101 18
1753344539833 0.1297 19
1753344557566 0.11865 20
1753344575663 0.10915 21
1753344593363 0.10061 22
1753344610950 0.09313 23
1753344628376 0.08644 24
1753344645934 0.08043 25
1753344663333 0.07507 26
1753344680559 0.07034 27
1753344698060 0.06624 28
1753344715590 0.06237 29
1753344733085 0.05947 30
1753344750905 0.0561 31
1753344768422 0.05322 32
1753344785997 0.05072 33
1753344803629 0.04842 34
1753344821035 0.04642 35
1753344839147 0.04456 36
1753344856808 0.04294 37
1753344874196 0.04143 38
1753344891722 0.04006 39
1753344909094 0.03877 40
1753344926524 0.03767 41
1753344944007 0.03658 42
1753344961707 0.0357 43
1753344979333 0.03478 44
1753344996951 0.03395 45
1753345014116 0.03325 46
1753345031705 0.03246 47
1753345049256 0.03187 48
1753345066944 0.03123 49
1753345084898 0.03071 50
1753345102370 0.03016 51
1753345120089 0.02966 52
1753345137626 0.02922 53
1753345155150 0.02879 54
1753345172839 0.0284 55
1753345189939 0.028 56
1753345207214 0.02768 57
1753345224666 0.02743 58
1753345242069 0.02707 59
1753345259696 0.02681 60
1753345277328 0.02652 61
1753345294770 0.02626 62
1753345312351 0.02599 63
1753345329971 0.0258 64
1753345347506 0.02555 65
1753345365159 0.02537 66
1753345383080 0.02512 67
1753345400534 0.02493 68
1753345418306 0.02324 69
1753345435583 0.02231 70
1753345452724 0.02209 71
1753345470075 0.02187 72
1753345487528 0.02172 73
1753345505132 0.02158 74
1753345522565 0.02144 75
1753345540137 0.02129 76
1753345557694 0.02113 77
1753345575430 0.02103 78
1753345593018 0.02098 79
1753345610557 0.02086 80
1753345627830 0.02073 81
1753345645644 0.02059 82
1753345663752 0.02053 83
1753345681106 0.0204 84
1753345698826 0.02033 85
1753345716431 0.02025 86
1753345733764 0.0201 87
1753345751430 0.02006 88
1753345768944 0.02004 89
1753345786471 0.01993 90
1753345804201 0.01973 91
1753345821763 0.01966 92
1753345839364 0.01959 93
1753345856660 0.01954 94
1753345874211 0.01956 95
1753345891739 0.01954 96
1753345909428 0.01951 97
1753345927145 0.0195 98
1753345944863 0.01947 99
1753345962425 0.01944 100
1753345979858 0.01941 101
1753345997530 0.01941 102
1753346015165 0.01942 103
1753346032763 0.01941 104
1753346050272 0.01937 105
1753346067803 0.01938 106
1753346085417 0.01936 107
1753346102743 0.0194 108
1753346120328 0.01937 109
1753346137604 0.01938 110
1753346154702 0.01933 111
1753346172159 0.01937 112
1753346190163 0.01935 113
1753346207582 0.01937 114
1753346225324 0.01939 115
1753346243225 0.01937 116
1753346260624 0.01938 117
1753346278215 0.01934 118
1753346295925 0.01932 119
1753346313179 0.01935 120
1753346330864 0.01939 121
1753346348499 0.01935 122
1753346366077 0.01933 123
1753346383342 0.01936 124
1753346401145 0.01935 125
1753346418091 0.01935 126
1753346435642 0.01932 127
1753346453368 0.01934 128
1753346471243 0.01935 129
1753346488943 0.01932 130
1753346506481 0.01931 131
1753346524113 0.01939 132
1753346541650 0.01935 133
1753346559309 0.01933 134
1753346576755 0.01933 135
1753346594269 0.01937 136
1753346611639 0.01933 137
1753346629087 0.01933 138
1753346646500 0.01933 139
1753346664184 0.01933 140
1753346681850 0.01933 141
1753346699476 0.01933 142
1753346717271 0.01935 143
1753346734738 0.01934 144
1753346752187 0.01933 145
1753346769541 0.01936 146
1753346787005 0.01936 147
1753346804618 0.01931 148
1753346821706 0.01934 149
1753346838950 0.01937 150
1753346856586 0.01933 151
1753346874282 0.01934 152
1753346891844 0.01932 153
1753346909716 0.01938 154
1753346927204 0.01931 155
1753346944783 0.01935 156
1753346962502 0.01934 157
1753346980008 0.01934 158
1753346997969 0.01934 159
1753347016162 0.01933 160
1753347033400 0.01935 161
1753347050840 0.01933 162
1753347068381 0.01934 163
1753347086006 0.01932 164
1753347103562 0.01935 165
1753347120870 0.01935 166
1753347138401 0.01934 167
1753347156101 0.01937 168
1753347173748 0.01934 169
1753347191208 0.0193 170
1753347208761 0.01934 171
1753347226627 0.01935 172
1753347243883 0.01935 173
1753347261527 0.01931 174
1753347279425 0.01935 175
1753347296897 0.01936 176
1753347314454 0.01933 177
1753347331984 0.01934 178
1753347349780 0.01935 179
1753347367405 0.01935 180
1753347384878 0.01932 181
1753347402114 0.01934 182
1753347419666 0.01931 183
1753347437067 0.01929 184
1753347454613 0.01931 185
1753347472446 0.01935 186
1753347490169 0.01931 187
1753347507755 0.01929 188
1753347525219 0.01934 189
1753347543295 0.01938 190
1753347560919 0.01931 191
1753347578173 0.01932 192
1753347595643 0.01933 193
1753347613317 0.0193 194
1753347630494 0.01932 195
1753347647799 0.0193 196
1753347665224 0.01933 197
1753347682577 0.01932 198
1753347700245 0.01933 199
1753347717260 0.01932 200
1753347734894 0.01932 201
1753347751758 0.01931 202
1753347769294 0.01932 203
1753347787207 0.01934 204
1753347804938 0.0193 205
1753347822967 0.01934 206
1753347840545 0.0193 207
1753347858095 0.01932 208
1753347875845 0.01935 209
1753347893406 0.01935 210
1753347910879 0.01934 211
1753347928421 0.01932 212
1753347945672 0.01934 213
1753347962567 0.01932 214
1753347979702 0.01934 215
1753347996647 0.01932 216
1753348014107 0.01932 217
1753348031852 0.01933 218
1753348049387 0.0193 219
1753348067350 0.0193 220
1753348085386 0.01929 221
1753348102224 0.01928 222
1753348119570 0.01932 223
1753348137208 0.01929 224
1753348154671 0.01932 225
1753348172203 0.0193 226
1753348189760 0.0193 227
1753348207253 0.01928 228
1753348224510 0.0193 229
1753348241930 0.01931 230
1753348259586 0.01931 231
1753348277133 0.01928 232
1753348294625 0.0193 233
1753348312156 0.01933 234
1753348329724 0.01932 235
1753348347945 0.01931 236
1753348365463 0.01934 237
1753348383145 0.0193 238
1753348400066 0.0193 239
1753348417421 0.01933 240
1753348434702 0.0193 241
1753348452384 0.01932 242
1753348469851 0.01931 243
1753348487384 0.01932 244
1753348504823 0.01928 245
1753348522243 0.01928 246
1753348539770 0.01929 247
1753348556872 0.01933 248
1753348574314 0.01934 249
1753348591667 0.01928 250
1753348609254 0.01925 251
1753348626978 0.01931 252
1753348644619 0.01931 253
1753348662026 0.01926 254
1753348679444 0.01929 255
1753348696829 0.01932 256
1753348714440 0.01928 257
1753348732169 0.01932 258
1753348749765 0.01931 259
1753348767316 0.01929 260
1753348784925 0.01927 261
1753348802285 0.01929 262
1753348819469 0.0193 263
1753348836973 0.01929 264
1753348854465 0.01927 265
1753348872215 0.0193 266
1753348890383 0.01931 267
1753348907894 0.01929 268
1753348925411 0.0193 269
1753348942881 0.01928 270
1753348960450 0.01931 271
1753348978021 0.0193 272
1753348995638 0.0193 273
1753349013060 0.01933 274
1753349030448 0.0193 275
1753349048207 0.01926 276
1753349065731 0.01927 277
1753349083207 0.01927 278
1753349100316 0.01926 279
1753349117702 0.01931 280
1753349135256 0.0193 281
1753349153003 0.01926 282
1753349170741 0.01928 283
1753349188167 0.01927 284
1753349205738 0.01928 285
1753349223215 0.01927 286
1753349240730 0.01927 287
1753349257951 0.01927 288
1753349275664 0.01927 289
1753349293415 0.01931 290
1753349310750 0.0193 291
1753349328448 0.01929 292
1753349346129 0.01929 293
1753349363431 0.01927 294
1753349380792 0.01926 295
1753349398138 0.01926 296
1753349415671 0.01928 297
1753349433874 0.0193 298
1753349451175 0.01928 299
1753349468687 0.01926 300
