1753344235907 0.0010000000474974513 1
1753344253563 0.0010000000474974513 2
1753344270991 0.0010000000474974513 3
1753344289537 0.0010000000474974513 4
1753344307857 0.0010000000474974513 5
1753344325630 0.0010000000474974513 6
1753344343922 0.0010000000474974513 7
1753344361420 0.0010000000474974513 8
1753344378943 0.0010000000474974513 9
1753344396081 0.0010000000474974513 10
1753344413504 0.0010000000474974513 11
1753344431010 0.0010000000474974513 12
1753344448666 0.0010000000474974513 13
1753344466442 0.0010000000474974513 14
1753344483995 0.0010000000474974513 15
1753344501496 0.0010000000474974513 16
1753344519042 0.0010000000474974513 17
1753344536699 0.0010000000474974513 18
1753344554357 0.0010000000474974513 19
1753344572442 0.0010000000474974513 20
1753344590182 0.0010000000474974513 21
1753344607799 0.0010000000474974513 22
1753344625218 0.0010000000474974513 23
1753344642761 0.0010000000474974513 24
1753344660207 0.0010000000474974513 25
1753344677369 0.0010000000474974513 26
1753344694927 0.0010000000474974513 27
1753344712468 0.0010000000474974513 28
1753344729936 0.0010000000474974513 29
1753344747691 0.0010000000474974513 30
1753344765224 0.0010000000474974513 31
1753344782816 0.0010000000474974513 32
1753344800476 0.0010000000474974513 33
1753344817876 0.0010000000474974513 34
1753344835999 0.0010000000474974513 35
1753344853684 0.0010000000474974513 36
1753344871047 0.0010000000474974513 37
1753344888567 0.0010000000474974513 38
1753344905879 0.0010000000474974513 39
1753344923393 0.0010000000474974513 40
1753344940847 0.0010000000474974513 41
1753344958543 0.0010000000474974513 42
1753344976123 0.0010000000474974513 43
1753344993786 0.0010000000474974513 44
1753345010907 0.0010000000474974513 45
1753345028497 0.0010000000474974513 46
1753345046087 0.0010000000474974513 47
1753345063805 0.0010000000474974513 48
1753345081693 0.0010000000474974513 49
1753345099237 0.0010000000474974513 50
1753345116899 0.0010000000474974513 51
1753345134450 0.0010000000474974513 52
1753345151939 0.0010000000474974513 53
1753345169684 0.0010000000474974513 54
1753345186736 0.0010000000474974513 55
1753345204064 0.0010000000474974513 56
1753345221517 0.0010000000474974513 57
1753345238923 0.0010000000474974513 58
1753345256546 0.0010000000474974513 59
1753345274190 0.0010000000474974513 60
1753345291596 0.0010000000474974513 61
1753345309161 0.0010000000474974513 62
1753345326827 0.0010000000474974513 63
1753345344326 0.0010000000474974513 64
1753345361961 0.0010000000474974513 65
1753345379932 0.0010000000474974513 66
1753345397397 0.0010000000474974513 67
1753345415169 0.0010000000474974513 68
1753345432418 0.0010000000474974513 69
1753345449536 0.0010000000474974513 70
1753345466871 0.0010000000474974513 71
1753345484219 0.0010000000474974513 72
1753345501921 0.0010000000474974513 73
1753345519365 0.0010000000474974513 74
1753345536938 0.0010000000474974513 75
1753345554489 0.0010000000474974513 76
1753345572302 0.0010000000474974513 77
1753345589842 0.0010000000474974513 78
1753345607361 0.0010000000474974513 79
1753345624667 0.0010000000474974513 80
1753345642472 0.0010000000474974513 81
1753345660533 0.0010000000474974513 82
1753345677959 0.0010000000474974513 83
1753345695623 0.0010000000474974513 84
1753345713276 0.0010000000474974513 85
1753345730576 0.0010000000474974513 86
1753345748240 0.0010000000474974513 87
1753345765779 0.0010000000474974513 88
1753345783330 0.0010000000474974513 89
1753345800984 0.00020000000949949026 90
1753345818546 0.00020000000949949026 91
1753345836191 0.00020000000949949026 92
1753345853466 0.00020000000949949026 93
1753345871021 0.00020000000949949026 94
1753345888625 0.00020000000949949026 95
1753345906210 0.00020000000949949026 96
1753345923974 0.00020000000949949026 97
1753345941650 0.00020000000949949026 98
1753345959283 4.0000002627493814e-05 99
1753345976683 4.0000002627493814e-05 100
1753345994339 4.0000002627493814e-05 101
1753346011978 4.0000002627493814e-05 102
1753346029575 4.0000002627493814e-05 103
1753346047079 4.0000002627493814e-05 104
1753346064626 4.0000002627493814e-05 105
1753346082219 4.0000002627493814e-05 106
1753346099629 4.0000002627493814e-05 107
1753346117178 8.000000889296643e-06 108
1753346134449 8.000000889296643e-06 109
1753346151545 8.000000889296643e-06 110
1753346169000 8.000000889296643e-06 111
1753346187027 8.000000889296643e-06 112
1753346204428 8.000000889296643e-06 113
1753346222112 8.000000889296643e-06 114
1753346240034 8.000000889296643e-06 115
1753346257423 8.000000889296643e-06 116
1753346275064 1.6000001323845936e-06 117
1753346292760 1.6000001323845936e-06 118
1753346309966 1.6000001323845936e-06 119
1753346327709 1.6000001323845936e-06 120
1753346345351 1.6000001323845936e-06 121
1753346362939 1.6000001323845936e-06 122
1753346380183 1.6000001323845936e-06 123
1753346397978 1.6000001323845936e-06 124
1753346414943 1.6000001323845936e-06 125
1753346432483 9.999999974752427e-07 126
1753346450202 9.999999974752427e-07 127
1753346468054 9.999999974752427e-07 128
1753346485763 9.999999974752427e-07 129
1753346503318 9.999999974752427e-07 130
1753346520953 9.999999974752427e-07 131
1753346538470 9.999999974752427e-07 132
1753346556185 9.999999974752427e-07 133
1753346573574 9.999999974752427e-07 134
1753346591055 9.999999974752427e-07 135
1753346608523 9.999999974752427e-07 136
1753346625884 9.999999974752427e-07 137
1753346643307 9.999999974752427e-07 138
1753346660973 9.999999974752427e-07 139
1753346678655 9.999999974752427e-07 140
1753346696308 9.999999974752427e-07 141
1753346714055 9.999999974752427e-07 142
1753346731547 9.999999974752427e-07 143
1753346749031 9.999999974752427e-07 144
1753346766357 9.999999974752427e-07 145
1753346783837 9.999999974752427e-07 146
1753346801444 9.999999974752427e-07 147
1753346818516 9.999999974752427e-07 148
1753346835779 9.999999974752427e-07 149
1753346853388 9.999999974752427e-07 150
1753346871096 9.999999974752427e-07 151
1753346888721 9.999999974752427e-07 152
1753346906569 9.999999974752427e-07 153
1753346923992 9.999999974752427e-07 154
1753346941245 9.999999974752427e-07 155
1753346959316 9.999999974752427e-07 156
1753346976855 9.999999974752427e-07 157
1753346994817 9.999999974752427e-07 158
1753347013034 9.999999974752427e-07 159
1753347030254 9.999999974752427e-07 160
1753347047682 9.999999974752427e-07 161
1753347065211 9.999999974752427e-07 162
1753347082783 9.999999974752427e-07 163
1753347100366 9.999999974752427e-07 164
1753347117685 9.999999974752427e-07 165
1753347135244 9.999999974752427e-07 166
1753347152926 9.999999974752427e-07 167
1753347170573 9.999999974752427e-07 168
1753347188068 9.999999974752427e-07 169
1753347205577 9.999999974752427e-07 170
1753347223450 9.999999974752427e-07 171
1753347240734 9.999999974752427e-07 172
1753347258386 9.999999974752427e-07 173
1753347276261 9.999999974752427e-07 174
1753347293707 9.999999974752427e-07 175
1753347311311 9.999999974752427e-07 176
1753347328826 9.999999974752427e-07 177
1753347346593 9.999999974752427e-07 178
1753347364254 9.999999974752427e-07 179
1753347381734 9.999999974752427e-07 180
1753347398977 9.999999974752427e-07 181
1753347416479 9.999999974752427e-07 182
1753347433858 9.999999974752427e-07 183
1753347451443 9.999999974752427e-07 184
1753347469238 9.999999974752427e-07 185
1753347486946 9.999999974752427e-07 186
1753347504604 9.999999974752427e-07 187
1753347522058 9.999999974752427e-07 188
1753347540141 9.999999974752427e-07 189
1753347557718 9.999999974752427e-07 190
1753347575035 9.999999974752427e-07 191
1753347592469 9.999999974752427e-07 192
1753347610149 9.999999974752427e-07 193
1753347627329 9.999999974752427e-07 194
1753347644629 9.999999974752427e-07 195
1753347662048 9.999999974752427e-07 196
1753347679425 9.999999974752427e-07 197
1753347697095 9.999999974752427e-07 198
1753347714058 9.999999974752427e-07 199
1753347731657 9.999999974752427e-07 200
1753347748608 9.999999974752427e-07 201
1753347766130 9.999999974752427e-07 202
1753347784047 9.999999974752427e-07 203
1753347801735 9.999999974752427e-07 204
1753347819815 9.999999974752427e-07 205
1753347837320 9.999999974752427e-07 206
1753347854924 9.999999974752427e-07 207
1753347872682 9.999999974752427e-07 208
1753347890227 9.999999974752427e-07 209
1753347907739 9.999999974752427e-07 210
1753347925206 9.999999974752427e-07 211
1753347942536 9.999999974752427e-07 212
1753347959396 9.999999974752427e-07 213
1753347976542 9.999999974752427e-07 214
1753347993480 9.999999974752427e-07 215
1753348010942 9.999999974752427e-07 216
1753348028666 9.999999974752427e-07 217
1753348046230 9.999999974752427e-07 218
1753348064145 9.999999974752427e-07 219
1753348082212 9.999999974752427e-07 220
1753348099040 9.999999974752427e-07 221
1753348116361 9.999999974752427e-07 222
1753348134008 9.999999974752427e-07 223
1753348151505 9.999999974752427e-07 224
1753348169028 9.999999974752427e-07 225
1753348186595 9.999999974752427e-07 226
1753348204071 9.999999974752427e-07 227
1753348221340 9.999999974752427e-07 228
1753348238752 9.999999974752427e-07 229
1753348256395 9.999999974752427e-07 230
1753348273980 9.999999974752427e-07 231
1753348291471 9.999999974752427e-07 232
1753348308965 9.999999974752427e-07 233
1753348326558 9.999999974752427e-07 234
1753348344725 9.999999974752427e-07 235
1753348362300 9.999999974752427e-07 236
1753348379991 9.999999974752427e-07 237
1753348396922 9.999999974752427e-07 238
1753348414267 9.999999974752427e-07 239
1753348431559 9.999999974752427e-07 240
1753348449208 9.999999974752427e-07 241
1753348466687 9.999999974752427e-07 242
1753348484232 9.999999974752427e-07 243
1753348501653 9.999999974752427e-07 244
1753348519088 9.999999974752427e-07 245
1753348536608 9.999999974752427e-07 246
1753348553694 9.999999974752427e-07 247
1753348571161 9.999999974752427e-07 248
1753348588525 9.999999974752427e-07 249
1753348606120 9.999999974752427e-07 250
1753348623771 9.999999974752427e-07 251
1753348641460 9.999999974752427e-07 252
1753348658842 9.999999974752427e-07 253
1753348676287 9.999999974752427e-07 254
1753348693611 9.999999974752427e-07 255
1753348711280 9.999999974752427e-07 256
1753348728961 9.999999974752427e-07 257
1753348746610 9.999999974752427e-07 258
1753348764191 9.999999974752427e-07 259
1753348781732 9.999999974752427e-07 260
1753348799123 9.999999974752427e-07 261
1753348816327 9.999999974752427e-07 262
1753348833818 9.999999974752427e-07 263
1753348851299 9.999999974752427e-07 264
1753348869023 9.999999974752427e-07 265
1753348887180 9.999999974752427e-07 266
1753348904738 9.999999974752427e-07 267
1753348922269 9.999999974752427e-07 268
1753348939691 9.999999974752427e-07 269
1753348957274 9.999999974752427e-07 270
1753348974873 9.999999974752427e-07 271
1753348992487 9.999999974752427e-07 272
1753349009875 9.999999974752427e-07 273
1753349027300 9.999999974752427e-07 274
1753349045058 9.999999974752427e-07 275
1753349062568 9.999999974752427e-07 276
1753349080054 9.999999974752427e-07 277
1753349097131 9.999999974752427e-07 278
1753349114511 9.999999974752427e-07 279
1753349132111 9.999999974752427e-07 280
1753349149831 9.999999974752427e-07 281
1753349167599 9.999999974752427e-07 282
1753349184954 9.999999974752427e-07 283
1753349202563 9.999999974752427e-07 284
1753349220039 9.999999974752427e-07 285
1753349237522 9.999999974752427e-07 286
1753349254784 9.999999974752427e-07 287
1753349272490 9.999999974752427e-07 288
1753349290185 9.999999974752427e-07 289
1753349307581 9.999999974752427e-07 290
1753349325244 9.999999974752427e-07 291
1753349342932 9.999999974752427e-07 292
1753349360288 9.999999974752427e-07 293
1753349377645 9.999999974752427e-07 294
1753349394935 9.999999974752427e-07 295
1753349412480 9.999999974752427e-07 296
1753349430694 9.999999974752427e-07 297
1753349447977 9.999999974752427e-07 298
1753349465473 9.999999974752427e-07 299
1753349482882 9.999999974752427e-07 300
