1751305842157 1.0 0
1751305842526 2.0 0
1751305842898 3.0 0
1751305843324 4.0 0
1751305843714 5.0 0
1751305844095 6.0 0
1751305844471 7.0 0
1751305844849 8.0 0
1751305845225 9.0 0
1751305845649 10.0 0
1751305846037 11.0 0
1751305846414 12.0 0
1751305846770 13.0 0
1751305847130 14.0 0
1751305847489 15.0 0
1751305847874 16.0 0
1751305848599 18.0 0
1751305848982 19.0 0
1751305849369 20.0 0
1751305849761 21.0 0
1751305850465 23.0 0
1751305850817 24.0 0
1751305851171 25.0 0
1751305852843 30.0 0
1751305853239 31.0 0
1751305853588 32.0 0
1751305853926 33.0 0
1751305854271 34.0 0
1751305854625 35.0 0
1751305854963 36.0 0
1751305855310 37.0 0
1751305855655 38.0 0
1751305855993 39.0 0
1751305856372 40.0 0
1751305856726 41.0 0
1751305857080 42.0 0
1751305857440 43.0 0
1751305857840 44.0 0
1751305858625 46.0 0
1751305859014 47.0 0
1751305859448 48.0 0
1751305859898 49.0 0
1751305860315 50.0 0
1751305860704 51.0 0
1751305861090 52.0 0
1751305861563 53.0 0
1751305861936 54.0 0
1751305862320 55.0 0
1751305862697 56.0 0
1751305863202 57.0 0
1751305863633 58.0 0
1751305864000 59.0 0
1751305864425 60.0 0
1751305865207 62.0 0
1751305865614 63.0 0
1751305866040 64.0 0
1751305866426 65.0 0
1751305866811 66.0 0
1751305867261 67.0 0
1751305867638 68.0 0
1751305868088 69.0 0
1751305868860 71.0 0
1751305869617 73.0 0
1751305870047 74.0 0
1751305870427 75.0 0
1751305870786 76.0 0
1751305871144 77.0 0
1751305871510 78.0 0
1751305871864 79.0 0
1751305872557 81.0 0
1751305872918 82.0 0
1751305873288 83.0 0
1751305873714 84.0 0
1751305874085 85.0 0
1751305874464 86.0 0
1751305875151 88.0 0
1751305875533 89.0 0
1751305875926 90.0 0
1751305876326 91.0 0
1751305876755 92.0 0
1751305877135 93.0 0
1751305877521 94.0 0
1751305877899 95.0 0
1751305878319 96.0 0
1751305878693 97.0 0
1751305879379 99.0 0
1751305879735 100.0 0
1751305880098 101.0 0
1751305880802 103.0 0
1751305881825 106.0 0
1751305882493 108.0 0
1751305882857 109.0 0
1751305883215 110.0 0
1751305883582 111.0 0
1751305883953 112.0 0
1751305884324 113.0 0
1751305884692 114.0 0
1751305885046 115.0 0
1751305885397 116.0 0
1751305885751 117.0 0
1751305886105 118.0 0
1751305886806 120.0 0
1751305887161 121.0 0
1751305887516 122.0 0
1751305887900 123.0 0
1751305888612 125.0 0
1751305888953 126.0 0
1751305889310 127.0 0
1751305889716 128.0 0
1751305890153 129.0 0
1751305890884 131.0 0
1751305891274 132.0 0
1751305891640 133.0 0
1751305891994 134.0 0
1751305892707 136.0 0
1751305893050 137.0 0
1751305893409 138.0 0
1751305893773 139.0 0
1751305894483 141.0 0
1751305895184 143.0 0
1751305895554 144.0 0
1751305896249 146.0 0
1751305896937 148.0 0
1751305897305 149.0 0
1751305899738 156.0 0
1751305900103 157.0 0
1751305900464 158.0 0
1751305900823 159.0 0
1751305901201 160.0 0
1751305901578 161.0 0
1751305901954 162.0 0
1751305903332 166.0 0
1751305903740 167.0 0
1751305904104 168.0 0
1751305905109 171.0 0
1751305905461 172.0 0
1751305905809 173.0 0
1751305906172 174.0 0
1751305906893 176.0 0
1751305907250 177.0 0
1751305907930 179.0 0
1751305909572 184.0 0
1751305909933 185.0 0
1751305910654 187.0 0
1751305911714 190.0 0
1751305913459 195.0 0
1751305913847 196.0 0
1751305914575 198.0 0
1751305914974 199.0 0
1751305917428 206.0 0
1751305918865 210.0 0
1751305920256 214.0 0
1751305920930 216.0 0
1751305921287 217.0 0
1751305921644 218.0 0
1751305922001 219.0 0
1751305922689 221.0 0
1751305923072 222.0 0
1751305924077 225.0 0
1751305924451 226.0 0
1751305925167 228.0 0
1751305925886 230.0 0
1751305926274 231.0 0
1751305928056 236.0 0
1751305928767 238.0 0
1751305929506 240.0 0
1751305929886 241.0 0
1751305931634 246.0 0
1751305932050 247.0 0
1751305933167 250.0 0
1751305934645 254.0 0
1751305935013 255.0 0
1751305936429 259.0 0
1751305937964 263.0 0
1751305938721 265.0 0
1751305939852 268.0 0
1751305940613 270.0 0
1751305943420 278.0 0
1751305944163 280.0 0
1751305944900 282.0 0
1751305947964 291.0 0
1751305948337 292.0 0
1751305950151 297.0 0
1751305950553 298.0 0
1751305951296 300.0 0
1751305952427 303.0 0
1751305953583 306.0 0
1751305954324 308.0 0
1751305956792 315.0 0
1751305957172 316.0 0
1751305957888 318.0 0
1751305958266 319.0 0
1751305961169 327.0 0
1751305962577 331.0 0
1751305965463 339.0 0
1751305966907 343.0 0
1751305967604 345.0 0
1751305970437 353.0 0
1751305971181 355.0 0
1751305972599 359.0 0
1751305972983 360.0 0
1751305973391 361.0 0
1751305975882 368.0 0
1751305977212 372.0 0
1751305980191 381.0 0
