1751305841965 0.90476 1
1751305842429 0.87145 2
1751305842806 0.84607 3
1751305843229 0.82525 4
1751305843617 0.80621 5
1751305844001 0.78951 6
1751305844378 0.77181 7
1751305844755 0.7559 8
1751305845129 0.74303 9
1751305845553 0.73308 10
1751305845940 0.71958 11
1751305846322 0.70604 12
1751305846675 0.69577 13
1751305847037 0.68511 14
1751305847400 0.67187 15
1751305847782 0.66582 16
1751305848130 0.65798 17
1751305848497 0.65006 18
1751305848887 0.64481 19
1751305849274 0.63599 20
1751305849668 0.63076 21
1751305850049 0.62044 22
1751305850374 0.61544 23
1751305850725 0.60883 24
1751305851081 0.60641 25
1751305851434 0.59831 26
1751305851764 0.59482 27
1751305852099 0.59009 28
1751305852422 0.584 29
1751305852753 0.57721 30
1751305853150 0.57308 31
1751305853499 0.56521 32
1751305853838 0.56104 33
1751305854183 0.55625 34
1751305854531 0.55048 35
1751305854873 0.54571 36
1751305855214 0.54142 37
1751305855567 0.53526 38
1751305855905 0.53057 39
1751305856281 0.52505 40
1751305856636 0.52141 41
1751305856990 0.51653 42
1751305857349 0.51116 43
1751305857730 0.50653 44
1751305858132 0.50141 45
1751305858524 0.49695 46
1751305858920 0.49236 47
1751305859291 0.48752 48
1751305859782 0.48286 49
1751305860187 0.47743 50
1751305860607 0.47357 51
1751305860995 0.46864 52
1751305861458 0.46479 53
1751305861846 0.46002 54
1751305862225 0.45568 55
1751305862599 0.451 56
1751305863078 0.4467 57
1751305863516 0.44296 58
1751305863900 0.43748 59
1751305864318 0.43336 60
1751305864744 0.42942 61
1751305865100 0.42502 62
1751305865479 0.42138 63
1751305865942 0.41627 64
1751305866313 0.41248 65
1751305866699 0.40944 66
1751305867143 0.40449 67
1751305867544 0.40189 68
1751305867962 0.39665 69
1751305868393 0.39161 70
1751305868760 0.38724 71
1751305869130 0.38397 72
1751305869500 0.38004 73
1751305869927 0.37677 74
1751305870328 0.37228 75
1751305870693 0.36784 76
1751305871051 0.36456 77
1751305871418 0.36035 78
1751305871771 0.35653 79
1751305872123 0.3531 80
1751305872463 0.34921 81
1751305872825 0.34649 82
1751305873195 0.3412 83
1751305873618 0.33821 84
1751305873991 0.33439 85
1751305874367 0.33096 86
1751305874735 0.32751 87
1751305875058 0.32412 88
1751305875436 0.32041 89
1751305875816 0.31807 90
1751305876209 0.31465 91
1751305876657 0.31092 92
1751305877042 0.3075 93
1751305877424 0.30406 94
1751305877801 0.30031 95
1751305878222 0.29721 96
1751305878598 0.29411 97
1751305878959 0.29097 98
1751305879285 0.28771 99
1751305879644 0.28458 100
1751305880006 0.28191 101
1751305880373 0.27881 102
1751305880710 0.27531 103
1751305881079 0.27324 104
1751305881420 0.27009 105
1751305881739 0.26689 106
1751305882085 0.26455 107
1751305882400 0.26227 108
1751305882766 0.25832 109
1751305883123 0.25548 110
1751305883488 0.25264 111
1751305883862 0.24991 112
1751305884230 0.24814 113
1751305884598 0.24519 114
1751305884957 0.24263 115
1751305885304 0.23986 116
1751305885657 0.23731 117
1751305886018 0.23475 118
1751305886393 0.2319 119
1751305886715 0.22969 120
1751305887072 0.2274 121
1751305887422 0.22502 122
1751305887806 0.22208 123
1751305888177 0.22111 124
1751305888521 0.21833 125
1751305888865 0.21594 126
1751305889220 0.21312 127
1751305889596 0.21173 128
1751305890056 0.21109 129
1751305890445 0.20699 130
1751305890786 0.20431 131
1751305891177 0.20322 132
1751305891545 0.20081 133
1751305891907 0.1981 134
1751305892268 0.19713 135
1751305892610 0.19551 136
1751305892963 0.19259 137
1751305893312 0.19016 138
1751305893682 0.18844 139
1751305894047 0.1866 140
1751305894383 0.18566 141
1751305894758 0.18297 142
1751305895093 0.18169 143
1751305895458 0.17932 144
1751305895826 0.17716 145
1751305896159 0.17585 146
1751305896518 0.17364 147
1751305896842 0.17221 148
1751305897214 0.17135 149
1751305897574 0.17022 150
1751305897945 0.16992 151
1751305898299 0.16737 152
1751305898634 0.16459 153
1751305898986 0.16359 154
1751305899317 0.16129 155
1751305899646 0.15917 156
1751305900010 0.15799 157
1751305900371 0.15681 158
1751305900730 0.15438 159
1751305901111 0.15277 160
1751305901486 0.15197 161
1751305901862 0.15006 162
1751305902238 0.14869 163
1751305902582 0.14719 164
1751305902914 0.14589 165
1751305903242 0.14302 166
1751305903637 0.14241 167
1751305904014 0.14075 168
1751305904370 0.14088 169
1751305904695 0.1386 170
1751305905019 0.13704 171
1751305905372 0.13537 172
1751305905721 0.13326 173
1751305906070 0.13236 174
1751305906451 0.13029 175
1751305906802 0.1317 176
1751305907155 0.12886 177
1751305907516 0.12755 178
1751305907839 0.12562 179
1751305908190 0.12372 180
1751305908512 0.12351 181
1751305908831 0.12082 182
1751305909155 0.12095 183
1751305909479 0.11856 184
1751305909839 0.11841 185
1751305910216 0.11759 186
1751305910561 0.11658 187
1751305910937 0.11473 188
1751305911283 0.11417 189
1751305911624 0.11352 190
1751305911985 0.11169 191
1751305912340 0.11039 192
1751305912672 0.11034 193
1751305913011 0.10791 194
1751305913365 0.10782 195
1751305913749 0.10583 196
1751305914130 0.10525 197
1751305914477 0.1047 198
1751305914869 0.10314 199
1751305915264 0.10201 200
1751305915621 0.10088 201
1751305916022 0.1011 202
1751305916361 0.09955 203
1751305916687 0.0983 204
1751305917005 0.09791 205
1751305917334 0.09776 206
1751305917712 0.09672 207
1751305918062 0.09521 208
1751305918418 0.09577 209
1751305918771 0.09403 210
1751305919143 0.09322 211
1751305919489 0.09254 212
1751305919839 0.09224 213
1751305920165 0.0903 214
1751305920519 0.09061 215
1751305920836 0.08917 216
1751305921195 0.08947 217
1751305921552 0.08816 218
1751305921909 0.0871 219
1751305922262 0.08615 220
1751305922597 0.08545 221
1751305922958 0.08474 222
1751305923336 0.0847 223
1751305923660 0.08348 224
1751305923984 0.0838 225
1751305924340 0.08207 226
1751305924747 0.08146 227
1751305925071 0.08152 228
1751305925437 0.0808 229
1751305925790 0.07978 230
1751305926179 0.08034 231
1751305926561 0.07907 232
1751305926916 0.07795 233
1751305927253 0.0787 234
1751305927595 0.07634 235
1751305927942 0.0762 236
1751305928335 0.07574 237
1751305928672 0.0748 238
1751305929046 0.07455 239
1751305929388 0.07428 240
1751305929781 0.07417 241
1751305930173 0.07411 242
1751305930524 0.07312 243
1751305930856 0.07242 244
1751305931200 0.07174 245
1751305931538 0.07225 246
1751305931940 0.07055 247
1751305932345 0.07038 248
1751305932708 0.0695 249
1751305933059 0.06929 250
1751305933457 0.06882 251
1751305933814 0.06847 252
1751305934177 0.06772 253
1751305934538 0.06707 254
1751305934911 0.06737 255
1751305935297 0.06622 256
1751305935640 0.06614 257
1751305935974 0.06519 258
1751305936321 0.06641 259
1751305936767 0.06605 260
1751305937127 0.06425 261
1751305937481 0.06446 262
1751305937853 0.06338 263
1751305938260 0.06353 264
1751305938615 0.06324 265
1751305939016 0.06208 266
1751305939382 0.062 267
1751305939749 0.06184 268
1751305940148 0.06082 269
1751305940516 0.06123 270
1751305940878 0.06121 271
1751305941224 0.06129 272
1751305941577 0.05956 273
1751305941932 0.06007 274
1751305942266 0.0598 275
1751305942599 0.0583 276
1751305942957 0.05951 277
1751305943319 0.05985 278
1751305943702 0.05785 279
1751305944060 0.05881 280
1751305944445 0.05742 281
1751305944796 0.05681 282
1751305945173 0.05788 283
1751305945512 0.05614 284
1751305945845 0.05643 285
1751305946184 0.05615 286
1751305946520 0.05593 287
1751305946852 0.05482 288
1751305947189 0.05518 289
1751305947523 0.05488 290
1751305947862 0.05487 291
1751305948225 0.05338 292
1751305948596 0.05297 293
1751305948937 0.0532 294
1751305949279 0.05247 295
1751305949636 0.05209 296
1751305949994 0.05231 297
1751305950451 0.05152 298
1751305950832 0.05133 299
1751305951184 0.05113 300
1751305951588 0.05053 301
1751305951946 0.0514 302
1751305952320 0.05071 303
1751305952725 0.04979 304
1751305953116 0.0494 305
1751305953475 0.04988 306
1751305953872 0.04957 307
1751305954219 0.04892 308
1751305954600 0.04872 309
1751305954938 0.04969 310
1751305955279 0.04937 311
1751305955630 0.04791 312
1751305955985 0.04929 313
1751305956339 0.049 314
1751305956691 0.04745 315
1751305957070 0.04741 316
1751305957450 0.04724 317
1751305957787 0.04692 318
1751305958162 0.04744 319
1751305958546 0.04722 320
1751305958904 0.04692 321
1751305959277 0.04666 322
1751305959670 0.04618 323
1751305960040 0.04536 324
1751305960383 0.04514 325
1751305960731 0.04511 326
1751305961064 0.0447 327
1751305961441 0.04428 328
1751305961772 0.04417 329
1751305962129 0.04377 330
1751305962476 0.04357 331
1751305962852 0.04433 332
1751305963214 0.04391 333
1751305963565 0.04422 334
1751305963932 0.04318 335
1751305964287 0.04366 336
1751305964650 0.04384 337
1751305965010 0.04344 338
1751305965360 0.0431 339
1751305965741 0.04344 340
1751305966090 0.04297 341
1751305966451 0.04236 342
1751305966810 0.04198 343
1751305967188 0.04343 344
1751305967511 0.04351 345
1751305967868 0.04183 346
1751305968248 0.04181 347
1751305968596 0.04115 348
1751305968935 0.04186 349
1751305969275 0.0407 350
1751305969615 0.04029 351
1751305969975 0.04094 352
1751305970335 0.04091 353
1751305970722 0.04012 354
1751305971080 0.04115 355
1751305971468 0.03941 356
1751305971806 0.04 357
1751305972152 0.03965 358
1751305972496 0.03886 359
1751305972878 0.03895 360
1751305973265 0.03845 361
1751305973687 0.03884 362
1751305974033 0.03825 363
1751305974381 0.03799 364
1751305974741 0.03931 365
1751305975100 0.03832 366
1751305975446 0.03839 367
1751305975789 0.0374 368
1751305976160 0.03828 369
1751305976486 0.03735 370
1751305976805 0.03748 371
1751305977120 0.03817 372
1751305977474 0.03725 373
1751305977810 0.03692 374
1751305978142 0.03908 375
1751305978464 0.0368 376
1751305978777 0.03783 377
1751305979101 0.03678 378
1751305979427 0.03692 379
1751305979751 0.03655 380
1751305980092 0.03664 381
1751305980486 0.03717 382
1751305980804 0.03563 383
1751305981124 0.03621 384
1751305981467 0.03565 385
1751305981808 0.03559 386
1751305982167 0.0364 387
1751305982540 0.03581 388
1751305982894 0.03868 389
1751305983286 0.03568 390
1751305983670 0.03778 391
