1753252853892 1.0 0
1753252870712 2.0 0
1753252885469 3.0 0
1753252900284 4.0 0
1753252915142 5.0 0
1753252929817 6.0 0
1753252944884 7.0 0
1753252959981 8.0 0
1753252974694 9.0 0
1753252989766 10.0 0
1753253004647 11.0 0
1753253019437 12.0 0
1753253034878 13.0 0
1753253049956 14.0 0
1753253064707 15.0 0
1753253079667 16.0 0
1753253094506 17.0 0
1753253109344 18.0 0
1753253124902 19.0 0
1753253140103 20.0 0
1753253154884 21.0 0
1753253169900 22.0 0
1753253185048 23.0 0
1753253199654 24.0 0
1753253214450 25.0 0
1753253229324 26.0 0
1753253243886 27.0 0
1753253258942 28.0 0
1753253274098 29.0 0
1753253288631 30.0 0
1753253303346 31.0 0
1753253318291 32.0 0
1753253332991 33.0 0
1753253348112 34.0 0
1753253363014 35.0 0
1753253377587 36.0 0
1753253407153 38.0 0
1753253436503 40.0 0
1753253465786 42.0 0
1753253480645 43.0 0
1753253524679 46.0 0
1753253598740 51.0 0
1753253643414 54.0 0
1753253806548 65.0 0
1753253851127 68.0 0
