1753252841425 0.60719 1
1753252857711 0.47393 2
1753252874467 0.3906 3
1753252889204 0.32167 4
1753252903917 0.26547 5
1753252918794 0.21964 6
1753252933516 0.18161 7
1753252948634 0.15134 8
1753252963718 0.12736 9
1753252978394 0.10849 10
1753252993481 0.09366 11
1753253008310 0.08191 12
1753253023162 0.07246 13
1753253038528 0.06483 14
1753253053615 0.0586 15
1753253068330 0.05349 16
1753253083352 0.04928 17
1753253098192 0.04569 18
1753253113346 0.0427 19
1753253128615 0.04013 20
1753253143779 0.03794 21
1753253158561 0.03607 22
1753253173588 0.0344 23
1753253188648 0.03304 24
1753253203320 0.03176 25
1753253218050 0.03065 26
1753253232964 0.02969 27
1753253247664 0.02883 28
1753253262601 0.02804 29
1753253277636 0.02733 30
1753253292273 0.02673 31
1753253306956 0.02615 32
1753253321940 0.02561 33
1753253336622 0.02518 34
1753253351737 0.02473 35
1753253366643 0.02436 36
1753253381176 0.02399 37
1753253396115 0.02366 38
1753253410915 0.02332 39
1753253425423 0.02302 40
1753253440174 0.02274 41
1753253454861 0.02255 42
1753253469504 0.02234 43
1753253484365 0.02209 44
1753253499182 0.02188 45
1753253513631 0.02169 46
1753253528251 0.02155 47
1753253543510 0.02134 48
1753253558037 0.02121 49
1753253573135 0.02107 50
1753253587793 0.02092 51
1753253602454 0.02078 52
1753253617459 0.02064 53
1753253632226 0.02054 54
1753253647001 0.02042 55
1753253661678 0.02029 56
1753253676624 0.02022 57
1753253691355 0.0201 58
1753253706112 0.01999 59
1753253721040 0.01994 60
1753253736225 0.01981 61
1753253750897 0.01977 62
1753253765939 0.01967 63
1753253780572 0.01965 64
1753253795329 0.01955 65
1753253810223 0.01946 66
1753253824909 0.01943 67
1753253839916 0.01933 68
1753253854863 0.01925 69
1753253869566 0.01922 70
1753253884221 0.01918 71
1753253899054 0.01912 72
1753253913597 0.01902 73
1753253928360 0.019 74
1753253943340 0.01899 75
1753253958060 0.01891 76
1753253972798 0.01889 77
1753253987550 0.01879 78
1753254002623 0.01871 79
1753254017513 0.01869 80
1753254032373 0.01866 81
1753254047170 0.01864 82
1753254062025 0.0186 83
1753254076807 0.01856 84
1753254091255 0.01853 85
1753254106054 0.01848 86
1753254120812 0.01845 87
1753254135386 0.01841 88
1753254150488 0.01841 89
1753254165462 0.01839 90
1753254180228 0.01834 91
1753254194987 0.01834 92
1753254209759 0.01828 93
1753254224481 0.01825 94
1753254239331 0.01822 95
1753254253779 0.0182 96
1753254268629 0.01815 97
1753254283384 0.01813 98
1753254298046 0.01811 99
1753254312940 0.01809 100
1753254327936 0.01804 101
1753254342696 0.01802 102
1753254357532 0.01799 103
1753254372227 0.01799 104
1753254387000 0.018 105
1753254401563 0.01795 106
1753254416542 0.01791 107
1753254431195 0.01793 108
1753254446115 0.0179 109
1753254461139 0.01789 110
1753254475791 0.01784 111
1753254490441 0.01786 112
1753254505580 0.01779 113
1753254520290 0.01779 114
1753254535385 0.01781 115
1753254550279 0.01774 116
1753254565096 0.01776 117
1753254580217 0.01777 118
1753254595177 0.0177 119
1753254609914 0.0177 120
1753254624662 0.01768 121
1753254639630 0.0177 122
1753254654284 0.01762 123
1753254669140 0.01763 124
1753254683987 0.01757 125
1753254698925 0.01758 126
1753254713822 0.01756 127
1753254728751 0.01754 128
1753254743436 0.01754 129
1753254758339 0.01753 130
1753254773530 0.01752 131
1753254788350 0.01747 132
1753254803419 0.01749 133
1753254818438 0.01748 134
1753254833318 0.01745 135
1753254848011 0.01747 136
1753254863021 0.01748 137
1753254877875 0.01743 138
1753254892628 0.01743 139
1753254907542 0.01742 140
1753254922159 0.01744 141
1753254937248 0.01739 142
1753254951908 0.01736 143
1753254966625 0.01737 144
1753254981390 0.01737 145
1753254996158 0.01738 146
1753255010975 0.01734 147
1753255026097 0.0173 148
1753255040740 0.01733 149
1753255055368 0.01731 150
1753255070165 0.0173 151
1753255085255 0.01727 152
1753255099973 0.0173 153
1753255114997 0.01729 154
1753255130042 0.01725 155
1753255144617 0.01726 156
1753255159365 0.01724 157
1753255174289 0.01724 158
1753255188942 0.01724 159
1753255204136 0.01722 160
1753255219022 0.01719 161
1753255233713 0.0172 162
1753255248655 0.01718 163
1753255263349 0.01719 164
1753255277899 0.01716 165
1753255292823 0.01714 166
1753255307655 0.01716 167
1753255322407 0.01715 168
1753255337421 0.01716 169
1753255352182 0.01714 170
1753255366942 0.01715 171
1753255381721 0.01711 172
1753255396834 0.01714 173
1753255411294 0.01715 174
1753255426073 0.01709 175
1753255440904 0.01708 176
1753255455454 0.01709 177
1753255470646 0.0171 178
1753255485269 0.01707 179
1753255499895 0.01707 180
1753255514743 0.01705 181
1753255529943 0.01709 182
1753255544583 0.01705 183
1753255559350 0.01702 184
1753255574110 0.01699 185
1753255588835 0.01701 186
1753255603560 0.01704 187
1753255618357 0.01704 188
1753255632899 0.01699 189
1753255647547 0.01704 190
1753255662374 0.01704 191
1753255677024 0.017 192
1753255691618 0.01702 193
1753255706053 0.01702 194
1753255720690 0.01696 195
1753255735552 0.01698 196
1753255750240 0.01703 197
1753255764849 0.01695 198
1753255779713 0.01698 199
1753255794695 0.01699 200
1753255809228 0.01696 201
1753255824075 0.01698 202
1753255839053 0.01696 203
1753255853907 0.01695 204
1753255868892 0.01694 205
1753255884153 0.01693 206
1753255898872 0.01697 207
1753255913922 0.01695 208
1753255928502 0.01696 209
1753255943210 0.01692 210
1753255958155 0.01689 211
1753255973135 0.01689 212
1753255987825 0.01691 213
1753256002802 0.01688 214
1753256017334 0.01696 215
1753256032274 0.01692 216
1753256047481 0.01691 217
1753256062097 0.01692 218
1753256076925 0.01687 219
1753256092112 0.0169 220
1753256107030 0.01691 221
1753256121955 0.01685 222
1753256136593 0.01684 223
1753256151670 0.01685 224
1753256166544 0.01685 225
1753256181528 0.01684 226
1753256196332 0.01687 227
1753256211166 0.01687 228
1753256225946 0.01683 229
1753256240666 0.01685 230
1753256255352 0.01683 231
1753256270215 0.01682 232
1753256284934 0.01686 233
1753256299513 0.01684 234
1753256314409 0.01685 235
1753256329123 0.0168 236
1753256344269 0.01679 237
1753256359006 0.01677 238
1753256373717 0.01677 239
1753256388518 0.01683 240
1753256403206 0.01684 241
1753256417929 0.0168 242
1753256432476 0.0168 243
1753256447311 0.01681 244
1753256462095 0.01679 245
1753256476978 0.01678 246
1753256491912 0.01679 247
1753256506639 0.01684 248
1753256521502 0.01678 249
1753256536200 0.01677 250
1753256550889 0.01678 251
1753256565637 0.01677 252
1753256580223 0.01677 253
1753256595071 0.01677 254
1753256610198 0.01676 255
1753256625077 0.01677 256
1753256639530 0.01675 257
1753256654241 0.0167 258
1753256669092 0.01674 259
1753256683683 0.01673 260
1753256698508 0.01671 261
1753256713684 0.01673 262
1753256728504 0.01672 263
1753256743561 0.01674 264
1753256758381 0.01674 265
1753256773086 0.01671 266
1753256788263 0.01673 267
1753256802728 0.01672 268
1753256817512 0.01674 269
1753256832491 0.01674 270
1753256847210 0.01671 271
1753256861818 0.01673 272
1753256876633 0.01672 273
1753256891644 0.01671 274
1753256906439 0.01672 275
1753256921433 0.0167 276
1753256936364 0.01669 277
1753256951299 0.01668 278
1753256966423 0.01668 279
1753256981222 0.01669 280
1753256995894 0.0167 281
1753257010583 0.01668 282
1753257025446 0.01674 283
1753257040281 0.01667 284
1753257054971 0.01669 285
1753257069771 0.01671 286
1753257084427 0.01669 287
1753257099195 0.01672 288
1753257114173 0.01668 289
1753257128939 0.01668 290
1753257143632 0.01671 291
1753257158469 0.01664 292
1753257173107 0.01665 293
1753257187957 0.01671 294
1753257202582 0.01667 295
1753257217112 0.01668 296
1753257232002 0.01667 297
1753257246692 0.01669 298
1753257261396 0.01664 299
1753257276383 0.01665 300
