1753317886639 1.0 0
1753317900259 2.0 0
1753317913702 3.0 0
1753317927682 4.0 0
1753317941682 5.0 0
1753317955330 6.0 0
1753317968973 7.0 0
1753317982826 8.0 0
1753317996506 9.0 0
1753318010029 10.0 0
1753318023723 11.0 0
1753318037567 12.0 0
1753318051152 13.0 0
1753318064844 14.0 0
1753318078614 15.0 0
1753318092597 16.0 0
1753318106147 17.0 0
1753318119675 18.0 0
1753318133533 19.0 0
1753318147160 20.0 0
1753318160743 21.0 0
1753318174388 22.0 0
1753318188050 23.0 0
1753318201977 24.0 0
1753318215658 25.0 0
1753318243451 27.0 0
1753318257198 28.0 0
1753318270930 29.0 0
1753318284921 30.0 0
1753318298813 31.0 0
1753318312427 32.0 0
1753318325976 33.0 0
1753318340051 34.0 0
1753318353601 35.0 0
1753318367279 36.0 0
1753318394493 38.0 0
1753318408391 39.0 0
1753318422120 40.0 0
1753318435732 41.0 0
1753318463325 43.0 0
1753318477069 44.0 0
1753318490758 45.0 0
1753318504490 46.0 0
1753318517895 47.0 0
1753318531396 48.0 0
1753318545399 49.0 0
1753318558836 50.0 0
1753318572591 51.0 0
1753318586458 52.0 0
1753318599902 53.0 0
1753318613667 54.0 0
1753318627203 55.0 0
1753318640753 56.0 0
1753318654695 57.0 0
1753318668659 58.0 0
1753318682237 59.0 0
1753318695937 60.0 0
1753318709735 61.0 0
1753318736649 63.0 0
1753318750454 64.0 0
1753318763883 65.0 0
1753318777357 66.0 0
1753318791019 67.0 0
1753318804729 68.0 0
1753318818607 69.0 0
1753318845790 71.0 0
1753318859712 72.0 0
1753318873241 73.0 0
1753318886639 74.0 0
1753318927835 77.0 0
1753318941445 78.0 0
1753318955408 79.0 0
1753318968897 80.0 0
1753318982518 81.0 0
1753319037098 85.0 0
1753319064798 87.0 0
1753319078413 88.0 0
1753319132779 92.0 0
1753319146225 93.0 0
1753319160029 94.0 0
1753319187343 96.0 0
1753319228418 99.0 0
1753319241967 100.0 0
1753319269182 102.0 0
1753319282575 103.0 0
1753319364764 109.0 0
1753319391926 111.0 0
1753319433777 114.0 0
1753319542827 122.0 0
1753319610557 127.0 0
1753319637799 129.0 0
1753319705895 134.0 0
1753319733256 136.0 0
