1753317873858 0.83311 1
1753317889238 0.73808 2
1753317902891 0.69019 3
1753317916560 0.65282 4
1753317930339 0.61816 5
1753317944308 0.58435 6
1753317957907 0.55314 7
1753317971535 0.52309 8
1753317985414 0.49446 9
1753317999100 0.46648 10
1753318012673 0.43989 11
1753318026258 0.4141 12
1753318040250 0.38932 13
1753318053802 0.3659 14
1753318067471 0.34389 15
1753318081325 0.32316 16
1753318095125 0.3035 17
1753318108704 0.28526 18
1753318122249 0.2681 19
1753318136137 0.25223 20
1753318149771 0.23754 21
1753318163363 0.22334 22
1753318177012 0.2103 23
1753318190734 0.19819 24
1753318204680 0.1869 25
1753318218347 0.17686 26
1753318232082 0.16788 27
1753318246069 0.15787 28
1753318259931 0.14926 29
1753318273602 0.14128 30
1753318287548 0.13358 31
1753318301441 0.12595 32
1753318315028 0.11797 33
1753318328674 0.11093 34
1753318342656 0.10504 35
1753318356282 0.09984 36
1753318369865 0.09418 37
1753318383537 0.08503 38
1753318397174 0.07629 39
1753318411035 0.07208 40
1753318424722 0.06886 41
1753318438361 0.0655 42
1753318452481 0.05991 43
1753318466052 0.05516 44
1753318479601 0.05242 45
1753318493312 0.05039 46
1753318507080 0.04863 47
1753318520543 0.04714 48
1753318534108 0.04574 49
1753318548019 0.04451 50
1753318561510 0.04336 51
1753318575204 0.04224 52
1753318589043 0.0412 53
1753318602508 0.04018 54
1753318616350 0.03927 55
1753318629894 0.03841 56
1753318643362 0.0376 57
1753318657813 0.03683 58
1753318671328 0.03613 59
1753318684828 0.03538 60
1753318698544 0.03474 61
1753318712378 0.0341 62
1753318725808 0.03359 63
1753318739291 0.03301 64
1753318753125 0.03247 65
1753318766517 0.03199 66
1753318779989 0.03149 67
1753318793630 0.03102 68
1753318807437 0.03063 69
1753318821262 0.03017 70
1753318834800 0.02978 71
1753318848478 0.02943 72
1753318862392 0.02905 73
1753318875792 0.02871 74
1753318889269 0.02842 75
1753318902917 0.02811 76
1753318916959 0.02779 77
1753318930510 0.02752 78
1753318944137 0.0272 79
1753318958034 0.02699 80
1753318971511 0.02671 81
1753318985113 0.02644 82
1753318998792 0.02624 83
1753319012321 0.02597 84
1753319026305 0.02576 85
1753319039802 0.02556 86
1753319053334 0.02534 87
1753319067400 0.02517 88
1753319081040 0.02497 89
1753319094446 0.02477 90
1753319108165 0.02462 91
1753319121950 0.02447 92
1753319135450 0.02426 93
1753319148871 0.02409 94
1753319162640 0.02398 95
1753319176024 0.02388 96
1753319190022 0.02369 97
1753319203858 0.02353 98
1753319217190 0.02344 99
1753319231041 0.02326 100
1753319244667 0.02316 101
1753319258012 0.02303 102
1753319271761 0.02292 103
1753319285183 0.02276 104
1753319298754 0.02267 105
1753319312508 0.02253 106
1753319326290 0.02245 107
1753319339799 0.02234 108
1753319353334 0.02232 109
1753319367401 0.02219 110
1753319380954 0.0221 111
1753319394649 0.02197 112
1753319409010 0.02184 113
1753319422620 0.02182 114
1753319436358 0.02178 115
1753319449986 0.02169 116
1753319463572 0.02161 117
1753319477335 0.02151 118
1753319490896 0.02143 119
1753319504524 0.02136 120
1753319518073 0.02123 121
1753319531838 0.02116 122
1753319545426 0.02112 123
1753319558831 0.02106 124
1753319572631 0.02098 125
1753319586100 0.02095 126
1753319599546 0.02088 127
1753319613117 0.0208 128
1753319626594 0.02077 129
1753319640478 0.02066 130
1753319653905 0.02061 131
1753319667399 0.02054 132
1753319681407 0.02049 133
1753319694998 0.02046 134
1753319708502 0.02041 135
1753319722407 0.02038 136
1753319735953 0.02033 137
1753319749296 0.02024 138
1753319763104 0.0202 139
1753319776643 0.02014 140
1753319790325 0.02011 141
1753319803797 0.02002 142
1753319817225 0.02004 143
1753319831244 0.01995 144
1753319844937 0.0199 145
1753319858383 0.01978 146
1753319872122 0.01969 147
1753319885674 0.01965 148
1753319899469 0.01962 149
1753319913107 0.01961 150
1753319926885 0.01959 151
1753319940589 0.01961 152
1753319953966 0.01957 153
1753319967828 0.01957 154
1753319981403 0.01953 155
1753319995006 0.01953 156
1753320008543 0.01948 157
1753320022114 0.01949 158
1753320036371 0.01952 159
1753320049699 0.01953 160
1753320063161 0.01949 161
1753320076755 0.0195 162
1753320090073 0.01948 163
1753320103833 0.01946 164
1753320117409 0.01949 165
1753320131714 0.01944 166
1753320145321 0.0195 167
1753320158681 0.01949 168
1753320172364 0.01944 169
1753320186061 0.01944 170
1753320199762 0.01947 171
1753320213142 0.01949 172
1753320226618 0.01948 173
1753320240439 0.01947 174
1753320253871 0.01951 175
1753320267416 0.01948 176
1753320281061 0.01944 177
1753320294504 0.01946 178
1753320308131 0.01946 179
1753320321590 0.01947 180
1753320335704 0.01948 181
1753320349189 0.01951 182
1753320362548 0.01947 183
1753320376459 0.01948 184
1753320389997 0.01949 185
1753320403829 0.01947 186
1753320417318 0.01948 187
1753320430835 0.01945 188
1753320444770 0.01948 189
1753320458311 0.01946 190
1753320471831 0.01945 191
1753320485486 0.01947 192
1753320498907 0.01944 193
1753320512743 0.01948 194
1753320526268 0.01948 195
1753320540117 0.01946 196
1753320553614 0.01948 197
1753320567030 0.01946 198
1753320580787 0.01949 199
1753320594192 0.01947 200
1753320607944 0.01948 201
1753320621534 0.01945 202
1753320635119 0.01948 203
1753320649186 0.01947 204
1753320662704 0.01947 205
1753320676389 0.01947 206
1753320690078 0.0195 207
1753320703476 0.01945 208
1753320717396 0.01951 209
1753320730982 0.01949 210
1753320744956 0.01947 211
1753320758512 0.01947 212
1753320772031 0.01945 213
1753320786042 0.01947 214
1753320800023 0.01949 215
1753320813493 0.01947 216
1753320826976 0.01949 217
1753320840932 0.01947 218
1753320854437 0.01951 219
1753320868453 0.01945 220
1753320882117 0.01947 221
1753320895964 0.01949 222
1753320909697 0.01947 223
1753320923172 0.01945 224
1753320936836 0.01947 225
1753320950467 0.01944 226
1753320964462 0.01945 227
1753320978068 0.01944 228
1753320991749 0.01947 229
1753321005820 0.01947 230
1753321019323 0.01945 231
1753321032848 0.01946 232
1753321046769 0.01946 233
1753321060398 0.01945 234
1753321074647 0.01947 235
1753321088323 0.01944 236
1753321102168 0.01945 237
1753321115866 0.01947 238
1753321129362 0.01946 239
1753321143332 0.01943 240
1753321156924 0.01946 241
1753321170598 0.01946 242
1753321184484 0.01945 243
1753321197826 0.01944 244
1753321211800 0.01945 245
1753321225824 0.01945 246
1753321239253 0.01945 247
1753321252742 0.01946 248
1753321266312 0.01947 249
1753321280217 0.01944 250
1753321293716 0.01947 251
1753321307442 0.01944 252
1753321321264 0.01946 253
1753321334916 0.01944 254
1753321348571 0.01951 255
1753321362047 0.01944 256
1753321375775 0.01948 257
1753321389461 0.01945 258
1753321402861 0.01946 259
1753321416533 0.01947 260
1753321430417 0.01949 261
1753321443897 0.01947 262
1753321457472 0.01946 263
1753321471019 0.01946 264
1753321484730 0.01945 265
1753321498058 0.01947 266
1753321511930 0.01947 267
1753321525684 0.01945 268
1753321539540 0.01947 269
1753321553171 0.01946 270
1753321566584 0.01948 271
1753321580253 0.01944 272
1753321593699 0.01946 273
1753321607287 0.01947 274
1753321621076 0.01946 275
1753321634988 0.01947 276
1753321648412 0.01944 277
1753321662168 0.01943 278
1753321675823 0.01943 279
1753321689627 0.01942 280
1753321703155 0.01948 281
1753321717439 0.01946 282
1753321731119 0.01945 283
1753321744769 0.01946 284
1753321758428 0.01947 285
1753321771930 0.01946 286
1753321785592 0.01948 287
1753321799152 0.01946 288
1753321812712 0.01945 289
1753321826484 0.01946 290
1753321840027 0.01945 291
1753321853512 0.01945 292
1753321867291 0.01945 293
1753321880931 0.01947 294
1753321894679 0.01944 295
1753321908229 0.01941 296
1753321922101 0.01946 297
1753321935878 0.01944 298
1753321949390 0.01945 299
1753321963082 0.01947 300
