1753317886645 0.0010000000474974513 1
1753317900263 0.0010000000474974513 2
1753317913706 0.0010000000474974513 3
1753317927686 0.0010000000474974513 4
1753317941686 0.0010000000474974513 5
1753317955334 0.0010000000474974513 6
1753317968977 0.0010000000474974513 7
1753317982831 0.0010000000474974513 8
1753317996510 0.0010000000474974513 9
1753318010033 0.0010000000474974513 10
1753318023727 0.0010000000474974513 11
1753318037571 0.0010000000474974513 12
1753318051157 0.0010000000474974513 13
1753318064848 0.0010000000474974513 14
1753318078619 0.0010000000474974513 15
1753318092601 0.0010000000474974513 16
1753318106151 0.0010000000474974513 17
1753318119679 0.0010000000474974513 18
1753318133537 0.0010000000474974513 19
1753318147164 0.0010000000474974513 20
1753318160747 0.0010000000474974513 21
1753318174392 0.0010000000474974513 22
1753318188054 0.0010000000474974513 23
1753318201982 0.0010000000474974513 24
1753318215662 0.0010000000474974513 25
1753318229383 0.0010000000474974513 26
1753318243455 0.0010000000474974513 27
1753318257202 0.0010000000474974513 28
1753318270935 0.0010000000474974513 29
1753318284925 0.0010000000474974513 30
1753318298818 0.0010000000474974513 31
1753318312431 0.0010000000474974513 32
1753318325981 0.0010000000474974513 33
1753318340055 0.0010000000474974513 34
1753318353606 0.0010000000474974513 35
1753318367283 0.0010000000474974513 36
1753318380893 0.0010000000474974513 37
1753318394498 0.0010000000474974513 38
1753318408395 0.0010000000474974513 39
1753318422125 0.0010000000474974513 40
1753318435738 0.0010000000474974513 41
1753318449794 0.0010000000474974513 42
1753318463329 0.0010000000474974513 43
1753318477073 0.0010000000474974513 44
1753318490762 0.0010000000474974513 45
1753318504494 0.0010000000474974513 46
1753318517899 0.0010000000474974513 47
1753318531400 0.0010000000474974513 48
1753318545404 0.0010000000474974513 49
1753318558840 0.0010000000474974513 50
1753318572596 0.0010000000474974513 51
1753318586462 0.0010000000474974513 52
1753318599906 0.0010000000474974513 53
1753318613671 0.0010000000474974513 54
1753318627207 0.0010000000474974513 55
1753318640757 0.0010000000474974513 56
1753318654699 0.0010000000474974513 57
1753318668663 0.0010000000474974513 58
1753318682241 0.0010000000474974513 59
1753318695941 0.0010000000474974513 60
1753318709739 0.0010000000474974513 61
1753318723264 0.0010000000474974513 62
1753318736653 0.0010000000474974513 63
1753318750458 0.0010000000474974513 64
1753318763887 0.0010000000474974513 65
1753318777361 0.0010000000474974513 66
1753318791023 0.0010000000474974513 67
1753318804733 0.0010000000474974513 68
1753318818611 0.0010000000474974513 69
1753318832128 0.0010000000474974513 70
1753318845794 0.0010000000474974513 71
1753318859716 0.0010000000474974513 72
1753318873245 0.0010000000474974513 73
1753318886643 0.0010000000474974513 74
1753318900250 0.0010000000474974513 75
1753318914289 0.0010000000474974513 76
1753318927839 0.0010000000474974513 77
1753318941449 0.0010000000474974513 78
1753318955413 0.0010000000474974513 79
1753318968901 0.0010000000474974513 80
1753318982522 0.0010000000474974513 81
1753318996128 0.0010000000474974513 82
1753319009698 0.0010000000474974513 83
1753319023681 0.0010000000474974513 84
1753319037103 0.0010000000474974513 85
1753319050614 0.0010000000474974513 86
1753319064802 0.0010000000474974513 87
1753319078419 0.0010000000474974513 88
1753319091829 0.0010000000474974513 89
1753319105469 0.0010000000474974513 90
1753319119311 0.0010000000474974513 91
1753319132783 0.0010000000474974513 92
1753319146229 0.0010000000474974513 93
1753319160033 0.0010000000474974513 94
1753319173392 0.0010000000474974513 95
1753319187349 0.0010000000474974513 96
1753319201163 0.0010000000474974513 97
1753319214643 0.0010000000474974513 98
1753319228422 0.0010000000474974513 99
1753319241971 0.0010000000474974513 100
1753319255477 0.0010000000474974513 101
1753319269186 0.0010000000474974513 102
1753319282580 0.0010000000474974513 103
1753319296071 0.0010000000474974513 104
1753319309862 0.0010000000474974513 105
1753319323757 0.0010000000474974513 106
1753319337154 0.0010000000474974513 107
1753319350699 0.0010000000474974513 108
1753319364769 0.0010000000474974513 109
1753319378316 0.0010000000474974513 110
1753319391931 0.0010000000474974513 111
1753319406027 0.0010000000474974513 112
1753319420037 0.0010000000474974513 113
1753319433781 0.0010000000474974513 114
1753319447314 0.0010000000474974513 115
1753319460897 0.0010000000474974513 116
1753319474731 0.0010000000474974513 117
1753319488155 0.0010000000474974513 118
1753319501844 0.0010000000474974513 119
1753319515510 0.0010000000474974513 120
1753319529268 0.0010000000474974513 121
1753319542831 0.0010000000474974513 122
1753319556254 0.0010000000474974513 123
1753319570025 0.0010000000474974513 124
1753319583435 0.0010000000474974513 125
1753319596874 0.0010000000474974513 126
1753319610562 0.0010000000474974513 127
1753319624001 0.0010000000474974513 128
1753319637803 0.0010000000474974513 129
1753319651308 0.0010000000474974513 130
1753319664778 0.0010000000474974513 131
1753319678713 0.0010000000474974513 132
1753319692351 0.0010000000474974513 133
1753319705900 0.0010000000474974513 134
1753319719923 0.0010000000474974513 135
1753319733260 0.0010000000474974513 136
1753319746731 0.0010000000474974513 137
1753319760490 0.0010000000474974513 138
1753319773948 0.0010000000474974513 139
1753319787728 0.0010000000474974513 140
1753319801163 0.0010000000474974513 141
1753319814642 0.0010000000474974513 142
1753319828697 0.0010000000474974513 143
1753319842397 0.0010000000474974513 144
1753319855824 0.00020000000949949026 145
1753319869550 0.00020000000949949026 146
1753319883034 0.00020000000949949026 147
1753319896931 0.00020000000949949026 148
1753319910502 0.00020000000949949026 149
1753319924214 0.00020000000949949026 150
1753319937905 0.00020000000949949026 151
1753319951475 0.00020000000949949026 152
1753319965222 0.00020000000949949026 153
1753319978802 4.0000002627493814e-05 154
1753319992409 4.0000002627493814e-05 155
1753320006027 4.0000002627493814e-05 156
1753320019509 4.0000002627493814e-05 157
1753320033668 4.0000002627493814e-05 158
1753320047166 4.0000002627493814e-05 159
1753320060624 4.0000002627493814e-05 160
1753320074153 4.0000002627493814e-05 161
1753320087571 4.0000002627493814e-05 162
1753320101237 8.000000889296643e-06 163
1753320114713 8.000000889296643e-06 164
1753320128866 8.000000889296643e-06 165
1753320142675 8.000000889296643e-06 166
1753320156159 8.000000889296643e-06 167
1753320169655 8.000000889296643e-06 168
1753320183383 8.000000889296643e-06 169
1753320197215 8.000000889296643e-06 170
1753320210615 8.000000889296643e-06 171
1753320224080 1.6000001323845936e-06 172
1753320237851 1.6000001323845936e-06 173
1753320251279 1.6000001323845936e-06 174
1753320264792 1.6000001323845936e-06 175
1753320278364 1.6000001323845936e-06 176
1753320291931 1.6000001323845936e-06 177
1753320305578 1.6000001323845936e-06 178
1753320319049 1.6000001323845936e-06 179
1753320333113 1.6000001323845936e-06 180
1753320346627 9.999999974752427e-07 181
1753320360012 9.999999974752427e-07 182
1753320373868 9.999999974752427e-07 183
1753320387376 9.999999974752427e-07 184
1753320401187 9.999999974752427e-07 185
1753320414682 9.999999974752427e-07 186
1753320428247 9.999999974752427e-07 187
1753320442158 9.999999974752427e-07 188
1753320455722 9.999999974752427e-07 189
1753320469145 9.999999974752427e-07 190
1753320482928 9.999999974752427e-07 191
1753320496359 9.999999974752427e-07 192
1753320510153 9.999999974752427e-07 193
1753320523619 9.999999974752427e-07 194
1753320537444 9.999999974752427e-07 195
1753320550978 9.999999974752427e-07 196
1753320564429 9.999999974752427e-07 197
1753320578220 9.999999974752427e-07 198
1753320591605 9.999999974752427e-07 199
1753320605280 9.999999974752427e-07 200
1753320618909 9.999999974752427e-07 201
1753320632449 9.999999974752427e-07 202
1753320646574 9.999999974752427e-07 203
1753320660036 9.999999974752427e-07 204
1753320673684 9.999999974752427e-07 205
1753320687435 9.999999974752427e-07 206
1753320700936 9.999999974752427e-07 207
1753320714824 9.999999974752427e-07 208
1753320728346 9.999999974752427e-07 209
1753320742287 9.999999974752427e-07 210
1753320755969 9.999999974752427e-07 211
1753320769431 9.999999974752427e-07 212
1753320783343 9.999999974752427e-07 213
1753320797414 9.999999974752427e-07 214
1753320810925 9.999999974752427e-07 215
1753320824328 9.999999974752427e-07 216
1753320838215 9.999999974752427e-07 217
1753320851837 9.999999974752427e-07 218
1753320865698 9.999999974752427e-07 219
1753320879462 9.999999974752427e-07 220
1753320893331 9.999999974752427e-07 221
1753320907097 9.999999974752427e-07 222
1753320920540 9.999999974752427e-07 223
1753320934213 9.999999974752427e-07 224
1753320947830 9.999999974752427e-07 225
1753320961859 9.999999974752427e-07 226
1753320975420 9.999999974752427e-07 227
1753320989057 9.999999974752427e-07 228
1753321003166 9.999999974752427e-07 229
1753321016782 9.999999974752427e-07 230
1753321030254 9.999999974752427e-07 231
1753321044021 9.999999974752427e-07 232
1753321057774 9.999999974752427e-07 233
1753321071944 9.999999974752427e-07 234
1753321085647 9.999999974752427e-07 235
1753321099496 9.999999974752427e-07 236
1753321113297 9.999999974752427e-07 237
1753321126759 9.999999974752427e-07 238
1753321140666 9.999999974752427e-07 239
1753321154330 9.999999974752427e-07 240
1753321168007 9.999999974752427e-07 241
1753321181804 9.999999974752427e-07 242
1753321195250 9.999999974752427e-07 243
1753321209170 9.999999974752427e-07 244
1753321223237 9.999999974752427e-07 245
1753321236618 9.999999974752427e-07 246
1753321250213 9.999999974752427e-07 247
1753321263693 9.999999974752427e-07 248
1753321277619 9.999999974752427e-07 249
1753321291140 9.999999974752427e-07 250
1753321304865 9.999999974752427e-07 251
1753321318667 9.999999974752427e-07 252
1753321332254 9.999999974752427e-07 253
1753321345915 9.999999974752427e-07 254
1753321359473 9.999999974752427e-07 255
1753321373204 9.999999974752427e-07 256
1753321386783 9.999999974752427e-07 257
1753321400297 9.999999974752427e-07 258
1753321413983 9.999999974752427e-07 259
1753321427743 9.999999974752427e-07 260
1753321441210 9.999999974752427e-07 261
1753321454956 9.999999974752427e-07 262
1753321468409 9.999999974752427e-07 263
1753321482179 9.999999974752427e-07 264
1753321495514 9.999999974752427e-07 265
1753321509252 9.999999974752427e-07 266
1753321523080 9.999999974752427e-07 267
1753321536850 9.999999974752427e-07 268
1753321550563 9.999999974752427e-07 269
1753321563959 9.999999974752427e-07 270
1753321577656 9.999999974752427e-07 271
1753321591171 9.999999974752427e-07 272
1753321604511 9.999999974752427e-07 273
1753321618403 9.999999974752427e-07 274
1753321632340 9.999999974752427e-07 275
1753321645829 9.999999974752427e-07 276
1753321659498 9.999999974752427e-07 277
1753321673269 9.999999974752427e-07 278
1753321687094 9.999999974752427e-07 279
1753321700518 9.999999974752427e-07 280
1753321714739 9.999999974752427e-07 281
1753321728494 9.999999974752427e-07 282
1753321742104 9.999999974752427e-07 283
1753321755724 9.999999974752427e-07 284
1753321769279 9.999999974752427e-07 285
1753321783042 9.999999974752427e-07 286
1753321796542 9.999999974752427e-07 287
1753321810021 9.999999974752427e-07 288
1753321823805 9.999999974752427e-07 289
1753321837427 9.999999974752427e-07 290
1753321850918 9.999999974752427e-07 291
1753321864610 9.999999974752427e-07 292
1753321878330 9.999999974752427e-07 293
1753321892152 9.999999974752427e-07 294
1753321905539 9.999999974752427e-07 295
1753321919405 9.999999974752427e-07 296
1753321933284 9.999999974752427e-07 297
1753321946873 9.999999974752427e-07 298
1753321960412 9.999999974752427e-07 299
1753321973883 9.999999974752427e-07 300
