1753392746601 1.0 0
1753392766139 2.0 0
1753392785674 3.0 0
1753392805259 4.0 0
1753392824800 5.0 0
1753392844584 6.0 0
1753392864129 7.0 0
1753392883695 8.0 0
1753392903220 9.0 0
1753392922831 10.0 0
1753392942635 11.0 0
1753392962215 12.0 0
1753392981985 13.0 0
1753393001559 14.0 0
1753393021170 15.0 0
1753393040739 16.0 0
1753393060271 17.0 0
1753393080045 18.0 0
1753393099637 19.0 0
1753393119248 20.0 0
1753393139030 21.0 0
1753393158455 22.0 0
1753393196628 24.0 0
1753393216202 25.0 0
1753393255433 27.0 0
1753393275224 28.0 0
1753393294805 29.0 0
1753393314500 30.0 0
1753393373532 33.0 0
1753393451119 37.0 0
1753393490024 39.0 0
1753393509141 40.0 0
1753393567222 43.0 0
1753393605612 45.0 0
