1753392732559 0.42678 1
1753392752431 0.31291 2
1753392771982 0.24894 3
1753392791551 0.20036 4
1753392811123 0.16247 5
1753392830603 0.13301 6
1753392850434 0.11024 7
1753392869968 0.0924 8
1753392889523 0.07839 9
1753392909064 0.0674 10
1753392928656 0.05886 11
1753392948471 0.05223 12
1753392968050 0.04697 13
1753392987864 0.04276 14
1753393007427 0.03938 15
1753393027000 0.03662 16
1753393046532 0.03438 17
1753393066151 0.03246 18
1753393085867 0.03085 19
1753393105533 0.02951 20
1753393125168 0.02836 21
1753393144823 0.02735 22
1753393164272 0.02649 23
1753393183345 0.02571 24
1753393202444 0.02505 25
1753393222023 0.02452 26
1753393241747 0.02401 27
1753393261286 0.02353 28
1753393281105 0.02314 29
1753393300713 0.02279 30
1753393320406 0.0224 31
1753393339972 0.02218 32
1753393359582 0.02182 33
1753393379412 0.02149 34
1753393399020 0.02114 35
1753393418261 0.0209 36
1753393437688 0.0207 37
1753393457032 0.02052 38
1753393476623 0.02039 39
1753393495837 0.02027 40
1753393515019 0.02016 41
1753393534417 0.02002 42
1753393553569 0.01994 43
1753393573064 0.01986 44
1753393592160 0.01976 45
1753393611395 0.01964 46
1753393630482 0.01956 47
1753393649521 0.01952 48
1753393668874 0.01941 49
1753393687994 0.01936 50
1753393707108 0.01925 51
1753393726481 0.01925 52
1753393745736 0.01917 53
1753393765095 0.01909 54
1753393784193 0.01891 55
1753393803477 0.01882 56
1753393823306 0.01882 57
1753393842778 0.01877 58
1753393862604 0.01877 59
1753393881821 0.01873 60
1753393901061 0.01875 61
1753393920192 0.01873 62
1753393939365 0.01872 63
1753393958689 0.01867 64
1753393977722 0.01863 65
1753393997112 0.01863 66
1753394016712 0.0186 67
1753394036127 0.01859 68
1753394055672 0.0186 69
1753394075142 0.01861 70
1753394094617 0.01864 71
1753394114300 0.0186 72
1753394133197 0.01861 73
1753394152334 0.01859 74
1753394171377 0.01859 75
1753394190423 0.01861 76
1753394209530 0.01859 77
1753394228519 0.01857 78
1753394247845 0.01857 79
1753394266862 0.01861 80
1753394285780 0.01861 81
1753394305094 0.01856 82
1753394324225 0.01863 83
1753394343364 0.0186 84
1753394362239 0.01859 85
1753394381331 0.01859 86
1753394400623 0.01859 87
1753394419745 0.01861 88
1753394438893 0.01858 89
1753394457818 0.01857 90
1753394477050 0.01862 91
1753394495888 0.0186 92
1753394514845 0.0186 93
1753394534109 0.01858 94
1753394552908 0.01857 95
1753394571888 0.01858 96
1753394590895 0.01858 97
1753394609706 0.01858 98
1753394628867 0.01857 99
1753394647851 0.0186 100
1753394666703 0.01861 101
1753394685755 0.01861 102
1753394704509 0.01857 103
1753394723479 0.01859 104
1753394742384 0.01861 105
1753394761401 0.0186 106
1753394780653 0.01859 107
1753394799944 0.01857 108
1753394819088 0.01858 109
1753394838163 0.01859 110
1753394857323 0.01855 111
1753394876512 0.01856 112
1753394895964 0.01858 113
1753394915237 0.01857 114
1753394934634 0.01857 115
1753394953709 0.01859 116
1753394972941 0.0186 117
1753394992104 0.01857 118
1753395011265 0.01856 119
1753395030545 0.01858 120
1753395049784 0.01856 121
1753395069013 0.01858 122
1753395088482 0.01861 123
1753395108000 0.01856 124
1753395126969 0.01856 125
1753395146033 0.01856 126
1753395165164 0.01861 127
1753395184495 0.01857 128
1753395203604 0.01858 129
1753395222589 0.01858 130
1753395241465 0.01859 131
1753395260535 0.01859 132
1753395279608 0.01857 133
1753395298653 0.01856 134
1753395317845 0.01856 135
1753395336943 0.01859 136
1753395355915 0.01856 137
1753395375043 0.01857 138
1753395394030 0.01859 139
1753395413013 0.0186 140
1753395431925 0.01856 141
1753395450968 0.01859 142
1753395470218 0.01856 143
1753395489367 0.01858 144
1753395508460 0.01859 145
1753395527402 0.01859 146
1753395546785 0.01857 147
1753395565608 0.0186 148
1753395585074 0.01859 149
1753395604697 0.01858 150
1753395624436 0.01857 151
1753395643802 0.01857 152
1753395663345 0.01856 153
1753395682869 0.01855 154
1753395702069 0.01857 155
1753395721775 0.01856 156
1753395741588 0.01857 157
1753395761350 0.01855 158
1753395781311 0.01856 159
1753395801101 0.01855 160
1753395820069 0.01859 161
1753395839176 0.01856 162
1753395858107 0.01856 163
1753395877082 0.01856 164
1753395896104 0.01857 165
1753395915257 0.01854 166
1753395934307 0.01857 167
1753395953384 0.01856 168
1753395972477 0.01859 169
1753395991669 0.01857 170
1753396010597 0.01854 171
1753396029465 0.01855 172
1753396048688 0.01856 173
1753396068361 0.01854 174
1753396087815 0.01857 175
1753396107377 0.01859 176
1753396127105 0.01858 177
1753396146456 0.01853 178
1753396165946 0.01855 179
1753396185556 0.01856 180
1753396204871 0.01855 181
1753396224654 0.01857 182
1753396244193 0.01855 183
1753396263644 0.01855 184
1753396283311 0.01856 185
1753396302733 0.01857 186
1753396322128 0.01856 187
1753396341611 0.01856 188
1753396361157 0.01853 189
1753396380568 0.01857 190
1753396400016 0.01856 191
1753396419380 0.01856 192
1753396439097 0.01858 193
1753396458747 0.01857 194
1753396478003 0.01855 195
1753396497036 0.01856 196
1753396515949 0.01857 197
1753396535047 0.01856 198
1753396553949 0.01854 199
1753396573341 0.01855 200
1753396592348 0.01854 201
1753396611415 0.01858 202
1753396630736 0.01855 203
1753396649574 0.01858 204
1753396668926 0.01854 205
1753396687750 0.01854 206
1753396706547 0.01852 207
1753396725647 0.01854 208
1753396744471 0.01855 209
1753396763775 0.01855 210
1753396783184 0.01857 211
1753396802618 0.01855 212
1753396822224 0.01854 213
1753396841671 0.01854 214
1753396860910 0.01855 215
1753396880207 0.01854 216
1753396899359 0.01855 217
1753396918794 0.01853 218
1753396938192 0.01855 219
1753396957715 0.01855 220
1753396977182 0.01855 221
1753396996604 0.01853 222
1753397016242 0.01851 223
1753397035798 0.01856 224
1753397055267 0.01853 225
1753397074885 0.01853 226
1753397094318 0.01855 227
1753397113848 0.01854 228
1753397133459 0.01857 229
1753397153056 0.01856 230
1753397172965 0.01857 231
1753397192938 0.01854 232
1753397212768 0.01856 233
1753397232517 0.01855 234
1753397252190 0.01857 235
1753397271917 0.01853 236
1753397291465 0.01853 237
1753397310955 0.01854 238
1753397330663 0.01856 239
1753397350286 0.01853 240
1753397369919 0.01858 241
1753397389547 0.01853 242
1753397409035 0.01855 243
1753397428725 0.01854 244
1753397448524 0.01853 245
1753397467984 0.01855 246
1753397487666 0.01856 247
1753397507249 0.01853 248
1753397526748 0.01851 249
1753397546480 0.01854 250
1753397566058 0.01852 251
1753397585672 0.01856 252
1753397605427 0.01853 253
1753397625011 0.01855 254
1753397644482 0.01853 255
1753397664172 0.01853 256
1753397683813 0.01853 257
1753397703294 0.01854 258
1753397722927 0.01853 259
1753397742404 0.01854 260
1753397761826 0.01853 261
1753397781519 0.01855 262
1753397801036 0.01854 263
1753397820575 0.01853 264
1753397840033 0.01852 265
1753397859815 0.01852 266
1753397879285 0.01855 267
1753397898816 0.01851 268
1753397918499 0.01852 269
1753397938058 0.01855 270
1753397957499 0.0185 271
1753397976444 0.01852 272
1753397995661 0.01854 273
1753398014898 0.01854 274
1753398033834 0.01852 275
1753398052938 0.01852 276
1753398072172 0.01854 277
1753398091129 0.01853 278
1753398110458 0.01854 279
1753398129624 0.01851 280
1753398148797 0.01852 281
1753398167958 0.01853 282
1753398187146 0.01853 283
1753398206292 0.01853 284
1753398225246 0.01852 285
1753398244495 0.01853 286
1753398263450 0.01855 287
1753398282932 0.01852 288
1753398302253 0.01853 289
1753398321607 0.01852 290
1753398340881 0.0185 291
1753398360140 0.01852 292
1753398379299 0.0185 293
1753398398445 0.01849 294
1753398417537 0.01851 295
1753398437252 0.01851 296
1753398456796 0.0185 297
1753398475952 0.01852 298
1753398495056 0.01851 299
1753398514250 0.01851 300
