1753392746607 0.0010000000474974513 1
1753392766144 0.0010000000474974513 2
1753392785679 0.0010000000474974513 3
1753392805268 0.0010000000474974513 4
1753392824809 0.0010000000474974513 5
1753392844591 0.0010000000474974513 6
1753392864134 0.0010000000474974513 7
1753392883701 0.0010000000474974513 8
1753392903225 0.0010000000474974513 9
1753392922838 0.0010000000474974513 10
1753392942641 0.0010000000474974513 11
1753392962223 0.0010000000474974513 12
1753392981996 0.0010000000474974513 13
1753393001564 0.0010000000474974513 14
1753393021175 0.0010000000474974513 15
1753393040744 0.0010000000474974513 16
1753393060275 0.0010000000474974513 17
1753393080051 0.0010000000474974513 18
1753393099644 0.0010000000474974513 19
1753393119258 0.0010000000474974513 20
1753393139039 0.0010000000474974513 21
1753393158460 0.0010000000474974513 22
1753393177557 0.0010000000474974513 23
1753393196633 0.0010000000474974513 24
1753393216207 0.0010000000474974513 25
1753393235930 0.0010000000474974513 26
1753393255441 0.0010000000474974513 27
1753393275238 0.0010000000474974513 28
1753393294813 0.0010000000474974513 29
1753393314506 0.0010000000474974513 30
1753393334085 0.0010000000474974513 31
1753393353697 0.0010000000474974513 32
1753393373537 0.0010000000474974513 33
1753393393191 0.0010000000474974513 34
1753393412423 0.0010000000474974513 35
1753393431826 0.0010000000474974513 36
1753393451132 0.0010000000474974513 37
1753393470811 0.0010000000474974513 38
1753393490029 0.0010000000474974513 39
1753393509146 0.0010000000474974513 40
1753393528625 0.0010000000474974513 41
1753393547791 0.0010000000474974513 42
1753393567230 0.0010000000474974513 43
1753393586369 0.0010000000474974513 44
1753393605619 0.0010000000474974513 45
1753393624671 0.0010000000474974513 46
1753393643732 0.0010000000474974513 47
1753393663034 0.0010000000474974513 48
1753393682162 0.0010000000474974513 49
1753393701294 0.0010000000474974513 50
1753393720625 0.0010000000474974513 51
1753393739836 0.0010000000474974513 52
1753393759210 0.0010000000474974513 53
1753393778334 0.00020000000949949026 54
1753393797612 0.00020000000949949026 55
1753393817421 0.00020000000949949026 56
1753393836898 0.00020000000949949026 57
1753393856735 0.00020000000949949026 58
1753393875919 0.00020000000949949026 59
1753393895159 0.00020000000949949026 60
1753393914330 0.00020000000949949026 61
1753393933488 0.00020000000949949026 62
1753393952862 4.0000002627493814e-05 63
1753393971938 4.0000002627493814e-05 64
1753393991305 4.0000002627493814e-05 65
1753394010884 4.0000002627493814e-05 66
1753394030276 4.0000002627493814e-05 67
1753394049785 4.0000002627493814e-05 68
1753394069341 4.0000002627493814e-05 69
1753394088766 4.0000002627493814e-05 70
1753394108482 4.0000002627493814e-05 71
1753394127304 8.000000889296643e-06 72
1753394146471 8.000000889296643e-06 73
1753394165479 8.000000889296643e-06 74
1753394184549 8.000000889296643e-06 75
1753394203665 8.000000889296643e-06 76
1753394222709 8.000000889296643e-06 77
1753394241976 8.000000889296643e-06 78
1753394261032 8.000000889296643e-06 79
1753394279958 8.000000889296643e-06 80
1753394299237 1.6000001323845936e-06 81
1753394318380 1.6000001323845936e-06 82
1753394337508 1.6000001323845936e-06 83
1753394356391 1.6000001323845936e-06 84
1753394375431 1.6000001323845936e-06 85
1753394394867 1.6000001323845936e-06 86
1753394413922 1.6000001323845936e-06 87
1753394433096 1.6000001323845936e-06 88
1753394451966 1.6000001323845936e-06 89
1753394471208 9.999999974752427e-07 90
1753394490054 9.999999974752427e-07 91
1753394508972 9.999999974752427e-07 92
1753394528273 9.999999974752427e-07 93
1753394547077 9.999999974752427e-07 94
1753394566020 9.999999974752427e-07 95
1753394585068 9.999999974752427e-07 96
1753394603862 9.999999974752427e-07 97
1753394622970 9.999999974752427e-07 98
1753394642026 9.999999974752427e-07 99
1753394660843 9.999999974752427e-07 100
1753394679930 9.999999974752427e-07 101
1753394698681 9.999999974752427e-07 102
1753394717643 9.999999974752427e-07 103
1753394736536 9.999999974752427e-07 104
1753394755556 9.999999974752427e-07 105
1753394774827 9.999999974752427e-07 106
1753394794121 9.999999974752427e-07 107
1753394813225 9.999999974752427e-07 108
1753394832331 9.999999974752427e-07 109
1753394851428 9.999999974752427e-07 110
1753394870605 9.999999974752427e-07 111
1753394890041 9.999999974752427e-07 112
1753394909330 9.999999974752427e-07 113
1753394928773 9.999999974752427e-07 114
1753394947872 9.999999974752427e-07 115
1753394967113 9.999999974752427e-07 116
1753394986336 9.999999974752427e-07 117
1753395005414 9.999999974752427e-07 118
1753395024748 9.999999974752427e-07 119
1753395043878 9.999999974752427e-07 120
1753395063107 9.999999974752427e-07 121
1753395082584 9.999999974752427e-07 122
1753395102165 9.999999974752427e-07 123
1753395121068 9.999999974752427e-07 124
1753395140144 9.999999974752427e-07 125
1753395159234 9.999999974752427e-07 126
1753395178596 9.999999974752427e-07 127
1753395197779 9.999999974752427e-07 128
1753395216756 9.999999974752427e-07 129
1753395235605 9.999999974752427e-07 130
1753395254660 9.999999974752427e-07 131
1753395273711 9.999999974752427e-07 132
1753395292770 9.999999974752427e-07 133
1753395312008 9.999999974752427e-07 134
1753395331117 9.999999974752427e-07 135
1753395350046 9.999999974752427e-07 136
1753395369181 9.999999974752427e-07 137
1753395388201 9.999999974752427e-07 138
1753395407201 9.999999974752427e-07 139
1753395426073 9.999999974752427e-07 140
1753395445117 9.999999974752427e-07 141
1753395464380 9.999999974752427e-07 142
1753395483491 9.999999974752427e-07 143
1753395502564 9.999999974752427e-07 144
1753395521573 9.999999974752427e-07 145
1753395540885 9.999999974752427e-07 146
1753395559750 9.999999974752427e-07 147
1753395579208 9.999999974752427e-07 148
1753395598811 9.999999974752427e-07 149
1753395618570 9.999999974752427e-07 150
1753395638057 9.999999974752427e-07 151
1753395657484 9.999999974752427e-07 152
1753395677110 9.999999974752427e-07 153
1753395696197 9.999999974752427e-07 154
1753395715977 9.999999974752427e-07 155
1753395735761 9.999999974752427e-07 156
1753395755514 9.999999974752427e-07 157
1753395775519 9.999999974752427e-07 158
1753395795211 9.999999974752427e-07 159
1753395814205 9.999999974752427e-07 160
1753395833365 9.999999974752427e-07 161
1753395852265 9.999999974752427e-07 162
1753395871256 9.999999974752427e-07 163
1753395890319 9.999999974752427e-07 164
1753395909443 9.999999974752427e-07 165
1753395928472 9.999999974752427e-07 166
1753395947565 9.999999974752427e-07 167
1753395966669 9.999999974752427e-07 168
1753395985786 9.999999974752427e-07 169
1753396004756 9.999999974752427e-07 170
1753396023680 9.999999974752427e-07 171
1753396042867 9.999999974752427e-07 172
1753396062520 9.999999974752427e-07 173
1753396081991 9.999999974752427e-07 174
1753396101529 9.999999974752427e-07 175
1753396121204 9.999999974752427e-07 176
1753396140633 9.999999974752427e-07 177
1753396160045 9.999999974752427e-07 178
1753396179713 9.999999974752427e-07 179
1753396199109 9.999999974752427e-07 180
1753396218827 9.999999974752427e-07 181
1753396238398 9.999999974752427e-07 182
1753396257848 9.999999974752427e-07 183
1753396277433 9.999999974752427e-07 184
1753396296968 9.999999974752427e-07 185
1753396316367 9.999999974752427e-07 186
1753396335826 9.999999974752427e-07 187
1753396355379 9.999999974752427e-07 188
1753396374788 9.999999974752427e-07 189
1753396394200 9.999999974752427e-07 190
1753396413617 9.999999974752427e-07 191
1753396433208 9.999999974752427e-07 192
1753396452938 9.999999974752427e-07 193
1753396472185 9.999999974752427e-07 194
1753396491192 9.999999974752427e-07 195
1753396510095 9.999999974752427e-07 196
1753396529173 9.999999974752427e-07 197
1753396548041 9.999999974752427e-07 198
1753396567441 9.999999974752427e-07 199
1753396586422 9.999999974752427e-07 200
1753396605512 9.999999974752427e-07 201
1753396624828 9.999999974752427e-07 202
1753396643804 9.999999974752427e-07 203
1753396663147 9.999999974752427e-07 204
1753396681990 9.999999974752427e-07 205
1753396700782 9.999999974752427e-07 206
1753396719888 9.999999974752427e-07 207
1753396738693 9.999999974752427e-07 208
1753396757964 9.999999974752427e-07 209
1753396777306 9.999999974752427e-07 210
1753396796752 9.999999974752427e-07 211
1753396816442 9.999999974752427e-07 212
1753396835917 9.999999974752427e-07 213
1753396855158 9.999999974752427e-07 214
1753396874349 9.999999974752427e-07 215
1753396893526 9.999999974752427e-07 216
1753396913016 9.999999974752427e-07 217
1753396932409 9.999999974752427e-07 218
1753396951963 9.999999974752427e-07 219
1753396971400 9.999999974752427e-07 220
1753396990821 9.999999974752427e-07 221
1753397010447 9.999999974752427e-07 222
1753397030024 9.999999974752427e-07 223
1753397049471 9.999999974752427e-07 224
1753397069016 9.999999974752427e-07 225
1753397088528 9.999999974752427e-07 226
1753397108041 9.999999974752427e-07 227
1753397127598 9.999999974752427e-07 228
1753397147174 9.999999974752427e-07 229
1753397167062 9.999999974752427e-07 230
1753397187056 9.999999974752427e-07 231
1753397206841 9.999999974752427e-07 232
1753397226633 9.999999974752427e-07 233
1753397246335 9.999999974752427e-07 234
1753397266097 9.999999974752427e-07 235
1753397285600 9.999999974752427e-07 236
1753397305126 9.999999974752427e-07 237
1753397324822 9.999999974752427e-07 238
1753397344380 9.999999974752427e-07 239
1753397364075 9.999999974752427e-07 240
1753397383746 9.999999974752427e-07 241
1753397403187 9.999999974752427e-07 242
1753397422868 9.999999974752427e-07 243
1753397442654 9.999999974752427e-07 244
1753397462158 9.999999974752427e-07 245
1753397481810 9.999999974752427e-07 246
1753397501312 9.999999974752427e-07 247
1753397520930 9.999999974752427e-07 248
1753397540612 9.999999974752427e-07 249
1753397560214 9.999999974752427e-07 250
1753397579763 9.999999974752427e-07 251
1753397599582 9.999999974752427e-07 252
1753397619116 9.999999974752427e-07 253
1753397638622 9.999999974752427e-07 254
1753397658265 9.999999974752427e-07 255
1753397677925 9.999999974752427e-07 256
1753397697392 9.999999974752427e-07 257
1753397717036 9.999999974752427e-07 258
1753397736505 9.999999974752427e-07 259
1753397755961 9.999999974752427e-07 260
1753397775734 9.999999974752427e-07 261
1753397795175 9.999999974752427e-07 262
1753397814701 9.999999974752427e-07 263
1753397834199 9.999999974752427e-07 264
1753397853915 9.999999974752427e-07 265
1753397873475 9.999999974752427e-07 266
1753397892936 9.999999974752427e-07 267
1753397912659 9.999999974752427e-07 268
1753397932162 9.999999974752427e-07 269
1753397951621 9.999999974752427e-07 270
1753397970589 9.999999974752427e-07 271
1753397989786 9.999999974752427e-07 272
1753398009022 9.999999974752427e-07 273
1753398027974 9.999999974752427e-07 274
1753398047043 9.999999974752427e-07 275
1753398066326 9.999999974752427e-07 276
1753398085249 9.999999974752427e-07 277
1753398104540 9.999999974752427e-07 278
1753398123709 9.999999974752427e-07 279
1753398142925 9.999999974752427e-07 280
1753398162055 9.999999974752427e-07 281
1753398181240 9.999999974752427e-07 282
1753398200445 9.999999974752427e-07 283
1753398219388 9.999999974752427e-07 284
1753398238556 9.999999974752427e-07 285
1753398257599 9.999999974752427e-07 286
1753398277075 9.999999974752427e-07 287
1753398296359 9.999999974752427e-07 288
1753398315775 9.999999974752427e-07 289
1753398335037 9.999999974752427e-07 290
1753398354308 9.999999974752427e-07 291
1753398373420 9.999999974752427e-07 292
1753398392601 9.999999974752427e-07 293
1753398411685 9.999999974752427e-07 294
1753398431413 9.999999974752427e-07 295
1753398450866 9.999999974752427e-07 296
1753398470076 9.999999974752427e-07 297
1753398489157 9.999999974752427e-07 298
1753398508334 9.999999974752427e-07 299
1753398527501 9.999999974752427e-07 300
