1751899193023 1.0 0
1751899195504 2.0 0
1751899198057 3.0 0
1751899200562 4.0 0
1751899203333 5.0 0
1751899205794 6.0 0
1751899208247 7.0 0
1751899210779 8.0 0
1751899213211 9.0 0
1751899216226 10.0 0
1751899218686 11.0 0
1751899221097 12.0 0
1751899223579 13.0 0
1751899226427 14.0 0
1751899229508 15.0 0
1751899232442 16.0 0
1751899235384 17.0 0
1751899238417 18.0 0
1751899241289 19.0 0
1751899244132 20.0 0
1751899247067 21.0 0
1751899250013 22.0 0
1751899252944 23.0 0
1751899256072 24.0 0
1751899258956 25.0 0
1751899262024 26.0 0
1751899265109 27.0 0
1751899268205 28.0 0
1751899271324 29.0 0
1751899274398 30.0 0
1751899277230 31.0 0
1751899279857 32.0 0
1751899282440 33.0 0
1751899285043 34.0 0
1751899287682 35.0 0
1751899290329 36.0 0
1751899292955 37.0 0
1751899295578 38.0 0
1751899298367 39.0 0
1751899300862 40.0 0
1751899303308 41.0 0
1751899305827 42.0 0
1751899308346 43.0 0
1751899310882 44.0 0
1751899313193 45.0 0
1751899315424 46.0 0
1751899317657 47.0 0
1751899319880 48.0 0
1751899322104 49.0 0
1751899324340 50.0 0
1751899326574 51.0 0
1751899328818 52.0 0
1751899331063 53.0 0
1751899333305 54.0 0
1751899335541 55.0 0
1751899337797 56.0 0
1751899340046 57.0 0
1751899342276 58.0 0
1751899344616 59.0 0
1751899346868 60.0 0
1751899349151 61.0 0
1751899351679 62.0 0
1751899353962 63.0 0
1751899356267 64.0 0
1751899358571 65.0 0
1751899360842 66.0 0
1751899363125 67.0 0
1751899365417 68.0 0
1751899367723 69.0 0
1751899370046 70.0 0
1751899372345 71.0 0
1751899376885 73.0 0
1751899379132 74.0 0
1751899383554 76.0 0
1751899385790 77.0 0
1751899388028 78.0 0
1751899390246 79.0 0
1751899392557 80.0 0
1751899394774 81.0 0
1751899396978 82.0 0
1751899399143 83.0 0
1751899403419 85.0 0
1751899409798 88.0 0
1751899414220 90.0 0
1751899416491 91.0 0
1751899421385 93.0 0
1751899423840 94.0 0
1751899426266 95.0 0
1751899433752 98.0 0
1751899438501 100.0 0
1751899445584 103.0 0
1751899450341 105.0 0
1751899452805 106.0 0
1751899457750 108.0 0
1751899460244 109.0 0
1751899462595 110.0 0
1751899469559 113.0 0
1751899479442 117.0 0
1751899488474 121.0 0
1751899490791 122.0 0
1751899501614 127.0 0
1751899505859 129.0 0
1751899508034 130.0 0
1751899516840 134.0 0
1751899521227 136.0 0
1751899523614 137.0 0
1751899534145 142.0 0
1751899544832 147.0 0
1751899547052 148.0 0
1751899551432 150.0 0
1751899555806 152.0 0
1751899564598 156.0 0
1751899577644 162.0 0
1751899580059 163.0 0
1751899599505 171.0 0
1751899604048 173.0 0
1751899606303 174.0 0
1751899608549 175.0 0
