1751899191436 0.82689 1
1751899194879 0.7661 2
1751899197383 0.72299 3
1751899199939 0.67088 4
1751899202707 0.62344 5
1751899205155 0.58553 6
1751899207621 0.55344 7
1751899210125 0.52794 8
1751899212599 0.50548 9
1751899215416 0.4842 10
1751899218082 0.46392 11
1751899220471 0.44466 12
1751899222894 0.42612 13
1751899225664 0.408 14
1751899228667 0.39013 15
1751899231697 0.37305 16
1751899234627 0.35708 17
1751899237636 0.34109 18
1751899240564 0.32592 19
1751899243390 0.31133 20
1751899246353 0.29764 21
1751899249270 0.2847 22
1751899252192 0.27182 23
1751899255375 0.26019 24
1751899258187 0.2481 25
1751899261245 0.23789 26
1751899264363 0.22715 27
1751899267380 0.2173 28
1751899270500 0.20839 29
1751899273606 0.19961 30
1751899276566 0.19108 31
1751899279209 0.18281 32
1751899281786 0.17564 33
1751899284381 0.17014 34
1751899287016 0.16173 35
1751899289664 0.15519 36
1751899292295 0.14874 37
1751899294917 0.1428 38
1751899297571 0.13772 39
1751899300238 0.13311 40
1751899302680 0.12785 41
1751899305193 0.12298 42
1751899307701 0.11878 43
1751899310245 0.11452 44
1751899312635 0.11017 45
1751899314863 0.10643 46
1751899317095 0.10332 47
1751899319322 0.09973 48
1751899321544 0.09667 49
1751899323774 0.09636 50
1751899326002 0.09274 51
1751899328257 0.0894 52
1751899330498 0.08606 53
1751899332746 0.0831 54
1751899334979 0.08066 55
1751899337231 0.07859 56
1751899339479 0.07658 57
1751899341717 0.07424 58
1751899344054 0.07188 59
1751899346298 0.07026 60
1751899348574 0.06893 61
1751899351105 0.06709 62
1751899353383 0.06486 63
1751899355691 0.06337 64
1751899357959 0.06169 65
1751899360268 0.06012 66
1751899362557 0.0587 67
1751899364834 0.05733 68
1751899367142 0.0556 69
1751899369442 0.05415 70
1751899371774 0.05265 71
1751899374042 0.05135 72
1751899376307 0.05019 73
1751899378569 0.04933 74
1751899380800 0.04838 75
1751899382997 0.04753 76
1751899385228 0.04762 77
1751899387468 0.04759 78
1751899389687 0.04691 79
1751899391999 0.04521 80
1751899394215 0.04447 81
1751899396435 0.04331 82
1751899398600 0.04242 83
1751899400755 0.04209 84
1751899402877 0.04106 85
1751899405044 0.04016 86
1751899407160 0.03988 87
1751899409259 0.03915 88
1751899411430 0.03841 89
1751899413646 0.03812 90
1751899415919 0.0375 91
1751899418330 0.03722 92
1751899420766 0.03664 93
1751899423225 0.03617 94
1751899425642 0.03563 95
1751899428095 0.03561 96
1751899430650 0.03564 97
1751899433140 0.03506 98
1751899435550 0.03429 99
1751899437880 0.03411 100
1751899440301 0.0334 101
1751899442656 0.03283 102
1751899444985 0.03286 103
1751899447373 0.03265 104
1751899449719 0.03237 105
1751899452181 0.03199 106
1751899454685 0.03202 107
1751899457113 0.03177 108
1751899459619 0.0306 109
1751899462022 0.03036 110
1751899464268 0.03004 111
1751899466494 0.03001 112
1751899468943 0.02946 113
1751899471349 0.0296 114
1751899473765 0.0291 115
1751899476320 0.02894 116
1751899478807 0.02864 117
1751899481331 0.02877 118
1751899483571 0.02848 119
1751899485749 0.0279 120
1751899487912 0.02852 121
1751899490239 0.02786 122
1751899492438 0.02745 123
1751899494665 0.02716 124
1751899496832 0.02752 125
1751899498970 0.02687 126
1751899501076 0.02691 127
1751899503214 0.02677 128
1751899505325 0.0265 129
1751899507479 0.02616 130
1751899509690 0.02604 131
1751899511861 0.02575 132
1751899514033 0.02577 133
1751899516207 0.0257 134
1751899518512 0.02563 135
1751899520676 0.02544 136
1751899522827 0.02517 137
1751899525210 0.02576 138
1751899527318 0.02562 139
1751899529420 0.02508 140
1751899531522 0.02514 141
1751899533611 0.02474 142
1751899535788 0.02444 143
1751899537904 0.02448 144
1751899540007 0.02416 145
1751899542106 0.0239 146
1751899544264 0.02395 147
1751899546499 0.02346 148
1751899548699 0.02342 149
1751899550876 0.02351 150
1751899553083 0.02385 151
1751899555253 0.02337 152
1751899557446 0.02313 153
1751899559700 0.02315 154
1751899561891 0.02296 155
1751899564047 0.02329 156
1751899566237 0.02305 157
1751899568421 0.02267 158
1751899570579 0.0231 159
1751899572748 0.02247 160
1751899574930 0.0226 161
1751899577090 0.0224 162
1751899579436 0.02231 163
1751899581911 0.02236 164
1751899584350 0.02252 165
1751899586773 0.0222 166
1751899589184 0.02238 167
1751899591614 0.02219 168
1751899594020 0.02223 169
1751899596445 0.02196 170
1751899598931 0.02214 171
1751899601266 0.02231 172
1751899603474 0.02211 173
1751899605733 0.02187 174
1751899607979 0.02161 175
1751899610233 0.02146 176
1751899612459 0.02115 177
1751899614670 0.02137 178
1751899616912 0.02164 179
1751899619145 0.02142 180
1751899621389 0.02123 181
1751899623602 0.02161 182
1751899625810 0.02123 183
1751899628029 0.02089 184
1751899630265 0.02125 185
