1752941330008 1.0 0
1752941354227 2.0 0
1752941379003 3.0 0
1752941403119 4.0 0
1752941427607 5.0 0
1752941451575 6.0 0
1752941475281 7.0 0
1752941499284 8.0 0
1752941523333 9.0 0
1752941547582 10.0 0
1752941571793 11.0 0
1752941595860 12.0 0
1752941619793 13.0 0
1752941644068 14.0 0
1752941668914 15.0 0
1752941693292 16.0 0
1752941717339 17.0 0
1752941741527 18.0 0
1752941765985 19.0 0
1752941814629 21.0 0
1752941838493 22.0 0
1752941982861 28.0 0
1752942006949 29.0 0
1752942104514 33.0 0
1752942249860 39.0 0
1752942274350 40.0 0
1752942346713 43.0 0
1752942371166 44.0 0
1752942637974 55.0 0
1752942711059 58.0 0
