1752941315368 0.4304 1
1752941340167 0.25444 2
1752941364472 0.15433 3
1752941389214 0.10166 4
1752941413253 0.07354 5
1752941437672 0.05758 6
1752941461645 0.04792 7
1752941485375 0.04175 8
1752941509265 0.0375 9
1752941533317 0.0346 10
1752941557752 0.03251 11
1752941581924 0.0308 12
1752941605969 0.02954 13
1752941629905 0.02856 14
1752941654216 0.02786 15
1752941679051 0.02714 16
1752941703460 0.02659 17
1752941727509 0.02616 18
1752941751695 0.02573 19
1752941776081 0.02536 20
1752941800149 0.02512 21
1752941824791 0.02486 22
1752941848666 0.02467 23
1752941872855 0.02449 24
1752941896877 0.02425 25
1752941920740 0.02403 26
1752941944678 0.0239 27
1752941968891 0.02377 28
1752941993047 0.02365 29
1752942017027 0.02347 30
1752942041432 0.02341 31
1752942065872 0.02323 32
1752942090245 0.02307 33
1752942114534 0.02297 34
1752942138926 0.02295 35
1752942162698 0.02285 36
1752942187100 0.02266 37
1752942211278 0.02253 38
1752942235546 0.02253 39
1752942259974 0.02248 40
1752942284583 0.02224 41
1752942308535 0.02214 42
1752942332763 0.02206 43
1752942356839 0.02206 44
1752942381221 0.02191 45
1752942405454 0.02177 46
1752942430073 0.02164 47
1752942454158 0.02166 48
1752942478411 0.02147 49
1752942502500 0.02139 50
1752942526676 0.02136 51
1752942551034 0.02133 52
1752942575352 0.02113 53
1752942599632 0.02103 54
1752942623926 0.02094 55
1752942648110 0.02097 56
1752942672145 0.02082 57
1752942696960 0.02073 58
1752942721103 0.02074 59
1752942745128 0.02064 60
1752942769430 0.02042 61
1752942793756 0.02035 62
1752942818173 0.02024 63
1752942842758 0.02013 64
1752942867059 0.02007 65
1752942891235 0.02002 66
1752942915389 0.01994 67
1752942939984 0.01994 68
1752942964699 0.0198 69
1752942988877 0.01972 70
1752943013333 0.01973 71
1752943037529 0.01957 72
1752943061496 0.01954 73
1752943085584 0.01939 74
1752943110012 0.01934 75
1752943134495 0.01931 76
1752943158734 0.0192 77
1752943182980 0.01914 78
1752943207583 0.01905 79
1752943231788 0.01901 80
1752943255800 0.01892 81
1752943280385 0.01889 82
1752943305034 0.01892 83
1752943329603 0.01884 84
1752943354600 0.01873 85
1752943378351 0.01873 86
1752943402221 0.0187 87
1752943426597 0.0188 88
1752943450122 0.01859 89
1752943473958 0.01857 90
1752943497985 0.01847 91
1752943522201 0.01843 92
1752943546526 0.01837 93
1752943570799 0.01834 94
1752943594982 0.01837 95
1752943619410 0.01842 96
1752943643955 0.01835 97
1752943667611 0.01834 98
1752943691898 0.01816 99
1752943716431 0.0181 100
1752943740899 0.0181 101
1752943765290 0.0181 102
1752943789105 0.01809 103
1752943813244 0.01802 104
1752943837576 0.01808 105
1752943861090 0.01797 106
1752943885542 0.01798 107
1752943909572 0.01792 108
1752943933711 0.01792 109
1752943958204 0.01788 110
1752943982168 0.01785 111
1752944006579 0.01784 112
1752944030717 0.01784 113
1752944054985 0.0178 114
1752944079259 0.01777 115
1752944103243 0.01771 116
1752944127837 0.01772 117
1752944151901 0.01774 118
1752944175973 0.01772 119
1752944200500 0.0177 120
1752944224684 0.01775 121
1752944248868 0.01762 122
1752944273417 0.01764 123
1752944297785 0.01763 124
1752944321771 0.01756 125
1752944345865 0.0176 126
1752944369695 0.01757 127
1752944393598 0.01757 128
1752944417157 0.01752 129
1752944441273 0.01755 130
1752944465474 0.01763 131
1752944489788 0.0175 132
1752944514010 0.01749 133
1752944538220 0.0175 134
1752944562553 0.01759 135
1752944586771 0.0177 136
1752944610814 0.01758 137
1752944635354 0.01753 138
1752944659606 0.01748 139
1752944684095 0.01741 140
1752944708378 0.01739 141
1752944732790 0.01739 142
1752944757003 0.01743 143
1752944780854 0.01739 144
1752944804640 0.01751 145
1752944828839 0.01745 146
1752944853405 0.01742 147
1752944877577 0.01735 148
1752944901763 0.01737 149
1752944925963 0.01736 150
1752944950011 0.0173 151
1752944974057 0.01732 152
1752944998392 0.01738 153
1752945022735 0.01744 154
1752945047144 0.01737 155
1752945071475 0.0173 156
1752945095803 0.01725 157
1752945119660 0.01726 158
1752945143719 0.01738 159
1752945167880 0.01733 160
1752945192157 0.01734 161
1752945216142 0.01727 162
1752945240200 0.01732 163
1752945264381 0.01732 164
1752945288324 0.01723 165
1752945312149 0.01722 166
1752945336316 0.01721 167
1752945360582 0.01719 168
1752945384576 0.01728 169
1752945408885 0.0174 170
1752945432710 0.01728 171
1752945456796 0.0172 172
1752945481150 0.01718 173
1752945505381 0.01718 174
1752945529689 0.01722 175
1752945553766 0.01723 176
1752945577669 0.01734 177
1752945601922 0.01718 178
1752945626336 0.01731 179
1752945650093 0.01759 180
1752945673951 0.01719 181
1752945698055 0.0172 182
1752945722285 0.01739 183
1752945746781 0.0172 184
1752945770952 0.01721 185
1752945795108 0.01712 186
1752945818792 0.01715 187
1752945842430 0.01718 188
1752945866476 0.0171 189
1752945890689 0.01712 190
1752945914937 0.01709 191
1752945939184 0.01709 192
1752945962937 0.01712 193
1752945987331 0.01713 194
1752946011290 0.01718 195
1752946035030 0.01713 196
1752946058731 0.01709 197
1752946083002 0.01712 198
1752946107283 0.01723 199
1752946131370 0.01709 200
1752946155682 0.0171 201
1752946179921 0.01709 202
1752946204201 0.01709 203
1752946228390 0.01703 204
1752946252364 0.01704 205
1752946277021 0.01706 206
1752946301473 0.01718 207
1752946325259 0.01705 208
1752946349324 0.01707 209
1752946373512 0.01712 210
1752946397842 0.01705 211
1752946422372 0.01723 212
1752946446521 0.01704 213
1752946470876 0.01708 214
1752946495290 0.01699 215
1752946519564 0.01704 216
1752946544269 0.01703 217
1752946568484 0.01704 218
1752946592803 0.01706 219
1752946617148 0.01707 220
1752946641476 0.017 221
1752946665856 0.01698 222
1752946690071 0.01701 223
1752946714126 0.01696 224
1752946738341 0.01702 225
1752946763108 0.01707 226
1752946787019 0.01703 227
1752946811643 0.01698 228
1752946835783 0.01699 229
1752946860080 0.01696 230
1752946883904 0.01699 231
1752946908617 0.01701 232
1752946932477 0.017 233
1752946956716 0.01696 234
1752946980691 0.01704 235
1752947004890 0.01703 236
1752947029226 0.0171 237
1752947053021 0.017 238
1752947077264 0.017 239
1752947101260 0.01715 240
1752947126524 0.01711 241
1752947151295 0.01705 242
1752947175563 0.01697 243
1752947199807 0.01694 244
1752947223842 0.017 245
1752947247732 0.0171 246
1752947271361 0.01699 247
1752947295393 0.01693 248
1752947319567 0.01693 249
1752947342930 0.01692 250
1752947366938 0.01695 251
1752947391254 0.01727 252
1752947415156 0.01695 253
1752947438739 0.01693 254
1752947463049 0.01694 255
1752947486979 0.01706 256
1752947511160 0.01692 257
1752947535222 0.01691 258
1752947559890 0.01691 259
1752947583889 0.01699 260
1752947607993 0.01687 261
1752947632279 0.01687 262
1752947656299 0.01699 263
1752947680309 0.0169 264
1752947704939 0.01687 265
1752947729186 0.01689 266
1752947753511 0.01688 267
1752947777657 0.01694 268
1752947802098 0.01689 269
1752947826068 0.01703 270
1752947850404 0.01693 271
1752947874669 0.0169 272
1752947898567 0.01693 273
1752947922776 0.01686 274
1752947947087 0.01685 275
1752947970920 0.01691 276
1752947994791 0.01698 277
1752948019057 0.01687 278
1752948042937 0.0169 279
1752948066913 0.01692 280
1752948091195 0.01689 281
1752948115265 0.01691 282
1752948139261 0.01695 283
1752948163269 0.01691 284
1752948187728 0.01708 285
1752948211675 0.01694 286
1752948235916 0.01691 287
1752948260101 0.01683 288
1752948284646 0.017 289
1752948308801 0.01688 290
1752948333440 0.01687 291
1752948357694 0.01686 292
1752948381924 0.0169 293
1752948406148 0.01699 294
1752948430349 0.01696 295
1752948454598 0.01684 296
1752948478809 0.01682 297
1752948503007 0.01687 298
1752948527098 0.01685 299
1752948550972 0.01681 300
