1753230012609 1.0 0
1753230047523 2.0 0
1753230082756 3.0 0
1753230118640 4.0 0
1753230154408 5.0 0
1753230190122 6.0 0
1753230227351 7.0 0
1753230264565 8.0 0
1753230300759 9.0 0
1753230336921 10.0 0
1753230373685 11.0 0
1753230409750 12.0 0
1753230445858 13.0 0
1753230482129 14.0 0
1753230518568 15.0 0
1753230555471 16.0 0
1753230592191 17.0 0
1753230629235 18.0 0
1753230666139 19.0 0
1753230702977 20.0 0
1753230739611 21.0 0
1753230776220 22.0 0
1753230849795 24.0 0
1753230886565 25.0 0
1753230923157 26.0 0
1753230960584 27.0 0
1753230998155 28.0 0
1753231034979 29.0 0
1753231071460 30.0 0
1753231108969 31.0 0
1753231145617 32.0 0
1753231258015 35.0 0
1753231333795 37.0 0
1753231371769 38.0 0
1753231408536 39.0 0
1753231484263 41.0 0
1753231520962 42.0 0
1753231557834 43.0 0
1753231631627 45.0 0
1753231705683 47.0 0
1753231743239 48.0 0
1753232337451 64.0 0
