1753229987123 0.42441 1
1753230023417 0.30829 2
1753230058509 0.24722 3
1753230093696 0.19982 4
1753230129683 0.16227 5
1753230165610 0.13329 6
1753230201690 0.11087 7
1753230239041 0.09358 8
1753230276162 0.08029 9
1753230312488 0.07011 10
1753230348835 0.06178 11
1753230385453 0.05534 12
1753230421623 0.05003 13
1753230457750 0.04579 14
1753230494218 0.0423 15
1753230530859 0.0394 16
1753230567663 0.03698 17
1753230604349 0.0349 18
1753230641525 0.03322 19
1753230678221 0.03196 20
1753230715210 0.03048 21
1753230751596 0.02933 22
1753230788467 0.02833 23
1753230825057 0.0276 24
1753230862153 0.02673 25
1753230898415 0.02605 26
1753230935460 0.02545 27
1753230972931 0.02496 28
1753231010151 0.02447 29
1753231047013 0.02406 30
1753231083963 0.02371 31
1753231121210 0.02338 32
1753231157660 0.02291 33
1753231195868 0.02266 34
1753231233679 0.02235 35
1753231270289 0.02211 36
1753231308009 0.02185 37
1753231346087 0.0217 38
1753231384112 0.02154 39
1753231420868 0.02127 40
1753231458370 0.02104 41
1753231496404 0.02088 42
1753231533326 0.02073 43
1753231569887 0.02062 44
1753231606990 0.02063 45
1753231643758 0.02042 46
1753231680915 0.0205 47
1753231718078 0.02037 48
1753231755501 0.0201 49
1753231793616 0.02012 50
1753231830591 0.01999 51
1753231868282 0.0198 52
1753231905383 0.01985 53
1753231942463 0.01963 54
1753231979340 0.0196 55
1753232015836 0.01963 56
1753232052615 0.01981 57
1753232090416 0.01957 58
1753232126699 0.01964 59
1753232162917 0.01939 60
1753232199808 0.01931 61
1753232236781 0.01918 62
1753232273910 0.01921 63
1753232312572 0.01907 64
1753232349797 0.01913 65
1753232386497 0.01905 66
1753232423861 0.01905 67
1753232461467 0.01895 68
1753232499199 0.01893 69
1753232535839 0.01884 70
1753232572279 0.01877 71
1753232609317 0.019 72
1753232646408 0.01899 73
1753232683138 0.01879 74
1753232721858 0.01883 75
1753232759258 0.01868 76
1753232795931 0.01858 77
1753232834222 0.01871 78
1753232872248 0.01858 79
1753232909180 0.0187 80
1753232946073 0.01868 81
1753232983157 0.01864 82
1753233019869 0.01849 83
1753233056882 0.01856 84
1753233094070 0.01862 85
1753233130582 0.01858 86
1753233167946 0.0186 87
1753233205551 0.0185 88
1753233242716 0.01846 89
1753233279164 0.01867 90
1753233315627 0.01848 91
1753233352094 0.01842 92
1753233388821 0.01841 93
1753233425423 0.01877 94
1753233462022 0.01838 95
1753233498814 0.01834 96
1753233535715 0.01827 97
1753233572187 0.01823 98
1753233609293 0.01819 99
1753233645707 0.01817 100
1753233682105 0.01813 101
1753233719177 0.01813 102
1753233756385 0.01814 103
1753233792947 0.01822 104
1753233829963 0.01823 105
1753233866297 0.01821 106
1753233903158 0.01819 107
1753233940153 0.01811 108
1753233977121 0.0182 109
1753234015363 0.01818 110
1753234052096 0.01809 111
1753234088871 0.01814 112
1753234125151 0.01812 113
1753234161726 0.0183 114
1753234199261 0.01809 115
1753234235956 0.01805 116
1753234274035 0.01807 117
1753234310884 0.018 118
1753234347644 0.018 119
1753234386021 0.01813 120
1753234422895 0.01841 121
1753234459083 0.01818 122
1753234497164 0.01807 123
1753234533581 0.01797 124
1753234570748 0.01799 125
1753234607863 0.01801 126
1753234645447 0.01793 127
1753234681961 0.01793 128
1753234718488 0.01799 129
1753234755140 0.01802 130
1753234792605 0.01787 131
1753234829982 0.01782 132
1753234866796 0.01791 133
1753234903008 0.01783 134
1753234940108 0.0178 135
1753234975961 0.01784 136
1753235012866 0.01796 137
1753235049585 0.01781 138
1753235086831 0.01787 139
1753235123447 0.01797 140
1753235161029 0.01797 141
1753235197898 0.01779 142
1753235234271 0.01772 143
1753235270658 0.01778 144
1753235307493 0.01794 145
1753235344118 0.01775 146
1753235380655 0.01773 147
1753235417148 0.01777 148
1753235454057 0.01771 149
1753235491357 0.01767 150
1753235528787 0.01767 151
1753235566616 0.01773 152
1753235603849 0.0177 153
1753235640785 0.01769 154
1753235677509 0.01778 155
1753235713896 0.01803 156
1753235750549 0.01782 157
1753235787155 0.01788 158
1753235823639 0.01778 159
1753235860690 0.01775 160
1753235897537 0.01778 161
1753235934836 0.01779 162
1753235971933 0.01796 163
1753236010134 0.01782 164
1753236047128 0.01776 165
1753236083768 0.01772 166
1753236121234 0.01769 167
1753236158199 0.01779 168
1753236196235 0.01776 169
1753236232797 0.01759 170
1753236269786 0.01759 171
1753236306317 0.01758 172
1753236343797 0.01754 173
1753236380843 0.01768 174
1753236417477 0.0176 175
1753236454850 0.01757 176
1753236491595 0.01792 177
1753236529059 0.01762 178
1753236566233 0.01767 179
1753236603930 0.01767 180
1753236640613 0.0176 181
1753236677993 0.0177 182
1753236715132 0.0178 183
1753236752212 0.01767 184
1753236788999 0.01755 185
1753236826731 0.01751 186
1753236863843 0.01759 187
1753236900859 0.01757 188
1753236938460 0.0175 189
1753236976375 0.01763 190
1753237013445 0.01753 191
1753237050254 0.01778 192
1753237087070 0.01789 193
1753237123861 0.01774 194
1753237160159 0.01777 195
1753237197137 0.01769 196
1753237235107 0.01757 197
1753237272195 0.01759 198
1753237308957 0.01777 199
1753237346416 0.01765 200
1753237383729 0.01751 201
1753237421006 0.01756 202
1753237458347 0.01743 203
1753237494937 0.01743 204
1753237532060 0.01757 205
1753237569943 0.01748 206
1753237606595 0.01743 207
1753237643628 0.01746 208
1753237680522 0.01763 209
1753237717578 0.01766 210
1753237755404 0.01745 211
1753237792625 0.01753 212
1753237829374 0.01748 213
1753237866183 0.01755 214
1753237903625 0.01753 215
1753237940139 0.01767 216
1753237976996 0.01752 217
1753238013430 0.01746 218
1753238050798 0.01755 219
1753238088492 0.01743 220
1753238126706 0.01742 221
1753238164106 0.01755 222
1753238201223 0.01768 223
1753238237775 0.01753 224
1753238274426 0.0175 225
1753238312107 0.01744 226
1753238348908 0.01739 227
1753238385529 0.01732 228
1753238422180 0.01736 229
1753238459361 0.01772 230
1753238497850 0.01747 231
1753238535026 0.01754 232
1753238572236 0.01741 233
1753238609154 0.01752 234
1753238645625 0.01744 235
1753238682883 0.01751 236
1753238720644 0.01799 237
1753238757800 0.01752 238
1753238794739 0.01748 239
1753238831961 0.0174 240
1753238868659 0.01735 241
1753238905822 0.01739 242
1753238942609 0.01741 243
1753238979715 0.01753 244
1753239015968 0.01736 245
1753239052369 0.01787 246
1753239089323 0.01756 247
1753239126986 0.01747 248
1753239164214 0.01731 249
1753239200943 0.01732 250
1753239238377 0.0173 251
1753239276457 0.01727 252
1753239313477 0.01725 253
1753239350028 0.01747 254
1753239387068 0.01744 255
1753239424597 0.01734 256
1753239461352 0.01727 257
1753239498310 0.01724 258
1753239534525 0.01732 259
1753239572240 0.01741 260
1753239609066 0.01738 261
1753239646401 0.01738 262
1753239683610 0.01733 263
1753239720184 0.01724 264
1753239757273 0.0173 265
1753239794511 0.01733 266
1753239832308 0.01731 267
1753239869286 0.01742 268
1753239906929 0.01733 269
1753239943810 0.01749 270
1753239980419 0.01725 271
1753240017256 0.01727 272
1753240054403 0.01739 273
1753240091567 0.01737 274
1753240128389 0.01733 275
1753240165645 0.01725 276
1753240202175 0.0173 277
1753240239544 0.01724 278
1753240276764 0.01752 279
1753240313524 0.01742 280
1753240351372 0.01745 281
1753240388757 0.01724 282
1753240425665 0.01724 283
1753240463486 0.01722 284
1753240501240 0.01718 285
1753240538219 0.0173 286
1753240575309 0.01778 287
1753240611897 0.01741 288
1753240648933 0.01746 289
1753240685096 0.01731 290
1753240721847 0.0174 291
1753240758648 0.01729 292
1753240795825 0.01781 293
1753240832529 0.01738 294
1753240868951 0.01727 295
1753240906722 0.01745 296
1753240944046 0.01729 297
1753240980738 0.0172 298
1753241018445 0.01725 299
1753241054949 0.01745 300
