1751491442031 1.0 0
1751491712196 2.0 0
1751491987750 3.0 0
1751492258352 4.0 0
1751492531310 5.0 0
1751492797249 6.0 0
1751493062846 7.0 0
1751493330932 8.0 0
1751493600574 9.0 0
1751493871452 10.0 0
1751494144097 11.0 0
1751494412196 12.0 0
1751494675897 13.0 0
1751494942581 14.0 0
1751495209021 15.0 0
1751495473796 16.0 0
1751495741305 17.0 0
1751496014849 18.0 0
1751496283525 19.0 0
1751496554008 20.0 0
1751497096621 22.0 0
1751497637605 24.0 0
1751497905497 25.0 0
1751498434146 27.0 0
1751498700811 28.0 0
1751498967652 29.0 0
1751500030811 33.0 0
1751500297695 34.0 0
1751500567036 35.0 0
1751501653606 39.0 0
1751503785540 47.0 0
1751504318420 49.0 0
