1751491244666 0.50367 1
1751491647025 0.22797 2
1751491925203 0.11173 3
1751492197639 0.06297 4
1751492464975 0.04194 5
1751492735268 0.03366 6
1751493003751 0.02949 7
1751493266394 0.02688 8
1751493537302 0.02523 9
1751493811113 0.02411 10
1751494075620 0.0233 11
1751494348008 0.02273 12
1751494615649 0.02227 13
1751494881379 0.02194 14
1751495144114 0.02165 15
1751495411021 0.02147 16
1751495680351 0.0213 17
1751495949822 0.02115 18
1751496218949 0.02101 19
1751496491564 0.02092 20
1751496761529 0.0208 21
1751497030322 0.02073 22
1751497302350 0.02067 23
1751497575843 0.02059 24
1751497842614 0.02052 25
1751498108320 0.02046 26
1751498374358 0.02042 27
1751498639259 0.02033 28
1751498903318 0.02028 29
1751499169648 0.02027 30
1751499436411 0.02018 31
1751499701267 0.02013 32
1751499969844 0.02011 33
1751500237096 0.02008 34
1751500502077 0.02004 35
1751500770148 0.02001 36
1751501054053 0.01998 37
1751501323135 0.01992 38
1751501588571 0.01992 39
1751501857895 0.01989 40
1751502129613 0.01985 41
1751502393918 0.01979 42
1751502661645 0.01985 43
1751502926234 0.01974 44
1751503190372 0.01975 45
1751503458192 0.0197 46
1751503725078 0.0197 47
1751503991574 0.01967 48
1751504253833 0.01961 49
1751504520155 0.01961 50
1751504785043 0.01958 51
1751505049230 0.01952 52
1751505315928 0.01954 53
1751505581877 0.01952 54
1751505845076 0.0195 55
1751506116610 0.01946 56
1751506386778 0.01941 57
1751506659378 0.01946 58
1751506934244 0.01943 59
