1753145567573 1.0 0
1753145581908 2.0 0
1753145595837 3.0 0
1753145611147 4.0 0
1753145625477 5.0 0
1753145639306 6.0 0
1753145653722 7.0 0
1753145668020 8.0 0
1753145682167 9.0 0
1753145696470 10.0 0
1753145710526 11.0 0
1753145724581 12.0 0
1753145738531 13.0 0
1753145752673 14.0 0
1753145766682 15.0 0
1753145781243 16.0 0
1753145795507 17.0 0
1753145809798 18.0 0
1753145824157 19.0 0
1753145838388 20.0 0
1753145852304 21.0 0
1753145866897 22.0 0
1753145881127 23.0 0
1753145895205 24.0 0
1753145909374 25.0 0
1753145923441 26.0 0
1753145937508 27.0 0
1753145951590 28.0 0
1753145965949 29.0 0
1753145979948 30.0 0
1753145994235 31.0 0
1753146008477 32.0 0
1753146022493 33.0 0
1753146036781 34.0 0
1753146050951 35.0 0
1753146064793 36.0 0
1753146079106 37.0 0
1753146093240 38.0 0
1753146107356 39.0 0
1753146121386 40.0 0
1753146135830 41.0 0
1753146164165 43.0 0
1753146178200 44.0 0
1753146192317 45.0 0
1753146206480 46.0 0
1753146220831 47.0 0
1753146235424 48.0 0
1753146249952 49.0 0
1753146264372 50.0 0
1753146293035 52.0 0
1753146307639 53.0 0
1753146321657 54.0 0
1753146350340 56.0 0
1753146364475 57.0 0
1753146378746 58.0 0
1753146407184 60.0 0
1753146421513 61.0 0
1753146435858 62.0 0
1753146506438 67.0 0
1753146520594 68.0 0
1753146534727 69.0 0
1753146548870 70.0 0
1753146662058 78.0 0
1753146704754 81.0 0
1753146718929 82.0 0
1753146733288 83.0 0
1753146761939 85.0 0
1753146932641 97.0 0
1753147061089 106.0 0
