1753145555819 0.7113 1
1753145570601 0.57915 2
1753145584859 0.52041 3
1753145598809 0.47485 4
1753145614189 0.43276 5
1753145628439 0.39314 6
1753145642448 0.35594 7
1753145656783 0.32133 8
1753145671038 0.28984 9
1753145685158 0.2611 10
1753145699369 0.23528 11
1753145713513 0.21218 12
1753145727525 0.19164 13
1753145741534 0.17334 14
1753145755626 0.15732 15
1753145769812 0.14305 16
1753145784302 0.13053 17
1753145798647 0.11952 18
1753145812796 0.10983 19
1753145827121 0.10126 20
1753145841406 0.09369 21
1753145855405 0.08576 22
1753145869864 0.07756 23
1753145884124 0.07212 24
1753145898187 0.0675 25
1753145912409 0.06327 26
1753145926547 0.0596 27
1753145940483 0.05628 28
1753145954670 0.05351 29
1753145968974 0.05074 30
1753145983055 0.04833 31
1753145997270 0.0462 32
1753146011605 0.04427 33
1753146025576 0.0425 34
1753146039852 0.04095 35
1753146053927 0.03955 36
1753146067907 0.03818 37
1753146082058 0.03689 38
1753146096340 0.03585 39
1753146110332 0.03477 40
1753146124491 0.03386 41
1753146138791 0.03423 42
1753146152815 0.0327 43
1753146167133 0.03169 44
1753146181318 0.03096 45
1753146195287 0.03026 46
1753146209598 0.02957 47
1753146224062 0.02901 48
1753146238472 0.02852 49
1753146252964 0.02801 50
1753146267496 0.02756 51
1753146281526 0.02713 52
1753146296158 0.02669 53
1753146310674 0.02631 54
1753146324784 0.02594 55
1753146338945 0.02565 56
1753146353422 0.02534 57
1753146367457 0.02501 58
1753146381869 0.02479 59
1753146396218 0.02448 60
1753146410264 0.02424 61
1753146424576 0.02401 62
1753146438977 0.02382 63
1753146452912 0.02359 64
1753146467051 0.02331 65
1753146481405 0.02317 66
1753146495337 0.02294 67
1753146509459 0.02279 68
1753146523719 0.02262 69
1753146537739 0.02248 70
1753146551832 0.02234 71
1753146566176 0.02215 72
1753146580222 0.02197 73
1753146594438 0.02188 74
1753146608611 0.02177 75
1753146622598 0.02162 76
1753146636785 0.02149 77
1753146651050 0.02134 78
1753146665130 0.02126 79
1753146679648 0.02114 80
1753146693718 0.02102 81
1753146707836 0.02092 82
1753146721827 0.02081 83
1753146736408 0.02075 84
1753146750563 0.02065 85
1753146765080 0.02059 86
1753146779363 0.02049 87
1753146793497 0.02044 88
1753146807581 0.02035 89
1753146821895 0.02021 90
1753146835963 0.0202 91
1753146850483 0.02012 92
1753146864930 0.02009 93
1753146878926 0.02001 94
1753146893199 0.01989 95
1753146907390 0.01986 96
1753146921385 0.01979 97
1753146935734 0.01975 98
1753146950098 0.01972 99
1753146964138 0.01965 100
1753146978502 0.01954 101
1753146992613 0.01951 102
1753147006896 0.01956 103
1753147021454 0.01945 104
1753147035681 0.01938 105
1753147049828 0.01934 106
1753147064079 0.01928 107
1753147078334 0.01929 108
1753147092234 0.0193 109
1753147106473 0.01912 110
1753147120860 0.01917 111
1753147134981 0.01914 112
1753147149094 0.01902 113
1753147163567 0.01899 114
1753147177775 0.01903 115
1753147192053 0.01899 116
1753147206130 0.0189 117
1753147220380 0.0189 118
1753147234590 0.01882 119
1753147248988 0.0188 120
1753147263223 0.0188 121
1753147277598 0.01873 122
1753147291909 0.01871 123
1753147306011 0.0187 124
1753147320204 0.01869 125
1753147334770 0.0186 126
1753147348884 0.01858 127
1753147363169 0.01853 128
1753147377689 0.01853 129
1753147392145 0.01849 130
1753147406579 0.01852 131
1753147420730 0.01849 132
1753147434961 0.01847 133
1753147449236 0.01838 134
1753147463364 0.01835 135
1753147477721 0.01834 136
1753147491860 0.01841 137
1753147506161 0.01832 138
1753147520179 0.01835 139
1753147534457 0.01836 140
1753147548700 0.01822 141
1753147563232 0.01826 142
1753147577432 0.01822 143
1753147592048 0.01822 144
1753147606192 0.01823 145
1753147620093 0.01817 146
1753147634561 0.01814 147
1753147648962 0.01811 148
1753147663164 0.01807 149
1753147677235 0.01803 150
1753147691427 0.01805 151
1753147705899 0.01801 152
1753147719882 0.01805 153
1753147734038 0.01799 154
1753147748679 0.018 155
1753147762738 0.01796 156
1753147777164 0.01796 157
1753147791315 0.01793 158
1753147805316 0.01785 159
1753147819515 0.01789 160
1753147833608 0.01785 161
1753147848142 0.01783 162
1753147862448 0.01784 163
1753147876891 0.01783 164
1753147890910 0.01778 165
1753147905206 0.01781 166
1753147919317 0.01775 167
1753147933338 0.01776 168
1753147947707 0.01774 169
1753147962098 0.01773 170
1753147976289 0.01775 171
1753147990867 0.01764 172
1753148005152 0.01769 173
1753148019319 0.01769 174
1753148033515 0.01767 175
1753148047688 0.01772 176
1753148062061 0.01763 177
1753148076539 0.01765 178
1753148090879 0.01766 179
1753148104908 0.01764 180
1753148119173 0.01768 181
1753148133485 0.01768 182
1753148147496 0.01762 183
1753148161711 0.01762 184
1753148175817 0.01756 185
1753148189882 0.01759 186
1753148204177 0.01755 187
1753148218561 0.01754 188
1753148232575 0.01755 189
1753148246783 0.01753 190
1753148260669 0.01749 191
1753148275018 0.01752 192
1753148289429 0.0174 193
1753148303775 0.01749 194
1753148317772 0.01749 195
1753148332044 0.01747 196
1753148346458 0.01742 197
1753148360572 0.01739 198
1753148374697 0.0174 199
1753148389014 0.0174 200
1753148403149 0.01741 201
1753148417390 0.01738 202
1753148431480 0.01737 203
1753148445553 0.01739 204
1753148459714 0.01733 205
1753148473763 0.01727 206
1753148487795 0.01729 207
1753148501959 0.01735 208
1753148516143 0.01736 209
1753148530228 0.01731 210
1753148544740 0.01733 211
1753148559078 0.01733 212
1753148573232 0.01727 213
1753148587511 0.01723 214
1753148601759 0.01726 215
1753148615712 0.01725 216
1753148629910 0.01726 217
1753148644305 0.01722 218
1753148658427 0.01727 219
1753148672647 0.01724 220
1753148686732 0.01724 221
1753148700929 0.01722 222
1753148715024 0.01721 223
1753148729091 0.01719 224
1753148743284 0.01721 225
1753148757762 0.01723 226
1753148771974 0.01722 227
1753148786288 0.01722 228
1753148800492 0.01719 229
1753148814640 0.0172 230
1753148828799 0.01713 231
1753148842571 0.01714 232
1753148856885 0.01717 233
1753148871351 0.01714 234
1753148885363 0.01714 235
1753148899185 0.0171 236
1753148913335 0.01712 237
1753148927375 0.0171 238
1753148941504 0.01709 239
1753148955784 0.01708 240
1753148970211 0.0171 241
1753148984698 0.01707 242
1753148998927 0.01711 243
1753149013188 0.01709 244
1753149027461 0.01709 245
1753149041880 0.01708 246
1753149055955 0.01703 247
1753149070198 0.01704 248
1753149084727 0.01709 249
1753149099004 0.01713 250
1753149113217 0.01707 251
1753149127503 0.01704 252
1753149141797 0.01701 253
1753149155818 0.01705 254
1753149170252 0.01702 255
1753149184344 0.01708 256
1753149198516 0.01702 257
1753149212756 0.017 258
1753149226857 0.01704 259
1753149241347 0.01707 260
1753149255799 0.01703 261
1753149269849 0.01699 262
1753149284040 0.01703 263
1753149298292 0.01698 264
1753149312427 0.01697 265
1753149326535 0.01698 266
1753149341026 0.01695 267
1753149355223 0.01694 268
1753149369199 0.01694 269
1753149383620 0.01691 270
1753149397754 0.01698 271
1753149412164 0.01696 272
1753149426270 0.01696 273
1753149440437 0.0169 274
1753149454506 0.01696 275
1753149468676 0.01693 276
1753149482601 0.01692 277
1753149496752 0.01693 278
1753149511236 0.01691 279
1753149525756 0.01693 280
1753149539640 0.01692 281
1753149554411 0.01692 282
1753149568440 0.01694 283
1753149582479 0.01685 284
1753149596658 0.01688 285
1753149610845 0.01686 286
1753149625211 0.01687 287
1753149639313 0.01691 288
1753149653452 0.01688 289
1753149667414 0.01684 290
1753149681543 0.01688 291
1753149695882 0.01691 292
1753149710399 0.0169 293
1753149724680 0.01686 294
1753149738791 0.01689 295
1753149752772 0.01684 296
1753149767065 0.01681 297
1753149781044 0.01689 298
1753149795204 0.01688 299
1753149809544 0.01685 300
