1752710753308 1.0 0
1752710771240 2.0 0
1752710789168 3.0 0
1752710807289 4.0 0
1752710825203 5.0 0
1752710843619 6.0 0
1752710861664 7.0 0
1752710879998 8.0 0
1752710898088 9.0 0
1752710916350 10.0 0
1752710934595 11.0 0
1752710952524 12.0 0
1752710970679 13.0 0
1752710988478 14.0 0
1752711006044 15.0 0
1752711024039 16.0 0
1752711042099 17.0 0
1752711059697 18.0 0
1752711077284 19.0 0
1752711095207 20.0 0
1752711112709 21.0 0
1752711130596 22.0 0
1752711148785 23.0 0
1752711166745 24.0 0
1752711184556 25.0 0
1752711202832 26.0 0
1752711220848 27.0 0
1752711238387 28.0 0
1752711256602 29.0 0
1752711274003 30.0 0
1752711291618 31.0 0
1752711309495 32.0 0
1752711326928 33.0 0
1752711344713 34.0 0
1752711362989 35.0 0
1752711380989 36.0 0
1752711398844 37.0 0
1752711416463 38.0 0
1752711434624 39.0 0
1752711452608 40.0 0
1752711470741 41.0 0
1752711488310 42.0 0
1752711506551 43.0 0
1752711524575 44.0 0
1752711542502 45.0 0
1752711560261 46.0 0
1752711578132 47.0 0
1752711614177 49.0 0
1752711632270 50.0 0
1752711650220 51.0 0
1752711686717 53.0 0
1752711704782 54.0 0
1752711740474 56.0 0
1752711758237 57.0 0
1752711775981 58.0 0
1752711830137 61.0 0
1752711884030 64.0 0
1752711974493 69.0 0
1752712009854 71.0 0
1752712135682 78.0 0
1752712207371 82.0 0
1752712334416 89.0 0
