1752710737655 0.80182 1
1752710757216 0.68716 2
1752710775082 0.62177 3
1752710793142 0.55977 4
1752710811193 0.50026 5
1752710829081 0.4453 6
1752710847478 0.39396 7
1752710865818 0.34755 8
1752710883973 0.30626 9
1752710902236 0.27001 10
1752710920291 0.23866 11
1752710938595 0.21169 12
1752710956448 0.18846 13
1752710974607 0.16844 14
1752710992327 0.15125 15
1752711010016 0.13643 16
1752711027894 0.12365 17
1752711045986 0.11267 18
1752711063528 0.10318 19
1752711081189 0.09487 20
1752711099194 0.08773 21
1752711116596 0.08141 22
1752711134528 0.0752 23
1752711152666 0.06858 24
1752711170710 0.06356 25
1752711188455 0.05963 26
1752711206700 0.05624 27
1752711224730 0.05326 28
1752711242352 0.05077 29
1752711260536 0.04841 30
1752711277886 0.04646 31
1752711295541 0.04456 32
1752711313464 0.0429 33
1752711330928 0.04142 34
1752711348690 0.03999 35
1752711366884 0.03878 36
1752711384961 0.03762 37
1752711402781 0.03663 38
1752711420394 0.03568 39
1752711438515 0.03481 40
1752711456582 0.03401 41
1752711474599 0.03327 42
1752711492276 0.03259 43
1752711510459 0.03198 44
1752711528512 0.03138 45
1752711546415 0.03071 46
1752711564145 0.03029 47
1752711582012 0.02982 48
1752711600000 0.02935 49
1752711618124 0.02891 50
1752711636169 0.02859 51
1752711654211 0.02821 52
1752711672556 0.02787 53
1752711690639 0.02759 54
1752711708648 0.02723 55
1752711726789 0.02691 56
1752711744379 0.0266 57
1752711762123 0.0264 58
1752711779871 0.02625 59
1752711798240 0.02592 60
1752711816071 0.0257 61
1752711834094 0.02543 62
1752711852671 0.0253 63
1752711870462 0.02505 64
1752711888058 0.02488 65
1752711906027 0.02476 66
1752711924088 0.02458 67
1752711941965 0.02443 68
1752711960563 0.02429 69
1752711978428 0.02415 70
1752711996140 0.02405 71
1752712013832 0.02387 72
1752712031675 0.02372 73
1752712049507 0.02365 74
1752712067760 0.02349 75
1752712085993 0.02342 76
1752712103941 0.02329 77
1752712122013 0.02323 78
1752712139582 0.0231 79
1752712157437 0.02308 80
1752712175329 0.02296 81
1752712193265 0.02278 82
1752712211259 0.02274 83
1752712229396 0.02263 84
1752712247444 0.02253 85
1752712265837 0.02248 86
1752712284243 0.02242 87
1752712302265 0.02232 88
1752712320328 0.02227 89
1752712338337 0.02217 90
1752712356298 0.02216 91
1752712373961 0.02212 92
1752712391802 0.02205 93
1752712409451 0.02205 94
1752712426757 0.02187 95
1752712444392 0.02188 96
1752712461845 0.02179 97
1752712479993 0.02177 98
1752712498020 0.02169 99
