1752941321532 1.0 0
1752941341846 2.0 0
1752941362475 3.0 0
1752941382074 4.0 0
1752941401890 5.0 0
1752941421929 6.0 0
1752941441888 7.0 0
1752941461830 8.0 0
1752941481581 9.0 0
1752941501759 10.0 0
1752941521513 11.0 0
1752941541850 12.0 0
1752941562029 13.0 0
1752941582289 14.0 0
1752941602668 15.0 0
1752941622950 16.0 0
1752941642820 17.0 0
1752941662919 18.0 0
1752941682789 19.0 0
1752941702149 20.0 0
1752941722419 21.0 0
1752941741812 22.0 0
1752941762132 23.0 0
1752941782070 24.0 0
1752941802493 25.0 0
1752941822776 26.0 0
1752941842300 27.0 0
1752941861715 28.0 0
1752941881919 29.0 0
1752941901815 30.0 0
1752941921697 31.0 0
1752941941906 32.0 0
1752941962020 33.0 0
1752941981969 34.0 0
1752942041696 37.0 0
1752942061856 38.0 0
1752942081735 39.0 0
1752942141336 42.0 0
1752942201101 45.0 0
1752942260853 48.0 0
1752942300882 50.0 0
1752942321086 51.0 0
1752942520662 61.0 0
1752942540468 62.0 0
1752942560389 63.0 0
1752942600248 65.0 0
1752942620203 66.0 0
