1752941307320 0.53581 1
1752941327371 0.40272 2
1752941347626 0.33774 3
1752941368298 0.2882 4
1752941387800 0.24275 5
1752941407689 0.20258 6
1752941427584 0.17182 7
1752941447583 0.1456 8
1752941467558 0.12489 9
1752941487299 0.10812 10
1752941507460 0.09442 11
1752941527256 0.08321 12
1752941547625 0.0739 13
1752941567817 0.06564 14
1752941588017 0.05866 15
1752941608473 0.05412 16
1752941628630 0.04914 17
1752941648536 0.04538 18
1752941668695 0.04227 19
1752941688531 0.03966 20
1752941707915 0.03742 21
1752941728146 0.03553 22
1752941747533 0.03388 23
1752941767818 0.03246 24
1752941787727 0.03118 25
1752941808171 0.03008 26
1752941828453 0.0291 27
1752941848015 0.02826 28
1752941867426 0.02747 29
1752941887690 0.02678 30
1752941907548 0.02616 31
1752941927369 0.02564 32
1752941947627 0.02512 33
1752941967702 0.02469 34
1752941987675 0.0243 35
1752942007746 0.02388 36
1752942027599 0.02373 37
1752942047492 0.02328 38
1752942067560 0.02298 39
1752942087488 0.02274 40
1752942106843 0.02247 41
1752942126672 0.02217 42
1752942147065 0.02198 43
1752942166702 0.02179 44
1752942186801 0.02164 45
1752942206838 0.0214 46
1752942226749 0.02128 47
1752942246482 0.02112 48
1752942266637 0.021 49
1752942286405 0.02095 50
1752942306680 0.02076 51
1752942326876 0.0206 52
1752942346617 0.02052 53
1752942366210 0.02038 54
1752942386194 0.02028 55
1752942406452 0.02021 56
1752942426840 0.02013 57
1752942446813 0.02004 58
1752942466941 0.01998 59
1752942486336 0.01989 60
1752942506373 0.01977 61
1752942526408 0.01973 62
1752942546238 0.01967 63
1752942566122 0.0196 64
1752942585837 0.01957 65
1752942605936 0.01951 66
1752942625897 0.01952 67
1752942646203 0.01934 68
1752942666249 0.01927 69
1752942686497 0.01922 70
1752942706292 0.0192 71
1752942726161 0.01914 72
1752942746085 0.01915 73
1752942765878 0.01909 74
1752942785603 0.01899 75
1752942805526 0.01898 76
1752942825181 0.01895 77
1752942844957 0.01888 78
1752942864685 0.01888 79
1752942884271 0.01885 80
1752942904179 0.01881 81
1752942924266 0.01875 82
1752942944233 0.01868 83
1752942964161 0.01868 84
1752942984549 0.01867 85
1752943004845 0.01863 86
1752943025036 0.01861 87
1752943044750 0.01857 88
1752943064920 0.01857 89
1752943085028 0.01854 90
1752943105043 0.01851 91
1752943124832 0.0185 92
1752943144914 0.01845 93
1752943165222 0.01841 94
1752943185629 0.01841 95
1752943205112 0.01835 96
1752943224549 0.01834 97
1752943243989 0.01834 98
1752943263955 0.01833 99
1752943284067 0.01829 100
1752943304458 0.01829 101
1752943324416 0.01822 102
1752943344328 0.01824 103
1752943364459 0.01821 104
1752943384402 0.01823 105
1752943404688 0.01811 106
1752943424830 0.01815 107
1752943444886 0.01807 108
1752943464780 0.01812 109
1752943484746 0.01804 110
1752943504680 0.01808 111
1752943524956 0.01806 112
1752943545096 0.01802 113
1752943564883 0.01804 114
1752943584887 0.018 115
1752943604537 0.01801 116
1752943624609 0.01797 117
1752943644664 0.01797 118
1752943664459 0.01791 119
1752943684281 0.01793 120
1752943704813 0.01794 121
1752943724663 0.01788 122
1752943744892 0.01788 123
1752943764658 0.0179 124
1752943784652 0.01787 125
1752943804400 0.01789 126
1752943824359 0.01786 127
1752943844675 0.0178 128
1752943864808 0.01785 129
1752943884540 0.01781 130
1752943903788 0.01781 131
1752943924238 0.01782 132
1752943943816 0.01775 133
1752943964136 0.01773 134
1752943984053 0.01776 135
1752944004017 0.01769 136
1752944023750 0.01769 137
1752944044091 0.01768 138
1752944064230 0.01772 139
1752944083996 0.01772 140
1752944104069 0.01768 141
1752944124666 0.01764 142
1752944144899 0.01766 143
1752944165542 0.01763 144
1752944185618 0.01763 145
1752944205161 0.01762 146
1752944225043 0.01757 147
1752944245002 0.01759 148
1752944264836 0.01757 149
1752944284848 0.01754 150
1752944304814 0.01756 151
1752944324934 0.01755 152
1752944344758 0.01754 153
1752944364579 0.01752 154
1752944384830 0.0175 155
1752944404574 0.0175 156
1752944425087 0.01756 157
1752944444803 0.01756 158
1752944465011 0.01774 159
1752944484485 0.01756 160
1752944504124 0.01751 161
1752944524326 0.01745 162
1752944544193 0.01744 163
1752944564278 0.01747 164
1752944584460 0.01742 165
1752944604410 0.01739 166
1752944624469 0.01739 167
1752944644374 0.01738 168
1752944663756 0.0174 169
1752944683821 0.01735 170
1752944703522 0.01738 171
1752944723459 0.0174 172
1752944743034 0.01741 173
1752944762977 0.01739 174
1752944782718 0.01736 175
1752944802786 0.0173 176
1752944822570 0.01733 177
1752944842301 0.01727 178
1752944861862 0.01732 179
1752944882059 0.01731 180
1752944901936 0.01732 181
1752944922846 0.01734 182
1752944942520 0.01729 183
1752944962251 0.01726 184
1752944981784 0.01726 185
1752945001154 0.01727 186
1752945021443 0.01727 187
1752945041725 0.01729 188
1752945062214 0.01723 189
1752945081930 0.01723 190
1752945102113 0.01723 191
1752945122458 0.01723 192
1752945142229 0.0172 193
1752945162120 0.01719 194
1752945182020 0.01723 195
1752945201271 0.01724 196
1752945221554 0.01722 197
1752945241919 0.01722 198
1752945261752 0.01716 199
1752945281827 0.01716 200
1752945301429 0.01717 201
1752945321533 0.01717 202
1752945341173 0.01716 203
1752945360848 0.01717 204
1752945380959 0.01715 205
1752945401233 0.01722 206
1752945421667 0.01717 207
1752945441444 0.01712 208
1752945461348 0.01709 209
1752945481122 0.01715 210
1752945500587 0.01712 211
1752945520358 0.0171 212
1752945540565 0.01708 213
1752945560261 0.01711 214
1752945580385 0.01711 215
1752945600527 0.01704 216
1752945620421 0.0171 217
1752945640500 0.01706 218
1752945659965 0.01706 219
1752945679682 0.01706 220
1752945699144 0.01711 221
1752945719071 0.01711 222
1752945739210 0.01704 223
1752945758869 0.01708 224
1752945778719 0.01708 225
1752945798302 0.01706 226
1752945817897 0.01706 227
1752945838008 0.017 228
1752945858316 0.01701 229
1752945878339 0.017 230
1752945898710 0.01703 231
1752945919220 0.01705 232
1752945939358 0.01704 233
1752945959362 0.01698 234
1752945979988 0.01703 235
1752946000168 0.01704 236
1752946020507 0.01701 237
1752946040521 0.01701 238
1752946060144 0.01696 239
1752946079591 0.01701 240
1752946099349 0.01697 241
1752946119012 0.01698 242
1752946139266 0.01696 243
1752946159747 0.01694 244
1752946179878 0.01697 245
1752946199582 0.01698 246
1752946219255 0.01696 247
1752946238910 0.01695 248
1752946258800 0.01694 249
1752946278647 0.01696 250
1752946299078 0.01696 251
1752946319296 0.01692 252
1752946339023 0.01687 253
1752946359072 0.01697 254
1752946379204 0.01693 255
1752946398968 0.01692 256
1752946418597 0.01689 257
1752946438173 0.0169 258
1752946458569 0.01693 259
1752946478529 0.01691 260
1752946498314 0.01691 261
1752946518677 0.01696 262
1752946539025 0.01689 263
1752946558588 0.01691 264
1752946578575 0.01691 265
1752946598227 0.01685 266
1752946617667 0.01689 267
1752946637717 0.01687 268
1752946657568 0.01689 269
1752946677615 0.01685 270
1752946697375 0.01691 271
1752946717448 0.01687 272
1752946737241 0.01686 273
1752946757568 0.01687 274
1752946777729 0.01687 275
1752946798029 0.01687 276
1752946817934 0.01685 277
1752946837146 0.01683 278
1752946856560 0.0169 279
1752946876441 0.01685 280
1752946896168 0.01684 281
1752946915933 0.01686 282
1752946936128 0.01683 283
1752946956244 0.01685 284
1752946975974 0.01682 285
1752946996125 0.01683 286
1752947016241 0.01685 287
1752947036203 0.01683 288
1752947056094 0.0168 289
1752947076079 0.01684 290
1752947095604 0.01683 291
1752947115401 0.01678 292
1752947135549 0.01679 293
1752947155654 0.01683 294
1752947175855 0.01678 295
1752947195521 0.01682 296
1752947215543 0.01685 297
1752947235309 0.01682 298
1752947254702 0.01684 299
1752947274574 0.01679 300
