1753343384354 1.0 0
1753343402495 2.0 0
1753343420261 3.0 0
1753343438558 4.0 0
1753343456939 5.0 0
1753343474662 6.0 0
1753343493281 7.0 0
1753343511982 8.0 0
1753343530968 9.0 0
1753343549573 10.0 0
1753343567213 11.0 0
1753343585089 12.0 0
1753343603205 13.0 0
1753343620807 14.0 0
1753343638973 15.0 0
1753343656944 16.0 0
1753343674922 17.0 0
1753343693453 18.0 0
1753343711858 19.0 0
1753343730300 20.0 0
1753343748031 21.0 0
1753343766244 22.0 0
1753343784261 23.0 0
1753343802892 24.0 0
1753343821164 25.0 0
1753343839167 26.0 0
1753343857823 27.0 0
1753343875682 28.0 0
1753343893648 29.0 0
1753343911696 30.0 0
1753343929974 31.0 0
1753343948647 32.0 0
1753343966594 33.0 0
1753343984742 34.0 0
1753344002906 35.0 0
1753344021041 36.0 0
1753344039252 37.0 0
1753344057895 38.0 0
1753344075533 39.0 0
1753344094045 40.0 0
1753344112631 41.0 0
1753344130704 42.0 0
1753344149032 43.0 0
1753344167415 44.0 0
1753344185484 45.0 0
1753344203363 46.0 0
1753344221420 47.0 0
1753344239938 48.0 0
1753344257905 49.0 0
1753344276342 50.0 0
1753344294661 51.0 0
1753344312658 52.0 0
1753344330945 53.0 0
1753344367485 55.0 0
1753344385419 56.0 0
1753344440526 59.0 0
1753344458965 60.0 0
1753344476755 61.0 0
1753344495453 62.0 0
1753344550248 65.0 0
1753344587164 67.0 0
1753344606035 68.0 0
1753344624668 69.0 0
1753344660780 71.0 0
1753344678856 72.0 0
1753344715250 74.0 0
1753344733514 75.0 0
1753344751757 76.0 0
1753344788012 78.0 0
1753344805904 79.0 0
1753344878700 83.0 0
