1753343369922 0.67447 1
1753343388422 0.58047 2
1753343406540 0.53042 3
1753343424235 0.49324 4
1753343442615 0.45838 5
1753343460922 0.42479 6
1753343478617 0.39229 7
1753343497286 0.36161 8
1753343515947 0.33269 9
1753343534959 0.3057 10
1753343553488 0.28058 11
1753343571074 0.25745 12
1753343588993 0.23618 13
1753343607125 0.21671 14
1753343624672 0.19886 15
1753343642935 0.18012 16
1753343660910 0.16397 17
1753343678935 0.15028 18
1753343697357 0.13804 19
1753343715830 0.1272 20
1753343734240 0.11747 21
1753343751955 0.10878 22
1753343770212 0.10102 23
1753343788225 0.09408 24
1753343806820 0.08784 25
1753343825152 0.08222 26
1753343843166 0.07725 27
1753343861742 0.0727 28
1753343879648 0.06864 29
1753343897603 0.06497 30
1753343915667 0.06163 31
1753343933974 0.05858 32
1753343952588 0.05581 33
1753343970574 0.05334 34
1753343988765 0.05103 35
1753344006844 0.04895 36
1753344025029 0.04703 37
1753344043170 0.04529 38
1753344061824 0.04371 39
1753344079514 0.04221 40
1753344098024 0.04079 41
1753344116558 0.03957 42
1753344134693 0.03838 43
1753344152997 0.03731 44
1753344171383 0.03625 45
1753344189446 0.03532 46
1753344207346 0.03448 47
1753344225396 0.03369 48
1753344243919 0.03288 49
1753344261910 0.03221 50
1753344280355 0.03155 51
1753344298655 0.03095 52
1753344316644 0.03031 53
1753344334908 0.02975 54
1753344352962 0.02922 55
1753344371430 0.02873 56
1753344389356 0.02832 57
1753344407647 0.02789 58
1753344426187 0.02748 59
1753344444387 0.0271 60
1753344462982 0.02671 61
1753344480725 0.02637 62
1753344499431 0.02605 63
1753344517570 0.0257 64
1753344535664 0.02545 65
1753344554282 0.0252 66
1753344572981 0.02491 67
1753344591098 0.02463 68
1753344610025 0.02439 69
1753344628677 0.02416 70
1753344646501 0.02398 71
1753344664733 0.02371 72
1753344682769 0.02355 73
1753344700829 0.02331 74
1753344719270 0.02312 75
1753344737453 0.02299 76
1753344755760 0.02274 77
1753344773863 0.02263 78
1753344791908 0.02246 79
1753344809853 0.02232 80
1753344827840 0.02217 81
1753344846373 0.02204 82
1753344864027 0.02188 83
1753344882650 0.02179 84
1753344900327 0.02163 85
1753344918123 0.02153 86
1753344936208 0.02144 87
1753344954218 0.02132 88
1753344972349 0.02121 89
1753344990534 0.02113 90
1753345008798 0.02104 91
1753345027058 0.02087 92
1753345044907 0.0207 93
1753345062817 0.02063 94
1753345080916 0.02057 95
1753345098898 0.02056 96
1753345117351 0.02053 97
1753345135613 0.0205 98
1753345154259 0.02048 99
1753345171794 0.02049 100
1753345190086 0.02042 101
1753345207828 0.02037 102
1753345225948 0.02036 103
1753345244162 0.02038 104
1753345262004 0.02034 105
1753345279574 0.02034 106
1753345297740 0.02033 107
1753345315690 0.02034 108
1753345334255 0.02032 109
1753345352703 0.02033 110
1753345370663 0.02033 111
1753345389038 0.02034 112
1753345407398 0.02035 113
1753345425768 0.0203 114
1753345443753 0.0203 115
1753345461916 0.02034 116
1753345480280 0.02033 117
1753345497991 0.02033 118
1753345515895 0.02034 119
1753345534313 0.02033 120
1753345552245 0.02033 121
1753345570997 0.02034 122
1753345588627 0.02031 123
1753345606854 0.02033 124
1753345625029 0.0203 125
1753345643090 0.02027 126
1753345661488 0.02032 127
1753345679470 0.0203 128
1753345697427 0.02032 129
1753345715412 0.02034 130
1753345733241 0.02028 131
1753345751054 0.02031 132
1753345769146 0.0203 133
1753345787187 0.0203 134
1753345805663 0.0203 135
1753345823512 0.02027 136
1753345841915 0.02033 137
1753345860264 0.02034 138
1753345878231 0.02029 139
1753345896526 0.02029 140
1753345914464 0.02032 141
1753345932573 0.02029 142
1753345950426 0.02029 143
1753345968186 0.0203 144
1753345985933 0.02028 145
1753346004224 0.02031 146
1753346022153 0.02032 147
1753346040030 0.0203 148
1753346057883 0.02032 149
1753346075620 0.02035 150
1753346093948 0.02029 151
1753346112169 0.02032 152
1753346129751 0.0203 153
1753346147953 0.02029 154
1753346165992 0.0203 155
1753346184040 0.02031 156
1753346202597 0.02033 157
1753346220924 0.02028 158
1753346239334 0.02031 159
1753346257897 0.02031 160
1753346276070 0.02028 161
1753346293741 0.0203 162
1753346312089 0.02029 163
1753346330638 0.02029 164
1753346348799 0.0203 165
1753346367044 0.02029 166
1753346385228 0.0203 167
1753346403433 0.02032 168
1753346421376 0.02027 169
1753346439670 0.02031 170
1753346457685 0.02031 171
1753346476006 0.0203 172
1753346494038 0.02026 173
1753346512301 0.02027 174
1753346530289 0.02027 175
1753346548374 0.02028 176
1753346566506 0.02031 177
1753346584569 0.0203 178
1753346602776 0.02027 179
1753346621042 0.02026 180
1753346639305 0.02028 181
1753346657390 0.02028 182
1753346675296 0.02031 183
1753346693878 0.02032 184
1753346712706 0.02028 185
1753346730818 0.02029 186
1753346749131 0.02027 187
1753346767448 0.0203 188
1753346786023 0.02028 189
1753346804216 0.02031 190
1753346822403 0.02027 191
1753346840146 0.02029 192
1753346858742 0.02032 193
1753346876533 0.02028 194
1753346895081 0.02026 195
1753346913827 0.02034 196
1753346932192 0.02029 197
1753346950909 0.02029 198
1753346969352 0.0203 199
1753346987414 0.02032 200
1753347005702 0.02028 201
1753347023919 0.02029 202
1753347041949 0.0203 203
1753347059890 0.0203 204
1753347078014 0.02029 205
1753347095990 0.02027 206
1753347114206 0.02026 207
1753347132518 0.02031 208
1753347150513 0.02028 209
1753347168660 0.02029 210
1753347186550 0.02028 211
1753347205253 0.02028 212
1753347223625 0.0203 213
1753347241184 0.02033 214
1753347259944 0.02026 215
1753347278397 0.02029 216
1753347296614 0.02026 217
1753347315063 0.0203 218
1753347333106 0.02031 219
1753347351098 0.02026 220
1753347369474 0.02028 221
1753347387927 0.02027 222
1753347406210 0.02027 223
1753347424228 0.02028 224
1753347442291 0.02026 225
1753347460346 0.02023 226
1753347478560 0.02025 227
1753347497047 0.02024 228
1753347514891 0.02025 229
1753347533250 0.02025 230
1753347551655 0.02025 231
1753347569866 0.0203 232
1753347588124 0.02025 233
1753347605786 0.02029 234
1753347624037 0.02029 235
1753347642169 0.02028 236
1753347660466 0.02027 237
1753347678384 0.02029 238
1753347696441 0.02027 239
1753347715031 0.02025 240
1753347733694 0.02027 241
1753347752538 0.02027 242
1753347770547 0.02024 243
1753347789199 0.02026 244
1753347807933 0.02028 245
1753347826523 0.02024 246
1753347844438 0.0203 247
1753347862812 0.02028 248
1753347881344 0.02028 249
1753347900290 0.02025 250
1753347918805 0.02027 251
1753347937283 0.02027 252
1753347955178 0.02028 253
1753347973769 0.02025 254
1753347992038 0.02027 255
1753348010229 0.02026 256
1753348028479 0.02021 257
1753348046949 0.02027 258
1753348065451 0.02026 259
1753348084023 0.02025 260
1753348102421 0.02025 261
1753348121155 0.02026 262
1753348139138 0.02026 263
1753348157156 0.02025 264
1753348175281 0.02026 265
1753348192486 0.02027 266
1753348210736 0.02028 267
1753348228825 0.02023 268
1753348247437 0.02025 269
1753348265430 0.02025 270
1753348283625 0.02023 271
1753348302207 0.02026 272
1753348319878 0.02026 273
1753348337641 0.02025 274
1753348355566 0.02025 275
1753348373969 0.02028 276
1753348391957 0.02025 277
1753348409857 0.02022 278
1753348428025 0.02026 279
1753348446052 0.02025 280
1753348464116 0.02023 281
1753348482701 0.02025 282
1753348501178 0.02026 283
1753348519995 0.02026 284
1753348538325 0.02024 285
1753348556337 0.02023 286
1753348574310 0.02021 287
1753348592708 0.02022 288
1753348610500 0.02023 289
1753348628541 0.02022 290
1753348646534 0.02025 291
1753348664453 0.02025 292
1753348682877 0.02024 293
1753348701030 0.02025 294
1753348719418 0.02024 295
1753348737370 0.02024 296
1753348754917 0.02028 297
1753348773500 0.02024 298
1753348791372 0.02025 299
1753348809549 0.02024 300
