1753343384360 0.0010000000474974513 1
1753343402503 0.0010000000474974513 2
1753343420267 0.0010000000474974513 3
1753343438564 0.0010000000474974513 4
1753343456945 0.0010000000474974513 5
1753343474667 0.0010000000474974513 6
1753343493289 0.0010000000474974513 7
1753343511989 0.0010000000474974513 8
1753343530972 0.0010000000474974513 9
1753343549577 0.0010000000474974513 10
1753343567217 0.0010000000474974513 11
1753343585093 0.0010000000474974513 12
1753343603209 0.0010000000474974513 13
1753343620812 0.0010000000474974513 14
1753343638979 0.0010000000474974513 15
1753343656949 0.0010000000474974513 16
1753343674926 0.0010000000474974513 17
1753343693458 0.0010000000474974513 18
1753343711865 0.0010000000474974513 19
1753343730304 0.0010000000474974513 20
1753343748035 0.0010000000474974513 21
1753343766249 0.0010000000474974513 22
1753343784267 0.0010000000474974513 23
1753343802900 0.0010000000474974513 24
1753343821168 0.0010000000474974513 25
1753343839172 0.0010000000474974513 26
1753343857826 0.0010000000474974513 27
1753343875686 0.0010000000474974513 28
1753343893653 0.0010000000474974513 29
1753343911700 0.0010000000474974513 30
1753343929982 0.0010000000474974513 31
1753343948655 0.0010000000474974513 32
1753343966598 0.0010000000474974513 33
1753343984746 0.0010000000474974513 34
1753344002910 0.0010000000474974513 35
1753344021045 0.0010000000474974513 36
1753344039255 0.0010000000474974513 37
1753344057899 0.0010000000474974513 38
1753344075540 0.0010000000474974513 39
1753344094055 0.0010000000474974513 40
1753344112637 0.0010000000474974513 41
1753344130708 0.0010000000474974513 42
1753344149036 0.0010000000474974513 43
1753344167420 0.0010000000474974513 44
1753344185488 0.0010000000474974513 45
1753344203367 0.0010000000474974513 46
1753344221424 0.0010000000474974513 47
1753344239946 0.0010000000474974513 48
1753344257911 0.0010000000474974513 49
1753344276346 0.0010000000474974513 50
1753344294665 0.0010000000474974513 51
1753344312665 0.0010000000474974513 52
1753344330949 0.0010000000474974513 53
1753344348976 0.0010000000474974513 54
1753344367488 0.0010000000474974513 55
1753344385426 0.0010000000474974513 56
1753344403749 0.0010000000474974513 57
1753344422305 0.0010000000474974513 58
1753344440529 0.0010000000474974513 59
1753344458969 0.0010000000474974513 60
1753344476759 0.0010000000474974513 61
1753344495457 0.0010000000474974513 62
1753344513623 0.0010000000474974513 63
1753344531763 0.0010000000474974513 64
1753344550256 0.0010000000474974513 65
1753344568968 0.0010000000474974513 66
1753344587168 0.0010000000474974513 67
1753344606039 0.0010000000474974513 68
1753344624673 0.0010000000474974513 69
1753344642535 0.0010000000474974513 70
1753344660784 0.0010000000474974513 71
1753344678862 0.0010000000474974513 72
1753344696916 0.0010000000474974513 73
1753344715256 0.0010000000474974513 74
1753344733521 0.0010000000474974513 75
1753344751762 0.0010000000474974513 76
1753344769966 0.0010000000474974513 77
1753344788018 0.0010000000474974513 78
1753344805908 0.0010000000474974513 79
1753344823844 0.0010000000474974513 80
1753344842460 0.0010000000474974513 81
1753344860098 0.0010000000474974513 82
1753344878704 0.0010000000474974513 83
1753344896371 0.0010000000474974513 84
1753344914157 0.0010000000474974513 85
1753344932244 0.0010000000474974513 86
1753344950275 0.0010000000474974513 87
1753344968372 0.0010000000474974513 88
1753344986560 0.0010000000474974513 89
1753345004821 0.0010000000474974513 90
1753345023088 0.0010000000474974513 91
1753345040958 0.00020000000949949026 92
1753345058835 0.00020000000949949026 93
1753345076983 0.00020000000949949026 94
1753345094940 0.00020000000949949026 95
1753345113444 0.00020000000949949026 96
1753345131584 0.00020000000949949026 97
1753345150345 0.00020000000949949026 98
1753345167810 0.00020000000949949026 99
1753345186192 0.00020000000949949026 100
1753345203842 4.0000002627493814e-05 101
1753345221957 4.0000002627493814e-05 102
1753345240202 4.0000002627493814e-05 103
1753345258045 4.0000002627493814e-05 104
1753345275629 4.0000002627493814e-05 105
1753345293809 4.0000002627493814e-05 106
1753345311757 4.0000002627493814e-05 107
1753345330387 4.0000002627493814e-05 108
1753345348822 4.0000002627493814e-05 109
1753345366670 8.000000889296643e-06 110
1753345385073 8.000000889296643e-06 111
1753345403440 8.000000889296643e-06 112
1753345421828 8.000000889296643e-06 113
1753345439778 8.000000889296643e-06 114
1753345457911 8.000000889296643e-06 115
1753345476293 8.000000889296643e-06 116
1753345494031 8.000000889296643e-06 117
1753345511969 8.000000889296643e-06 118
1753345530454 1.6000001323845936e-06 119
1753345548382 1.6000001323845936e-06 120
1753345567032 1.6000001323845936e-06 121
1753345584630 1.6000001323845936e-06 122
1753345602829 1.6000001323845936e-06 123
1753345621053 1.6000001323845936e-06 124
1753345639116 1.6000001323845936e-06 125
1753345657551 1.6000001323845936e-06 126
1753345675558 1.6000001323845936e-06 127
1753345693505 9.999999974752427e-07 128
1753345711461 9.999999974752427e-07 129
1753345729247 9.999999974752427e-07 130
1753345747124 9.999999974752427e-07 131
1753345765104 9.999999974752427e-07 132
1753345783305 9.999999974752427e-07 133
1753345801705 9.999999974752427e-07 134
1753345819531 9.999999974752427e-07 135
1753345837921 9.999999974752427e-07 136
1753345856267 9.999999974752427e-07 137
1753345874349 9.999999974752427e-07 138
1753345892552 9.999999974752427e-07 139
1753345910477 9.999999974752427e-07 140
1753345928561 9.999999974752427e-07 141
1753345946495 9.999999974752427e-07 142
1753345964243 9.999999974752427e-07 143
1753345981964 9.999999974752427e-07 144
1753346000218 9.999999974752427e-07 145
1753346018154 9.999999974752427e-07 146
1753346036054 9.999999974752427e-07 147
1753346053925 9.999999974752427e-07 148
1753346071650 9.999999974752427e-07 149
1753346090003 9.999999974752427e-07 150
1753346108179 9.999999974752427e-07 151
1753346125846 9.999999974752427e-07 152
1753346143990 9.999999974752427e-07 153
1753346161978 9.999999974752427e-07 154
1753346180053 9.999999974752427e-07 155
1753346198657 9.999999974752427e-07 156
1753346216903 9.999999974752427e-07 157
1753346235378 9.999999974752427e-07 158
1753346253890 9.999999974752427e-07 159
1753346272060 9.999999974752427e-07 160
1753346289833 9.999999974752427e-07 161
1753346308084 9.999999974752427e-07 162
1753346326638 9.999999974752427e-07 163
1753346344856 9.999999974752427e-07 164
1753346363050 9.999999974752427e-07 165
1753346381251 9.999999974752427e-07 166
1753346399481 9.999999974752427e-07 167
1753346417409 9.999999974752427e-07 168
1753346435710 9.999999974752427e-07 169
1753346453713 9.999999974752427e-07 170
1753346472110 9.999999974752427e-07 171
1753346490087 9.999999974752427e-07 172
1753346508323 9.999999974752427e-07 173
1753346526330 9.999999974752427e-07 174
1753346544448 9.999999974752427e-07 175
1753346562599 9.999999974752427e-07 176
1753346580591 9.999999974752427e-07 177
1753346598790 9.999999974752427e-07 178
1753346617079 9.999999974752427e-07 179
1753346635344 9.999999974752427e-07 180
1753346653407 9.999999974752427e-07 181
1753346671347 9.999999974752427e-07 182
1753346689878 9.999999974752427e-07 183
1753346708769 9.999999974752427e-07 184
1753346726845 9.999999974752427e-07 185
1753346745132 9.999999974752427e-07 186
1753346763466 9.999999974752427e-07 187
1753346782085 9.999999974752427e-07 188
1753346800251 9.999999974752427e-07 189
1753346818414 9.999999974752427e-07 190
1753346836181 9.999999974752427e-07 191
1753346854764 9.999999974752427e-07 192
1753346872549 9.999999974752427e-07 193
1753346891134 9.999999974752427e-07 194
1753346909881 9.999999974752427e-07 195
1753346928207 9.999999974752427e-07 196
1753346946967 9.999999974752427e-07 197
1753346965371 9.999999974752427e-07 198
1753346983466 9.999999974752427e-07 199
1753347001690 9.999999974752427e-07 200
1753347019955 9.999999974752427e-07 201
1753347037936 9.999999974752427e-07 202
1753347055965 9.999999974752427e-07 203
1753347074082 9.999999974752427e-07 204
1753347092101 9.999999974752427e-07 205
1753347110277 9.999999974752427e-07 206
1753347128595 9.999999974752427e-07 207
1753347146488 9.999999974752427e-07 208
1753347164724 9.999999974752427e-07 209
1753347182595 9.999999974752427e-07 210
1753347201320 9.999999974752427e-07 211
1753347219623 9.999999974752427e-07 212
1753347237323 9.999999974752427e-07 213
1753347255974 9.999999974752427e-07 214
1753347274460 9.999999974752427e-07 215
1753347292612 9.999999974752427e-07 216
1753347311100 9.999999974752427e-07 217
1753347329169 9.999999974752427e-07 218
1753347347143 9.999999974752427e-07 219
1753347365508 9.999999974752427e-07 220
1753347384054 9.999999974752427e-07 221
1753347402343 9.999999974752427e-07 222
1753347420307 9.999999974752427e-07 223
1753347438344 9.999999974752427e-07 224
1753347456490 9.999999974752427e-07 225
1753347474625 9.999999974752427e-07 226
1753347493085 9.999999974752427e-07 227
1753347510864 9.999999974752427e-07 228
1753347529263 9.999999974752427e-07 229
1753347547716 9.999999974752427e-07 230
1753347565857 9.999999974752427e-07 231
1753347584178 9.999999974752427e-07 232
1753347601775 9.999999974752427e-07 233
1753347620084 9.999999974752427e-07 234
1753347638199 9.999999974752427e-07 235
1753347656465 9.999999974752427e-07 236
1753347674471 9.999999974752427e-07 237
1753347692471 9.999999974752427e-07 238
1753347711035 9.999999974752427e-07 239
1753347729687 9.999999974752427e-07 240
1753347748507 9.999999974752427e-07 241
1753347766627 9.999999974752427e-07 242
1753347785191 9.999999974752427e-07 243
1753347803998 9.999999974752427e-07 244
1753347822572 9.999999974752427e-07 245
1753347840519 9.999999974752427e-07 246
1753347858833 9.999999974752427e-07 247
1753347877438 9.999999974752427e-07 248
1753347896281 9.999999974752427e-07 249
1753347914843 9.999999974752427e-07 250
1753347933325 9.999999974752427e-07 251
1753347951167 9.999999974752427e-07 252
1753347969782 9.999999974752427e-07 253
1753347988093 9.999999974752427e-07 254
1753348006235 9.999999974752427e-07 255
1753348024547 9.999999974752427e-07 256
1753348043040 9.999999974752427e-07 257
1753348061461 9.999999974752427e-07 258
1753348080038 9.999999974752427e-07 259
1753348098407 9.999999974752427e-07 260
1753348117149 9.999999974752427e-07 261
1753348135214 9.999999974752427e-07 262
1753348153221 9.999999974752427e-07 263
1753348171322 9.999999974752427e-07 264
1753348188570 9.999999974752427e-07 265
1753348206765 9.999999974752427e-07 266
1753348224925 9.999999974752427e-07 267
1753348243499 9.999999974752427e-07 268
1753348261468 9.999999974752427e-07 269
1753348279671 9.999999974752427e-07 270
1753348298273 9.999999974752427e-07 271
1753348315987 9.999999974752427e-07 272
1753348333630 9.999999974752427e-07 273
1753348351646 9.999999974752427e-07 274
1753348370086 9.999999974752427e-07 275
1753348388087 9.999999974752427e-07 276
1753348405871 9.999999974752427e-07 277
1753348424109 9.999999974752427e-07 278
1753348442119 9.999999974752427e-07 279
1753348460198 9.999999974752427e-07 280
1753348478681 9.999999974752427e-07 281
1753348497218 9.999999974752427e-07 282
1753348516029 9.999999974752427e-07 283
1753348534348 9.999999974752427e-07 284
1753348552342 9.999999974752427e-07 285
1753348570314 9.999999974752427e-07 286
1753348588813 9.999999974752427e-07 287
1753348606616 9.999999974752427e-07 288
1753348624594 9.999999974752427e-07 289
1753348642534 9.999999974752427e-07 290
1753348660543 9.999999974752427e-07 291
1753348679018 9.999999974752427e-07 292
1753348697086 9.999999974752427e-07 293
1753348715540 9.999999974752427e-07 294
1753348733464 9.999999974752427e-07 295
1753348751019 9.999999974752427e-07 296
1753348769549 9.999999974752427e-07 297
1753348787505 9.999999974752427e-07 298
1753348805613 9.999999974752427e-07 299
1753348824341 9.999999974752427e-07 300
