1753371533305 1.0 0
1753371566979 3.0 0
1753371585751 4.0 0
1753371602887 5.0 0
1753371620841 6.0 0
1753371637984 7.0 0
1753371654993 8.0 0
1753371672276 9.0 0
1753371690138 10.0 0
1753371708311 11.0 0
1753371726025 12.0 0
1753371743241 13.0 0
1753371760722 14.0 0
1753371778292 15.0 0
1753371796077 16.0 0
1753371813683 17.0 0
1753371831218 18.0 0
1753371848265 19.0 0
1753371865763 20.0 0
1753371883111 21.0 0
1753371900819 22.0 0
1753371918447 23.0 0
1753371936129 24.0 0
1753371953817 25.0 0
1753371971417 26.0 0
1753371988349 27.0 0
1753372005999 28.0 0
1753372023669 29.0 0
1753372041256 30.0 0
1753372075921 32.0 0
1753372093687 33.0 0
1753372111137 34.0 0
1753372129319 35.0 0
1753372146873 36.0 0
1753372181770 38.0 0
1753372199494 39.0 0
1753372234038 41.0 0
1753372251801 42.0 0
1753372269225 43.0 0
1753372286937 44.0 0
1753372356894 48.0 0
1753372496273 56.0 0
1753372565831 60.0 0
1753372705483 68.0 0
1753372846347 76.0 0
