1753371518152 0.66285 1
1753371536531 0.56658 2
1753371553371 0.51163 3
1753371570193 0.45528 4
1753371588902 0.40154 5
1753371606052 0.3496 6
1753371623966 0.30191 7
1753371641112 0.25935 8
1753371658121 0.22334 9
1753371675439 0.19303 10
1753371693330 0.16741 11
1753371711445 0.14519 12
1753371729138 0.12564 13
1753371746380 0.11085 14
1753371763887 0.09856 15
1753371781470 0.08841 16
1753371799218 0.07993 17
1753371816807 0.07262 18
1753371834402 0.0665 19
1753371851414 0.0613 20
1753371868894 0.05678 21
1753371886283 0.05296 22
1753371903915 0.04902 23
1753371921550 0.04521 24
1753371939245 0.04252 25
1753371956985 0.04029 26
1753371974517 0.03834 27
1753371991521 0.0367 28
1753372009210 0.03524 29
1753372026855 0.03384 30
1753372044438 0.03264 31
1753372061410 0.03162 32
1753372079049 0.03061 33
1753372096835 0.02978 34
1753372114313 0.02904 35
1753372132479 0.02828 36
1753372150035 0.0276 37
1753372167302 0.02704 38
1753372184907 0.02659 39
1753372202638 0.02598 40
1753372219668 0.02559 41
1753372237177 0.02517 42
1753372254973 0.02471 43
1753372272389 0.0244 44
1753372290132 0.02403 45
1753372307853 0.02372 46
1753372325041 0.0234 47
1753372342386 0.02319 48
1753372360036 0.02293 49
1753372377709 0.02268 50
1753372394828 0.02245 51
1753372412471 0.02223 52
1753372429765 0.02201 53
1753372447107 0.02187 54
1753372464358 0.02165 55
1753372481911 0.02145 56
1753372499440 0.02131 57
1753372516991 0.02113 58
1753372534578 0.02097 59
1753372552013 0.02088 60
1753372568992 0.02066 61
1753372586482 0.02054 62
1753372603774 0.02039 63
1753372621168 0.02028 64
1753372638758 0.02018 65
1753372656437 0.02009 66
1753372673995 0.01998 67
1753372691659 0.01987 68
1753372708629 0.01975 69
1753372726779 0.01966 70
1753372744466 0.01957 71
1753372761849 0.01951 72
1753372779631 0.01947 73
1753372797131 0.01932 74
1753372814603 0.01929 75
1753372832176 0.01923 76
1753372849531 0.01909 77
1753372867063 0.01913 78
1753372884427 0.01903 79
1753372901719 0.01894 80
1753372919074 0.01888 81
1753372936191 0.01883 82
1753372953281 0.01878 83
1753372970769 0.01872 84
1753372988557 0.01869 85
1753373006440 0.01849 86
1753373023713 0.01838 87
1753373041318 0.01837 88
1753373058621 0.01831 89
1753373076253 0.01828 90
1753373093546 0.01829 91
1753373111058 0.01825 92
1753373128444 0.01828 93
1753373146091 0.01822 94
1753373163632 0.01819 95
1753373180961 0.01817 96
1753373198408 0.01816 97
1753373216116 0.0182 98
1753373233335 0.01817 99
1753373251010 0.01815 100
1753373268987 0.01814 101
1753373286646 0.01812 102
1753373304227 0.01812 103
1753373321793 0.01811 104
1753373339329 0.01811 105
1753373356492 0.01811 106
1753373374094 0.01811 107
1753373391666 0.01815 108
1753373409351 0.01812 109
1753373426871 0.01812 110
1753373444353 0.01809 111
1753373461863 0.0181 112
1753373479608 0.0181 113
1753373496935 0.01811 114
1753373514412 0.01808 115
1753373531814 0.01812 116
1753373549311 0.01811 117
1753373566623 0.01812 118
1753373583680 0.01812 119
1753373600819 0.01812 120
1753373618158 0.01812 121
1753373635465 0.01809 122
1753373653055 0.01811 123
1753373670537 0.01811 124
1753373688136 0.01809 125
1753373705722 0.01813 126
1753373723259 0.0181 127
1753373740651 0.01812 128
1753373758383 0.01811 129
1753373775336 0.01808 130
1753373792551 0.0181 131
1753373810320 0.01809 132
1753373827361 0.01809 133
1753373844806 0.01807 134
1753373862452 0.01814 135
1753373880172 0.01808 136
1753373897787 0.01811 137
1753373915303 0.0181 138
1753373932864 0.0181 139
1753373950431 0.01811 140
1753373968098 0.0181 141
1753373985690 0.01811 142
1753374003462 0.01812 143
1753374020999 0.01808 144
1753374038485 0.01809 145
1753374055943 0.0181 146
1753374073174 0.01808 147
1753374090695 0.0181 148
1753374108130 0.01812 149
1753374125429 0.01809 150
1753374143053 0.0181 151
1753374160239 0.0181 152
1753374177428 0.01809 153
1753374194872 0.01811 154
1753374212408 0.01809 155
1753374229893 0.0181 156
1753374247211 0.01811 157
1753374264725 0.01812 158
1753374282213 0.0181 159
1753374299426 0.0181 160
1753374316780 0.01809 161
1753374334255 0.01809 162
1753374352137 0.01812 163
1753374369529 0.01811 164
1753374387102 0.0181 165
1753374404374 0.01809 166
1753374421877 0.01809 167
1753374439197 0.01809 168
1753374456545 0.01811 169
1753374474151 0.01808 170
1753374491539 0.01809 171
1753374509120 0.01814 172
1753374526508 0.01813 173
1753374544035 0.01811 174
1753374561584 0.01809 175
1753374579294 0.0181 176
1753374596038 0.0181 177
1753374613840 0.01809 178
1753374631361 0.0181 179
1753374648643 0.01809 180
1753374666125 0.01807 181
1753374683789 0.01809 182
1753374701319 0.01811 183
1753374718616 0.01807 184
1753374735917 0.01812 185
1753374753383 0.01811 186
1753374770971 0.01811 187
1753374788550 0.01807 188
1753374806047 0.01811 189
1753374823823 0.01812 190
1753374841399 0.01807 191
1753374859008 0.01808 192
1753374876959 0.01813 193
1753374894599 0.01812 194
1753374912162 0.0181 195
1753374929565 0.01809 196
1753374947079 0.01808 197
1753374964131 0.01811 198
1753374981391 0.0181 199
1753374998425 0.0181 200
1753375015367 0.01809 201
1753375032902 0.01809 202
1753375050503 0.01809 203
1753375067915 0.01807 204
1753375085445 0.0181 205
1753375103150 0.0181 206
1753375120785 0.01808 207
1753375138554 0.01811 208
1753375156103 0.01808 209
1753375173621 0.01807 210
1753375190665 0.01808 211
1753375208156 0.01808 212
1753375225534 0.0181 213
1753375242848 0.01811 214
1753375260611 0.0181 215
1753375277990 0.01807 216
1753375295513 0.01809 217
1753375312718 0.01803 218
1753375330201 0.0181 219
1753375347088 0.01806 220
1753375364682 0.01811 221
1753375382316 0.01807 222
1753375399623 0.01809 223
1753375417556 0.01809 224
1753375435341 0.0181 225
1753375452543 0.01806 226
1753375469953 0.0181 227
1753375487327 0.01807 228
1753375504963 0.01806 229
1753375522597 0.01811 230
1753375539736 0.01808 231
1753375557042 0.0181 232
1753375574544 0.01803 233
1753375592118 0.0181 234
1753375609590 0.01806 235
1753375626945 0.0181 236
1753375644024 0.01808 237
1753375661624 0.01808 238
1753375678690 0.01807 239
1753375696744 0.01807 240
1753375714384 0.01808 241
1753375731492 0.01806 242
1753375748671 0.01808 243
1753375766082 0.01807 244
1753375783603 0.01808 245
1753375801044 0.01807 246
1753375818365 0.01807 247
1753375835818 0.01807 248
1753375853318 0.01808 249
1753375870832 0.01808 250
1753375888347 0.01807 251
1753375905803 0.01806 252
1753375923120 0.01808 253
1753375940774 0.01808 254
1753375958723 0.01806 255
1753375976237 0.01807 256
1753375993682 0.01809 257
1753376011132 0.01807 258
1753376028001 0.01808 259
1753376045367 0.01808 260
1753376062826 0.01807 261
1753376079820 0.01808 262
1753376097038 0.01808 263
1753376114520 0.01805 264
1753376132178 0.01806 265
1753376149613 0.01808 266
1753376167244 0.01808 267
1753376184713 0.01808 268
1753376202085 0.01804 269
1753376219725 0.01807 270
1753376237376 0.01806 271
1753376255034 0.01807 272
1753376272562 0.01807 273
1753376290274 0.01808 274
1753376307713 0.01806 275
1753376325101 0.01808 276
1753376342596 0.01806 277
1753376359634 0.01809 278
1753376376994 0.01806 279
1753376394267 0.01805 280
1753376411329 0.01807 281
1753376428687 0.01807 282
1753376446078 0.01811 283
1753376463490 0.01808 284
1753376480753 0.01804 285
1753376498799 0.01804 286
1753376515907 0.01802 287
1753376533586 0.01807 288
1753376551122 0.01808 289
1753376568212 0.01808 290
1753376585254 0.01807 291
1753376602648 0.0181 292
1753376620215 0.01805 293
1753376637446 0.01804 294
1753376654900 0.01803 295
1753376672185 0.01806 296
1753376689675 0.01806 297
1753376707273 0.01805 298
1753376724959 0.01802 299
1753376742523 0.01806 300
