1753371533311 0.0010000000474974513 1
1753371550249 0.0010000000474974513 2
1753371566984 0.0010000000474974513 3
1753371585756 0.0010000000474974513 4
1753371602892 0.0010000000474974513 5
1753371620845 0.0010000000474974513 6
1753371637989 0.0010000000474974513 7
1753371654997 0.0010000000474974513 8
1753371672280 0.0010000000474974513 9
1753371690143 0.0010000000474974513 10
1753371708315 0.0010000000474974513 11
1753371726029 0.0010000000474974513 12
1753371743245 0.0010000000474974513 13
1753371760727 0.0010000000474974513 14
1753371778297 0.0010000000474974513 15
1753371796081 0.0010000000474974513 16
1753371813687 0.0010000000474974513 17
1753371831223 0.0010000000474974513 18
1753371848269 0.0010000000474974513 19
1753371865767 0.0010000000474974513 20
1753371883116 0.0010000000474974513 21
1753371900823 0.0010000000474974513 22
1753371918452 0.0010000000474974513 23
1753371936133 0.0010000000474974513 24
1753371953822 0.0010000000474974513 25
1753371971423 0.0010000000474974513 26
1753371988353 0.0010000000474974513 27
1753372006004 0.0010000000474974513 28
1753372023673 0.0010000000474974513 29
1753372041260 0.0010000000474974513 30
1753372058294 0.0010000000474974513 31
1753372075926 0.0010000000474974513 32
1753372093692 0.0010000000474974513 33
1753372111142 0.0010000000474974513 34
1753372129324 0.0010000000474974513 35
1753372146878 0.0010000000474974513 36
1753372164126 0.0010000000474974513 37
1753372181775 0.0010000000474974513 38
1753372199498 0.0010000000474974513 39
1753372216506 0.0010000000474974513 40
1753372234043 0.0010000000474974513 41
1753372251806 0.0010000000474974513 42
1753372269237 0.0010000000474974513 43
1753372286941 0.0010000000474974513 44
1753372304640 0.0010000000474974513 45
1753372321906 0.0010000000474974513 46
1753372339234 0.0010000000474974513 47
1753372356904 0.0010000000474974513 48
1753372374547 0.0010000000474974513 49
1753372391658 0.0010000000474974513 50
1753372409309 0.0010000000474974513 51
1753372426644 0.0010000000474974513 52
1753372443963 0.0010000000474974513 53
1753372461204 0.0010000000474974513 54
1753372478746 0.0010000000474974513 55
1753372496278 0.0010000000474974513 56
1753372513843 0.0010000000474974513 57
1753372531406 0.0010000000474974513 58
1753372548854 0.0010000000474974513 59
1753372565836 0.0010000000474974513 60
1753372583319 0.0010000000474974513 61
1753372600611 0.0010000000474974513 62
1753372618001 0.0010000000474974513 63
1753372635602 0.0010000000474974513 64
1753372653275 0.0010000000474974513 65
1753372670826 0.0010000000474974513 66
1753372688493 0.0010000000474974513 67
1753372705490 0.0010000000474974513 68
1753372723586 0.0010000000474974513 69
1753372741288 0.0010000000474974513 70
1753372758645 0.0010000000474974513 71
1753372776197 0.0010000000474974513 72
1753372793974 0.0010000000474974513 73
1753372811448 0.0010000000474974513 74
1753372829016 0.0010000000474974513 75
1753372846352 0.0010000000474974513 76
1753372863896 0.0010000000474974513 77
1753372881299 0.0010000000474974513 78
1753372898569 0.0010000000474974513 79
1753372915911 0.0010000000474974513 80
1753372933040 0.0010000000474974513 81
1753372950112 0.0010000000474974513 82
1753372967570 0.0010000000474974513 83
1753372985127 0.0010000000474974513 84
1753373003324 0.00020000000949949026 85
1753373020584 0.00020000000949949026 86
1753373038148 0.00020000000949949026 87
1753373055436 0.00020000000949949026 88
1753373073123 0.00020000000949949026 89
1753373090432 0.00020000000949949026 90
1753373107955 0.00020000000949949026 91
1753373125336 0.00020000000949949026 92
1753373142918 0.00020000000949949026 93
1753373160504 4.0000002627493814e-05 94
1753373177796 4.0000002627493814e-05 95
1753373195288 4.0000002627493814e-05 96
1753373212963 4.0000002627493814e-05 97
1753373230194 4.0000002627493814e-05 98
1753373247861 4.0000002627493814e-05 99
1753373265780 4.0000002627493814e-05 100
1753373283475 4.0000002627493814e-05 101
1753373301106 4.0000002627493814e-05 102
1753373318608 8.000000889296643e-06 103
1753373336210 8.000000889296643e-06 104
1753373353291 8.000000889296643e-06 105
1753373370924 8.000000889296643e-06 106
1753373388511 8.000000889296643e-06 107
1753373406173 8.000000889296643e-06 108
1753373423749 8.000000889296643e-06 109
1753373441235 8.000000889296643e-06 110
1753373458676 8.000000889296643e-06 111
1753373476464 1.6000001323845936e-06 112
1753373493797 1.6000001323845936e-06 113
1753373511287 1.6000001323845936e-06 114
1753373528670 1.6000001323845936e-06 115
1753373546203 1.6000001323845936e-06 116
1753373563494 1.6000001323845936e-06 117
1753373580537 1.6000001323845936e-06 118
1753373597675 1.6000001323845936e-06 119
1753373615043 1.6000001323845936e-06 120
1753373632313 9.999999974752427e-07 121
1753373649935 9.999999974752427e-07 122
1753373667420 9.999999974752427e-07 123
1753373684984 9.999999974752427e-07 124
1753373702602 9.999999974752427e-07 125
1753373720173 9.999999974752427e-07 126
1753373737478 9.999999974752427e-07 127
1753373755250 9.999999974752427e-07 128
1753373772241 9.999999974752427e-07 129
1753373789409 9.999999974752427e-07 130
1753373807155 9.999999974752427e-07 131
1753373824199 9.999999974752427e-07 132
1753373841617 9.999999974752427e-07 133
1753373859289 9.999999974752427e-07 134
1753373876994 9.999999974752427e-07 135
1753373894643 9.999999974752427e-07 136
1753373912143 9.999999974752427e-07 137
1753373929733 9.999999974752427e-07 138
1753373947243 9.999999974752427e-07 139
1753373964989 9.999999974752427e-07 140
1753373982573 9.999999974752427e-07 141
1753374000292 9.999999974752427e-07 142
1753374017864 9.999999974752427e-07 143
1753374035288 9.999999974752427e-07 144
1753374052821 9.999999974752427e-07 145
1753374070080 9.999999974752427e-07 146
1753374087511 9.999999974752427e-07 147
1753374104954 9.999999974752427e-07 148
1753374122234 9.999999974752427e-07 149
1753374139926 9.999999974752427e-07 150
1753374157066 9.999999974752427e-07 151
1753374174296 9.999999974752427e-07 152
1753374191774 9.999999974752427e-07 153
1753374209290 9.999999974752427e-07 154
1753374226720 9.999999974752427e-07 155
1753374244070 9.999999974752427e-07 156
1753374261582 9.999999974752427e-07 157
1753374279101 9.999999974752427e-07 158
1753374296289 9.999999974752427e-07 159
1753374313606 9.999999974752427e-07 160
1753374331132 9.999999974752427e-07 161
1753374349003 9.999999974752427e-07 162
1753374366409 9.999999974752427e-07 163
1753374383970 9.999999974752427e-07 164
1753374401243 9.999999974752427e-07 165
1753374418758 9.999999974752427e-07 166
1753374436034 9.999999974752427e-07 167
1753374453424 9.999999974752427e-07 168
1753374471022 9.999999974752427e-07 169
1753374488406 9.999999974752427e-07 170
1753374505982 9.999999974752427e-07 171
1753374523338 9.999999974752427e-07 172
1753374540857 9.999999974752427e-07 173
1753374558463 9.999999974752427e-07 174
1753374576142 9.999999974752427e-07 175
1753374592906 9.999999974752427e-07 176
1753374610723 9.999999974752427e-07 177
1753374628241 9.999999974752427e-07 178
1753374645493 9.999999974752427e-07 179
1753374662951 9.999999974752427e-07 180
1753374680616 9.999999974752427e-07 181
1753374698209 9.999999974752427e-07 182
1753374715445 9.999999974752427e-07 183
1753374732820 9.999999974752427e-07 184
1753374750195 9.999999974752427e-07 185
1753374767840 9.999999974752427e-07 186
1753374785421 9.999999974752427e-07 187
1753374802910 9.999999974752427e-07 188
1753374820686 9.999999974752427e-07 189
1753374838248 9.999999974752427e-07 190
1753374855849 9.999999974752427e-07 191
1753374873835 9.999999974752427e-07 192
1753374891444 9.999999974752427e-07 193
1753374908994 9.999999974752427e-07 194
1753374926457 9.999999974752427e-07 195
1753374943901 9.999999974752427e-07 196
1753374960992 9.999999974752427e-07 197
1753374978234 9.999999974752427e-07 198
1753374995312 9.999999974752427e-07 199
1753375012203 9.999999974752427e-07 200
1753375029760 9.999999974752427e-07 201
1753375047345 9.999999974752427e-07 202
1753375064784 9.999999974752427e-07 203
1753375082290 9.999999974752427e-07 204
1753375099967 9.999999974752427e-07 205
1753375117608 9.999999974752427e-07 206
1753375135401 9.999999974752427e-07 207
1753375152971 9.999999974752427e-07 208
1753375170463 9.999999974752427e-07 209
1753375187544 9.999999974752427e-07 210
1753375204958 9.999999974752427e-07 211
1753375222416 9.999999974752427e-07 212
1753375239681 9.999999974752427e-07 213
1753375257426 9.999999974752427e-07 214
1753375274839 9.999999974752427e-07 215
1753375292391 9.999999974752427e-07 216
1753375309527 9.999999974752427e-07 217
1753375327075 9.999999974752427e-07 218
1753375343947 9.999999974752427e-07 219
1753375361491 9.999999974752427e-07 220
1753375379117 9.999999974752427e-07 221
1753375396519 9.999999974752427e-07 222
1753375414430 9.999999974752427e-07 223
1753375432163 9.999999974752427e-07 224
1753375449396 9.999999974752427e-07 225
1753375466776 9.999999974752427e-07 226
1753375484205 9.999999974752427e-07 227
1753375501847 9.999999974752427e-07 228
1753375519413 9.999999974752427e-07 229
1753375536580 9.999999974752427e-07 230
1753375553912 9.999999974752427e-07 231
1753375571364 9.999999974752427e-07 232
1753375588941 9.999999974752427e-07 233
1753375606393 9.999999974752427e-07 234
1753375623784 9.999999974752427e-07 235
1753375640867 9.999999974752427e-07 236
1753375658485 9.999999974752427e-07 237
1753375675546 9.999999974752427e-07 238
1753375693586 9.999999974752427e-07 239
1753375711239 9.999999974752427e-07 240
1753375728349 9.999999974752427e-07 241
1753375745504 9.999999974752427e-07 242
1753375762922 9.999999974752427e-07 243
1753375780471 9.999999974752427e-07 244
1753375797875 9.999999974752427e-07 245
1753375815213 9.999999974752427e-07 246
1753375832693 9.999999974752427e-07 247
1753375850141 9.999999974752427e-07 248
1753375867671 9.999999974752427e-07 249
1753375885165 9.999999974752427e-07 250
1753375902645 9.999999974752427e-07 251
1753375919948 9.999999974752427e-07 252
1753375937628 9.999999974752427e-07 253
1753375955586 9.999999974752427e-07 254
1753375973122 9.999999974752427e-07 255
1753375990516 9.999999974752427e-07 256
1753376007986 9.999999974752427e-07 257
1753376024833 9.999999974752427e-07 258
1753376042231 9.999999974752427e-07 259
1753376059641 9.999999974752427e-07 260
1753376076663 9.999999974752427e-07 261
1753376093864 9.999999974752427e-07 262
1753376111335 9.999999974752427e-07 263
1753376128978 9.999999974752427e-07 264
1753376146440 9.999999974752427e-07 265
1753376164101 9.999999974752427e-07 266
1753376181532 9.999999974752427e-07 267
1753376198940 9.999999974752427e-07 268
1753376216607 9.999999974752427e-07 269
1753376234271 9.999999974752427e-07 270
1753376251868 9.999999974752427e-07 271
1753376269383 9.999999974752427e-07 272
1753376287083 9.999999974752427e-07 273
1753376304566 9.999999974752427e-07 274
1753376321998 9.999999974752427e-07 275
1753376339433 9.999999974752427e-07 276
1753376356486 9.999999974752427e-07 277
1753376373852 9.999999974752427e-07 278
1753376391133 9.999999974752427e-07 279
1753376408214 9.999999974752427e-07 280
1753376425547 9.999999974752427e-07 281
1753376442949 9.999999974752427e-07 282
1753376460349 9.999999974752427e-07 283
1753376477586 9.999999974752427e-07 284
1753376495676 9.999999974752427e-07 285
1753376512728 9.999999974752427e-07 286
1753376530422 9.999999974752427e-07 287
1753376547947 9.999999974752427e-07 288
1753376565076 9.999999974752427e-07 289
1753376582124 9.999999974752427e-07 290
1753376599468 9.999999974752427e-07 291
1753376617091 9.999999974752427e-07 292
1753376634285 9.999999974752427e-07 293
1753376651758 9.999999974752427e-07 294
1753376669055 9.999999974752427e-07 295
1753376686523 9.999999974752427e-07 296
1753376704133 9.999999974752427e-07 297
1753376721859 9.999999974752427e-07 298
1753376739380 9.999999974752427e-07 299
1753376756832 9.999999974752427e-07 300
