1753413388026 0.57274 1
1753413430992 0.35625 2
1753413473063 0.22338 3
1753413513659 0.14439 4
1753413555208 0.09949 5
1753413596063 0.07353 6
1753413638000 0.05776 7
1753413678913 0.04773 8
1753413719716 0.041 9
1753413760545 0.03628 10
1753413801740 0.03224 11
1753413843180 0.0293 12
1753413885833 0.02739 13
1753413927642 0.026 14
1753413969173 0.0249 15
1753414011125 0.024 16
1753414052781 0.02332 17
1753414094460 0.02269 18
1753414136110 0.02222 19
1753414177822 0.02174 20
1753414219530 0.02139 21
1753414261116 0.02108 22
1753414302590 0.02081 23
1753414344048 0.02055 24
1753414386073 0.02035 25
1753414428120 0.02015 26
1753414470773 0.02002 27
1753414513070 0.01985 28
1753414556158 0.01967 29
1753414598237 0.01957 30
1753414639686 0.01946 31
1753414681199 0.01933 32
1753414723279 0.01927 33
1753414764875 0.01915 34
1753414807052 0.01909 35
1753414848862 0.01901 36
1753414890860 0.01892 37
1753414932354 0.01886 38
1753414974084 0.01878 39
1753415015433 0.01877 40
1753415057312 0.01871 41
1753415099345 0.01865 42
1753415141683 0.0186 43
1753415184155 0.01857 44
1753415225953 0.01852 45
1753415267860 0.01829 46
1753415309655 0.01822 47
1753415351073 0.01823 48
1753415393954 0.01822 49
1753415436509 0.01817 50
1753415478091 0.01814 51
1753415520540 0.01814 52
1753415562908 0.01811 53
1753415605319 0.01812 54
1753415648213 0.01807 55
1753415690553 0.01804 56
1753415733554 0.01801 57
1753415775558 0.01804 58
1753415817546 0.01804 59
1753415860250 0.01803 60
1753415901997 0.01803 61
1753415944560 0.01804 62
1753415986296 0.01799 63
1753416028903 0.01799 64
1753416070956 0.01799 65
1753416113038 0.018 66
1753416155454 0.01801 67
1753416196928 0.01797 68
1753416239118 0.01799 69
1753416281789 0.01798 70
1753416324050 0.01802 71
1753416365749 0.01798 72
1753416407852 0.018 73
1753416450377 0.018 74
1753416491802 0.01797 75
1753416534243 0.018 76
1753416576586 0.01799 77
1753416619194 0.01797 78
1753416661815 0.01798 79
1753416704406 0.01798 80
1753416746734 0.018 81
1753416789181 0.01797 82
1753416831098 0.01798 83
1753416873292 0.018 84
1753416915694 0.01798 85
1753416957826 0.01799 86
1753416999070 0.01798 87
1753417040685 0.01797 88
1753417082147 0.01798 89
1753417124015 0.01797 90
1753417166475 0.01799 91
1753417209651 0.01798 92
1753417252040 0.01799 93
1753417294566 0.018 94
1753417335998 0.01797 95
1753417378495 0.01797 96
1753417420763 0.01798 97
1753417462850 0.01797 98
1753417505301 0.01797 99
1753417547262 0.018 100
1753417589569 0.01797 101
1753417631650 0.01798 102
1753417673527 0.01799 103
1753417715893 0.01796 104
1753417758473 0.01796 105
1753417800610 0.01797 106
1753417842716 0.01798 107
1753417885297 0.01797 108
1753417927854 0.01797 109
1753417969940 0.01798 110
1753418012515 0.01798 111
1753418054777 0.01796 112
1753418096922 0.01798 113
1753418138270 0.01798 114
1753418180660 0.01797 115
1753418222890 0.01798 116
1753418265182 0.01798 117
1753418308017 0.01799 118
1753418349911 0.01796 119
1753418392186 0.01797 120
1753418434330 0.01799 121
1753418476712 0.01798 122
1753418519411 0.01796 123
1753418561744 0.01797 124
1753418605031 0.01798 125
1753418647107 0.01795 126
1753418689329 0.01797 127
1753418731652 0.01797 128
1753418774093 0.01797 129
1753418815503 0.01795 130
1753418857064 0.01797 131
1753418898815 0.01797 132
1753418941115 0.01797 133
1753418984064 0.01798 134
1753419026615 0.01795 135
1753419069551 0.01795 136
1753419112533 0.01797 137
1753419154934 0.01797 138
1753419197326 0.01798 139
1753419239464 0.01796 140
1753419281831 0.01797 141
1753419324645 0.01796 142
1753419367623 0.01796 143
1753419409973 0.01796 144
1753419451396 0.01795 145
1753419494521 0.01796 146
1753419536955 0.01792 147
1753419579307 0.01796 148
1753419621474 0.01796 149
1753419664403 0.01795 150
1753419706936 0.01795 151
1753419749192 0.01797 152
1753419792025 0.01794 153
1753419834588 0.01795 154
1753419876899 0.01794 155
1753419919315 0.01796 156
1753419961575 0.01795 157
1753420003859 0.01795 158
1753420046783 0.01796 159
1753420090294 0.01793 160
1753420133288 0.01793 161
1753420176064 0.01795 162
1753420218601 0.01796 163
1753420262160 0.01795 164
1753420305258 0.01795 165
1753420348875 0.01796 166
1753420391796 0.01797 167
1753420435202 0.01797 168
1753420477812 0.01795 169
1753420519953 0.01797 170
1753420563006 0.01793 171
1753420606557 0.01796 172
1753420649417 0.01795 173
1753420692627 0.01798 174
1753420735736 0.01794 175
1753420778560 0.01794 176
1753420819937 0.01794 177
1753420862168 0.01794 178
1753420904812 0.01793 179
1753420947187 0.01794 180
1753420989442 0.01793 181
1753421031808 0.01795 182
1753421074399 0.01794 183
1753421117529 0.01797 184
1753421160396 0.01793 185
1753421203039 0.01794 186
1753421245377 0.01794 187
1753421287891 0.01793 188
1753421329923 0.01795 189
1753421371629 0.01794 190
1753421414122 0.01793 191
1753421456367 0.01794 192
1753421499259 0.01794 193
1753421540850 0.01792 194
1753421583282 0.01792 195
1753421625560 0.01792 196
1753421667944 0.01793 197
1753421710441 0.01792 198
1753421753057 0.01793 199
1753421795562 0.01793 200
1753421838454 0.01794 201
1753421880102 0.01794 202
1753421922190 0.01794 203
1753421964693 0.01793 204
1753422007436 0.01793 205
1753422048870 0.01794 206
1753422091234 0.01792 207
1753422133350 0.01793 208
1753422176055 0.01793 209
1753422218296 0.01792 210
1753422261122 0.01794 211
1753422303571 0.01793 212
1753422346458 0.01794 213
1753422389594 0.01795 214
1753422433532 0.01793 215
1753422476654 0.01792 216
1753422519982 0.01792 217
1753422563746 0.01794 218
1753422606101 0.01795 219
1753422649233 0.01794 220
1753422692764 0.01794 221
1753422735262 0.01794 222
1753422778402 0.01795 223
1753422821335 0.0179 224
1753422864373 0.01791 225
1753422907214 0.0179 226
1753422950485 0.01794 227
1753422993027 0.0179 228
1753423036641 0.01794 229
1753423080668 0.01794 230
1753423123719 0.01794 231
1753423166970 0.01793 232
1753423211942 0.01791 233
1753423255447 0.01794 234
1753423298434 0.01793 235
1753423342184 0.01791 236
1753423385753 0.01793 237
1753423428495 0.01792 238
1753423471644 0.01792 239
1753423514404 0.01793 240
1753423557757 0.01793 241
1753423601070 0.01793 242
1753423643428 0.01792 243
1753423686900 0.01791 244
1753423730028 0.0179 245
1753423773737 0.01795 246
1753423817072 0.01793 247
1753423860274 0.01791 248
1753423903406 0.01789 249
1753423946446 0.01793 250
1753423989976 0.01789 251
1753424033116 0.01793 252
1753424075286 0.01791 253
1753424118292 0.01789 254
1753424161714 0.01791 255
1753424204202 0.01795 256
1753424246811 0.01791 257
1753424289702 0.01789 258
1753424332832 0.0179 259
1753424375480 0.0179 260
1753424418875 0.01792 261
1753424462381 0.0179 262
1753424504862 0.0179 263
1753424547371 0.01793 264
1753424589661 0.01791 265
1753424632081 0.0179 266
1753424674530 0.0179 267
1753424716507 0.01791 268
1753424758735 0.01791 269
1753424801180 0.01788 270
1753424843279 0.01791 271
1753424885664 0.0179 272
1753424928206 0.0179 273
1753424969766 0.01792 274
1753425012002 0.0179 275
1753425053502 0.01788 276
1753425095770 0.01791 277
1753425138214 0.01793 278
1753425180514 0.01792 279
1753425223066 0.01792 280
1753425265507 0.01791 281
1753425308046 0.0179 282
1753425351019 0.0179 283
1753425393897 0.01792 284
1753425436318 0.0179 285
1753425478638 0.01788 286
1753425520264 0.01792 287
1753425562743 0.01789 288
1753425605586 0.01792 289
1753425647910 0.01792 290
1753425690383 0.0179 291
1753425732658 0.0179 292
1753425775089 0.01788 293
1753425817297 0.01789 294
1753425858806 0.01789 295
1753425901673 0.01791 296
1753425944903 0.0179 297
1753425987819 0.0179 298
1753426030035 0.01789 299
1753426072421 0.01786 300
