1753413407128 0.0010000000474974513 1
1753413449153 0.0010000000474974513 2
1753413489730 0.0010000000474974513 3
1753413531153 0.0010000000474974513 4
1753413572053 0.0010000000474974513 5
1753413614055 0.0010000000474974513 6
1753413654919 0.0010000000474974513 7
1753413695822 0.0010000000474974513 8
1753413736610 0.0010000000474974513 9
1753413777506 0.0010000000474974513 10
1753413819137 0.0010000000474974513 11
1753413861633 0.0010000000474974513 12
1753413903089 0.0010000000474974513 13
1753413944593 0.0010000000474974513 14
1753413986448 0.0010000000474974513 15
1753414028178 0.0010000000474974513 16
1753414069904 0.0010000000474974513 17
1753414111464 0.0010000000474974513 18
1753414152939 0.0010000000474974513 19
1753414194864 0.0010000000474974513 20
1753414236720 0.0010000000474974513 21
1753414278148 0.0010000000474974513 22
1753414319410 0.0010000000474974513 23
1753414361612 0.0010000000474974513 24
1753414403522 0.0010000000474974513 25
1753414445964 0.0010000000474974513 26
1753414488351 0.0010000000474974513 27
1753414531542 0.0010000000474974513 28
1753414573562 0.0010000000474974513 29
1753414615018 0.0010000000474974513 30
1753414656796 0.0010000000474974513 31
1753414698823 0.0010000000474974513 32
1753414740101 0.0010000000474974513 33
1753414782462 0.0010000000474974513 34
1753414824515 0.0010000000474974513 35
1753414866298 0.0010000000474974513 36
1753414907729 0.0010000000474974513 37
1753414949691 0.0010000000474974513 38
1753414990930 0.0010000000474974513 39
1753415032764 0.0010000000474974513 40
1753415074447 0.0010000000474974513 41
1753415117316 0.0010000000474974513 42
1753415159437 0.0010000000474974513 43
1753415201498 0.0010000000474974513 44
1753415243346 0.00020000000949949026 45
1753415285310 0.00020000000949949026 46
1753415326489 0.00020000000949949026 47
1753415369323 0.00020000000949949026 48
1753415411930 0.00020000000949949026 49
1753415453688 0.00020000000949949026 50
1753415496088 0.00020000000949949026 51
1753415538502 0.00020000000949949026 52
1753415580862 0.00020000000949949026 53
1753415623249 4.0000002627493814e-05 54
1753415665956 4.0000002627493814e-05 55
1753415708914 4.0000002627493814e-05 56
1753415751013 4.0000002627493814e-05 57
1753415793339 4.0000002627493814e-05 58
1753415835530 4.0000002627493814e-05 59
1753415877450 4.0000002627493814e-05 60
1753415919740 4.0000002627493814e-05 61
1753415961756 4.0000002627493814e-05 62
1753416004265 8.000000889296643e-06 63
1753416046860 8.000000889296643e-06 64
1753416088400 8.000000889296643e-06 65
1753416131154 8.000000889296643e-06 66
1753416172363 8.000000889296643e-06 67
1753416214755 8.000000889296643e-06 68
1753416257079 8.000000889296643e-06 69
1753416299685 8.000000889296643e-06 70
1753416340995 8.000000889296643e-06 71
1753416383442 1.6000001323845936e-06 72
1753416425812 1.6000001323845936e-06 73
1753416467275 1.6000001323845936e-06 74
1753416509520 1.6000001323845936e-06 75
1753416552049 1.6000001323845936e-06 76
1753416594679 1.6000001323845936e-06 77
1753416637252 1.6000001323845936e-06 78
1753416679883 1.6000001323845936e-06 79
1753416722200 1.6000001323845936e-06 80
1753416764536 9.999999974752427e-07 81
1753416806393 9.999999974752427e-07 82
1753416848877 9.999999974752427e-07 83
1753416891069 9.999999974752427e-07 84
1753416933218 9.999999974752427e-07 85
1753416974871 9.999999974752427e-07 86
1753417016082 9.999999974752427e-07 87
1753417057581 9.999999974752427e-07 88
1753417099300 9.999999974752427e-07 89
1753417141847 9.999999974752427e-07 90
1753417184969 9.999999974752427e-07 91
1753417227815 9.999999974752427e-07 92
1753417269947 9.999999974752427e-07 93
1753417311619 9.999999974752427e-07 94
1753417353842 9.999999974752427e-07 95
1753417396320 9.999999974752427e-07 96
1753417438453 9.999999974752427e-07 97
1753417480622 9.999999974752427e-07 98
1753417522979 9.999999974752427e-07 99
1753417565098 9.999999974752427e-07 100
1753417607177 9.999999974752427e-07 101
1753417648795 9.999999974752427e-07 102
1753417691145 9.999999974752427e-07 103
1753417733835 9.999999974752427e-07 104
1753417775963 9.999999974752427e-07 105
1753417818409 9.999999974752427e-07 106
1753417860559 9.999999974752427e-07 107
1753417903560 9.999999974752427e-07 108
1753417945695 9.999999974752427e-07 109
1753417987715 9.999999974752427e-07 110
1753418030206 9.999999974752427e-07 111
1753418072556 9.999999974752427e-07 112
1753418113987 9.999999974752427e-07 113
1753418156215 9.999999974752427e-07 114
1753418198589 9.999999974752427e-07 115
1753418240744 9.999999974752427e-07 116
1753418283481 9.999999974752427e-07 117
1753418325140 9.999999974752427e-07 118
1753418367831 9.999999974752427e-07 119
1753418409866 9.999999974752427e-07 120
1753418451579 9.999999974752427e-07 121
1753418495042 9.999999974752427e-07 122
1753418537312 9.999999974752427e-07 123
1753418580512 9.999999974752427e-07 124
1753418622671 9.999999974752427e-07 125
1753418664955 9.999999974752427e-07 126
1753418707090 9.999999974752427e-07 127
1753418749393 9.999999974752427e-07 128
1753418791167 9.999999974752427e-07 129
1753418832516 9.999999974752427e-07 130
1753418874166 9.999999974752427e-07 131
1753418916609 9.999999974752427e-07 132
1753418959535 9.999999974752427e-07 133
1753419002253 9.999999974752427e-07 134
1753419044987 9.999999974752427e-07 135
1753419087923 9.999999974752427e-07 136
1753419130367 9.999999974752427e-07 137
1753419172875 9.999999974752427e-07 138
1753419215147 9.999999974752427e-07 139
1753419257261 9.999999974752427e-07 140
1753419300231 9.999999974752427e-07 141
1753419343136 9.999999974752427e-07 142
1753419385287 9.999999974752427e-07 143
1753419427103 9.999999974752427e-07 144
1753419469822 9.999999974752427e-07 145
1753419512456 9.999999974752427e-07 146
1753419554827 9.999999974752427e-07 147
1753419597116 9.999999974752427e-07 148
1753419640220 9.999999974752427e-07 149
1753419682262 9.999999974752427e-07 150
1753419724750 9.999999974752427e-07 151
1753419767671 9.999999974752427e-07 152
1753419809899 9.999999974752427e-07 153
1753419852465 9.999999974752427e-07 154
1753419894672 9.999999974752427e-07 155
1753419937105 9.999999974752427e-07 156
1753419979399 9.999999974752427e-07 157
1753420022652 9.999999974752427e-07 158
1753420065297 9.999999974752427e-07 159
1753420108070 9.999999974752427e-07 160
1753420151311 9.999999974752427e-07 161
1753420193114 9.999999974752427e-07 162
1753420237045 9.999999974752427e-07 163
1753420280040 9.999999974752427e-07 164
1753420323678 9.999999974752427e-07 165
1753420366761 9.999999974752427e-07 166
1753420410234 9.999999974752427e-07 167
1753420452772 9.999999974752427e-07 168
1753420494893 9.999999974752427e-07 169
1753420537733 9.999999974752427e-07 170
1753420581444 9.999999974752427e-07 171
1753420624444 9.999999974752427e-07 172
1753420667296 9.999999974752427e-07 173
1753420710241 9.999999974752427e-07 174
1753420753704 9.999999974752427e-07 175
1753420795416 9.999999974752427e-07 176
1753420837511 9.999999974752427e-07 177
1753420880621 9.999999974752427e-07 178
1753420922730 9.999999974752427e-07 179
1753420965051 9.999999974752427e-07 180
1753421007283 9.999999974752427e-07 181
1753421049885 9.999999974752427e-07 182
1753421093221 9.999999974752427e-07 183
1753421136003 9.999999974752427e-07 184
1753421178570 9.999999974752427e-07 185
1753421221016 9.999999974752427e-07 186
1753421263325 9.999999974752427e-07 187
1753421305314 9.999999974752427e-07 188
1753421346726 9.999999974752427e-07 189
1753421389599 9.999999974752427e-07 190
1753421432066 9.999999974752427e-07 191
1753421474565 9.999999974752427e-07 192
1753421516254 9.999999974752427e-07 193
1753421558765 9.999999974752427e-07 194
1753421601292 9.999999974752427e-07 195
1753421643226 9.999999974752427e-07 196
1753421686068 9.999999974752427e-07 197
1753421728444 9.999999974752427e-07 198
1753421771104 9.999999974752427e-07 199
1753421813782 9.999999974752427e-07 200
1753421855613 9.999999974752427e-07 201
1753421897233 9.999999974752427e-07 202
1753421940151 9.999999974752427e-07 203
1753421983043 9.999999974752427e-07 204
1753422024416 9.999999974752427e-07 205
1753422066683 9.999999974752427e-07 206
1753422109050 9.999999974752427e-07 207
1753422151713 9.999999974752427e-07 208
1753422193694 9.999999974752427e-07 209
1753422236682 9.999999974752427e-07 210
1753422279142 9.999999974752427e-07 211
1753422321535 9.999999974752427e-07 212
1753422364439 9.999999974752427e-07 213
1753422408084 9.999999974752427e-07 214
1753422451486 9.999999974752427e-07 215
1753422494616 9.999999974752427e-07 216
1753422538809 9.999999974752427e-07 217
1753422580799 9.999999974752427e-07 218
1753422624078 9.999999974752427e-07 219
1753422667599 9.999999974752427e-07 220
1753422710010 9.999999974752427e-07 221
1753422753202 9.999999974752427e-07 222
1753422796137 9.999999974752427e-07 223
1753422839187 9.999999974752427e-07 224
1753422882071 9.999999974752427e-07 225
1753422925362 9.999999974752427e-07 226
1753422967982 9.999999974752427e-07 227
1753423011421 9.999999974752427e-07 228
1753423055046 9.999999974752427e-07 229
1753423098672 9.999999974752427e-07 230
1753423141916 9.999999974752427e-07 231
1753423186505 9.999999974752427e-07 232
1753423230432 9.999999974752427e-07 233
1753423273182 9.999999974752427e-07 234
1753423316429 9.999999974752427e-07 235
1753423360831 9.999999974752427e-07 236
1753423403046 9.999999974752427e-07 237
1753423446297 9.999999974752427e-07 238
1753423489515 9.999999974752427e-07 239
1753423532507 9.999999974752427e-07 240
1753423575642 9.999999974752427e-07 241
1753423618355 9.999999974752427e-07 242
1753423661426 9.999999974752427e-07 243
1753423704837 9.999999974752427e-07 244
1753423748366 9.999999974752427e-07 245
1753423792016 9.999999974752427e-07 246
1753423834910 9.999999974752427e-07 247
1753423878055 9.999999974752427e-07 248
1753423921084 9.999999974752427e-07 249
1753423964930 9.999999974752427e-07 250
1753424007887 9.999999974752427e-07 251
1753424050110 9.999999974752427e-07 252
1753424093144 9.999999974752427e-07 253
1753424136797 9.999999974752427e-07 254
1753424179009 9.999999974752427e-07 255
1753424221607 9.999999974752427e-07 256
1753424264544 9.999999974752427e-07 257
1753424307621 9.999999974752427e-07 258
1753424350613 9.999999974752427e-07 259
1753424393261 9.999999974752427e-07 260
1753424437285 9.999999974752427e-07 261
1753424480287 9.999999974752427e-07 262
1753424522746 9.999999974752427e-07 263
1753424565287 9.999999974752427e-07 264
1753424607726 9.999999974752427e-07 265
1753424650203 9.999999974752427e-07 266
1753424692057 9.999999974752427e-07 267
1753424734379 9.999999974752427e-07 268
1753424776533 9.999999974752427e-07 269
1753424819053 9.999999974752427e-07 270
1753424861003 9.999999974752427e-07 271
1753424903608 9.999999974752427e-07 272
1753424945199 9.999999974752427e-07 273
1753424987534 9.999999974752427e-07 274
1753425029139 9.999999974752427e-07 275
1753425071288 9.999999974752427e-07 276
1753425113676 9.999999974752427e-07 277
1753425156152 9.999999974752427e-07 278
1753425198760 9.999999974752427e-07 279
1753425240957 9.999999974752427e-07 280
1753425283506 9.999999974752427e-07 281
1753425326658 9.999999974752427e-07 282
1753425369414 9.999999974752427e-07 283
1753425411679 9.999999974752427e-07 284
1753425454274 9.999999974752427e-07 285
1753425495779 9.999999974752427e-07 286
1753425538318 9.999999974752427e-07 287
1753425581226 9.999999974752427e-07 288
1753425623326 9.999999974752427e-07 289
1753425665803 9.999999974752427e-07 290
1753425708152 9.999999974752427e-07 291
1753425750636 9.999999974752427e-07 292
1753425793000 9.999999974752427e-07 293
1753425834323 9.999999974752427e-07 294
1753425877246 9.999999974752427e-07 295
1753425920455 9.999999974752427e-07 296
1753425963246 9.999999974752427e-07 297
1753426005633 9.999999974752427e-07 298
1753426047885 9.999999974752427e-07 299
1753426090300 9.999999974752427e-07 300
