1753398023656 1.0 0
1753398060313 2.0 0
1753398096493 3.0 0
1753398132334 4.0 0
1753398168838 5.0 0
1753398204683 6.0 0
1753398240204 7.0 0
1753398276321 8.0 0
1753398312505 9.0 0
1753398349164 10.0 0
1753398384911 11.0 0
1753398421401 12.0 0
1753398457249 13.0 0
1753398494344 14.0 0
1753398530284 15.0 0
1753398566338 16.0 0
1753398602987 17.0 0
1753398640328 18.0 0
1753398676755 19.0 0
1753398712908 20.0 0
1753398748553 21.0 0
1753398784416 22.0 0
1753399003437 28.0 0
1753399040756 29.0 0
1753399150836 32.0 0
1753399188628 33.0 0
