1753398005269 0.66556 1
1753398042664 0.45667 2
1753398079321 0.30317 3
1753398115538 0.20074 4
1753398151316 0.13767 5
1753398187872 0.09955 6
1753398223674 0.07636 7
1753398259234 0.06146 8
1753398295706 0.0515 9
1753398331624 0.04457 10
1753398368277 0.03954 11
1753398403953 0.0358 12
1753398440396 0.03299 13
1753398476328 0.03078 14
1753398513523 0.02896 15
1753398549409 0.02717 16
1753398585417 0.02584 17
1753398622108 0.02494 18
1753398659426 0.02414 19
1753398695766 0.02356 20
1753398731946 0.02299 21
1753398767751 0.02257 22
1753398803571 0.02212 23
1753398839414 0.02182 24
1753398875612 0.02152 25
1753398911590 0.02123 26
1753398948205 0.02099 27
1753398985238 0.02077 28
1753399022580 0.02058 29
1753399059743 0.0204 30
1753399095865 0.02021 31
1753399133107 0.02009 32
1753399170111 0.01998 33
1753399207842 0.01987 34
1753399245119 0.01973 35
1753399282373 0.01963 36
1753399318783 0.01951 37
1753399355305 0.01946 38
1753399391749 0.01935 39
1753399427481 0.01925 40
1753399464235 0.01922 41
1753399501031 0.01912 42
1753399537926 0.01889 43
1753399574494 0.0188 44
1753399611739 0.01879 45
1753399648097 0.01876 46
1753399684109 0.01874 47
1753399720865 0.01872 48
1753399756981 0.01868 49
1753399793672 0.01868 50
1753399830502 0.01863 51
1753399867085 0.01862 52
1753399903869 0.01858 53
1753399940654 0.01856 54
1753399977292 0.01854 55
1753400013815 0.01855 56
1753400050565 0.01854 57
1753400087152 0.01853 58
1753400124640 0.01851 59
1753400161435 0.01852 60
1753400198716 0.01851 61
1753400234518 0.0185 62
1753400271288 0.01852 63
1753400307939 0.0185 64
1753400345244 0.01848 65
1753400381984 0.01851 66
1753400419798 0.01848 67
1753400456518 0.0185 68
1753400493237 0.01847 69
1753400530014 0.0185 70
1753400566694 0.0185 71
1753400603342 0.0185 72
1753400639981 0.01846 73
1753400676809 0.01849 74
1753400713407 0.0185 75
1753400750164 0.01846 76
1753400786878 0.01849 77
1753400823581 0.0185 78
1753400860128 0.01847 79
1753400896700 0.01849 80
1753400932674 0.0185 81
1753400969096 0.0185 82
1753401005830 0.0185 83
1753401043003 0.01847 84
1753401079017 0.0185 85
1753401115805 0.0185 86
1753401152301 0.0185 87
1753401188961 0.01848 88
1753401225605 0.01849 89
1753401262181 0.0185 90
1753401298905 0.0185 91
1753401335967 0.01847 92
1753401372865 0.01846 93
1753401408555 0.01848 94
1753401445817 0.0185 95
1753401481651 0.01849 96
1753401518326 0.01847 97
1753401554899 0.01847 98
1753401591534 0.01849 99
1753401628304 0.01848 100
1753401664674 0.01847 101
1753401701551 0.01847 102
1753401737914 0.0185 103
1753401773740 0.01846 104
1753401810254 0.01848 105
1753401846932 0.01847 106
1753401883494 0.01845 107
1753401920231 0.01848 108
1753401957495 0.0185 109
1753401994239 0.01848 110
1753402030140 0.01847 111
1753402066633 0.01848 112
1753402103176 0.01845 113
1753402139801 0.01848 114
1753402176648 0.01847 115
1753402213298 0.01844 116
1753402250142 0.01848 117
1753402286700 0.01847 118
1753402323466 0.01847 119
1753402360347 0.01845 120
1753402396854 0.01847 121
1753402433715 0.01847 122
1753402470365 0.0185 123
1753402507183 0.01846 124
1753402543826 0.01848 125
1753402580448 0.01846 126
1753402616483 0.01847 127
1753402653060 0.01846 128
1753402689693 0.01846 129
1753402725804 0.01849 130
1753402762570 0.01846 131
1753402799169 0.01844 132
1753402835420 0.01847 133
1753402871886 0.01845 134
1753402907914 0.01847 135
1753402943829 0.01846 136
1753402979856 0.01847 137
1753403015964 0.01847 138
1753403052713 0.01846 139
1753403089071 0.01843 140
1753403125480 0.01845 141
1753403161689 0.01845 142
1753403197544 0.01844 143
1753403233428 0.01844 144
1753403269605 0.01846 145
1753403306278 0.01845 146
1753403342922 0.01846 147
1753403379480 0.01841 148
1753403416302 0.01845 149
1753403453034 0.01844 150
1753403489761 0.01847 151
1753403525689 0.01847 152
1753403562516 0.01846 153
1753403599046 0.01845 154
1753403635839 0.01843 155
1753403672283 0.01842 156
1753403708581 0.01845 157
1753403745115 0.01845 158
1753403781955 0.01844 159
1753403818581 0.01843 160
1753403855192 0.01845 161
1753403891986 0.01843 162
1753403929051 0.01844 163
1753403965884 0.01845 164
1753404002471 0.01843 165
1753404039561 0.01844 166
1753404076287 0.01844 167
1753404112987 0.01842 168
1753404148906 0.01843 169
1753404185381 0.01843 170
1753404221892 0.01842 171
1753404258750 0.01842 172
1753404295527 0.01846 173
1753404331937 0.01842 174
1753404368626 0.01844 175
1753404405316 0.01841 176
1753404442203 0.01842 177
1753404478577 0.01843 178
1753404515226 0.01846 179
1753404551723 0.01841 180
1753404588369 0.01846 181
1753404624706 0.01843 182
1753404661020 0.01844 183
1753404697440 0.01842 184
1753404733503 0.01843 185
1753404769696 0.01839 186
1753404806525 0.01842 187
1753404842710 0.01842 188
1753404880068 0.01844 189
1753404916672 0.01841 190
1753404953207 0.01842 191
1753404989964 0.01843 192
1753405026859 0.01842 193
1753405063616 0.01844 194
1753405100438 0.01839 195
1753405137210 0.01842 196
1753405173674 0.01842 197
1753405210470 0.01844 198
1753405247436 0.01842 199
1753405284105 0.01841 200
1753405321104 0.01841 201
1753405357561 0.0184 202
1753405394306 0.0184 203
1753405431108 0.01838 204
1753405467591 0.01841 205
1753405503651 0.01842 206
1753405540280 0.01841 207
1753405577045 0.01841 208
1753405614041 0.01844 209
1753405650817 0.0184 210
1753405687523 0.01843 211
1753405723233 0.0184 212
1753405759209 0.01841 213
1753405795601 0.01838 214
1753405831909 0.01841 215
1753405867893 0.01841 216
1753405904414 0.01841 217
1753405941295 0.01841 218
1753405978262 0.01841 219
1753406015183 0.01838 220
1753406051084 0.01839 221
1753406087374 0.01839 222
1753406125027 0.01839 223
1753406161604 0.01842 224
1753406198135 0.01839 225
1753406235105 0.01839 226
1753406272010 0.0184 227
1753406308477 0.01839 228
1753406345351 0.0184 229
1753406381988 0.0184 230
1753406418790 0.01838 231
1753406455525 0.01836 232
1753406492116 0.0184 233
1753406528798 0.01839 234
1753406565598 0.01841 235
1753406602337 0.01836 236
1753406638393 0.01838 237
1753406675099 0.01839 238
1753406711765 0.01838 239
1753406748540 0.01837 240
1753406785062 0.01838 241
1753406821727 0.01839 242
1753406858414 0.01835 243
1753406894655 0.01837 244
1753406931400 0.01837 245
1753406967592 0.01838 246
1753407003736 0.01838 247
1753407040612 0.01839 248
1753407077394 0.01839 249
1753407114059 0.01837 250
1753407150105 0.01839 251
1753407186737 0.01838 252
1753407223574 0.01839 253
1753407260707 0.01837 254
1753407297222 0.01838 255
1753407334641 0.01837 256
1753407371302 0.01836 257
1753407407490 0.01838 258
1753407444704 0.01837 259
1753407481250 0.01838 260
1753407518101 0.01837 261
1753407554778 0.01835 262
1753407591516 0.01838 263
1753407628409 0.01836 264
1753407665138 0.01836 265
1753407701641 0.01836 266
1753407738039 0.01837 267
1753407774992 0.01837 268
1753407811738 0.01836 269
1753407849013 0.01835 270
1753407886172 0.01835 271
1753407922699 0.01838 272
1753407958725 0.01838 273
1753407995875 0.01836 274
1753408032664 0.01836 275
1753408069350 0.01834 276
1753408105997 0.01838 277
1753408142629 0.01835 278
1753408179124 0.01838 279
1753408215816 0.01835 280
1753408252471 0.01837 281
1753408288552 0.01835 282
1753408325241 0.01836 283
1753408361754 0.01835 284
1753408398052 0.01835 285
1753408434679 0.01835 286
1753408471487 0.01835 287
1753408508352 0.01835 288
1753408544909 0.01835 289
1753408581658 0.01835 290
1753408618129 0.01836 291
1753408654610 0.01833 292
