1753398023664 0.0010000000474974513 1
1753398060319 0.0010000000474974513 2
1753398096502 0.0010000000474974513 3
1753398132344 0.0010000000474974513 4
1753398168844 0.0010000000474974513 5
1753398204690 0.0010000000474974513 6
1753398240211 0.0010000000474974513 7
1753398276332 0.0010000000474974513 8
1753398312511 0.0010000000474974513 9
1753398349176 0.0010000000474974513 10
1753398384918 0.0010000000474974513 11
1753398421409 0.0010000000474974513 12
1753398457255 0.0010000000474974513 13
1753398494352 0.0010000000474974513 14
1753398530295 0.0010000000474974513 15
1753398566360 0.0010000000474974513 16
1753398602997 0.0010000000474974513 17
1753398640335 0.0010000000474974513 18
1753398676762 0.0010000000474974513 19
1753398712917 0.0010000000474974513 20
1753398748562 0.0010000000474974513 21
1753398784425 0.0010000000474974513 22
1753398820278 0.0010000000474974513 23
1753398856350 0.0010000000474974513 24
1753398892254 0.0010000000474974513 25
1753398929064 0.0010000000474974513 26
1753398965531 0.0010000000474974513 27
1753399003449 0.0010000000474974513 28
1753399040765 0.0010000000474974513 29
1753399076604 0.0010000000474974513 30
1753399113853 0.0010000000474974513 31
1753399150850 0.0010000000474974513 32
1753399188637 0.0010000000474974513 33
1753399226024 0.0010000000474974513 34
1753399263229 0.0010000000474974513 35
1753399299665 0.0010000000474974513 36
1753399336189 0.0010000000474974513 37
1753399372539 0.0010000000474974513 38
1753399408471 0.0010000000474974513 39
1753399444964 0.0010000000474974513 40
1753399481883 0.0010000000474974513 41
1753399518549 0.00020000000949949026 42
1753399555438 0.00020000000949949026 43
1753399592398 0.00020000000949949026 44
1753399629025 0.00020000000949949026 45
1753399664829 0.00020000000949949026 46
1753399701633 0.00020000000949949026 47
1753399737618 0.00020000000949949026 48
1753399774477 0.00020000000949949026 49
1753399811283 0.00020000000949949026 50
1753399848007 4.0000002627493814e-05 51
1753399884587 4.0000002627493814e-05 52
1753399921355 4.0000002627493814e-05 53
1753399958089 4.0000002627493814e-05 54
1753399994595 4.0000002627493814e-05 55
1753400031422 4.0000002627493814e-05 56
1753400067914 4.0000002627493814e-05 57
1753400105269 4.0000002627493814e-05 58
1753400142316 4.0000002627493814e-05 59
1753400179470 8.000000889296643e-06 60
1753400215373 8.000000889296643e-06 61
1753400252083 8.000000889296643e-06 62
1753400288822 8.000000889296643e-06 63
1753400326119 8.000000889296643e-06 64
1753400362862 8.000000889296643e-06 65
1753400400652 8.000000889296643e-06 66
1753400437266 8.000000889296643e-06 67
1753400473960 8.000000889296643e-06 68
1753400510709 1.6000001323845936e-06 69
1753400547592 1.6000001323845936e-06 70
1753400584191 1.6000001323845936e-06 71
1753400620937 1.6000001323845936e-06 72
1753400657535 1.6000001323845936e-06 73
1753400694198 1.6000001323845936e-06 74
1753400730857 1.6000001323845936e-06 75
1753400767622 1.6000001323845936e-06 76
1753400804336 1.6000001323845936e-06 77
1753400840960 9.999999974752427e-07 78
1753400877441 9.999999974752427e-07 79
1753400913475 9.999999974752427e-07 80
1753400949800 9.999999974752427e-07 81
1753400986579 9.999999974752427e-07 82
1753401023688 9.999999974752427e-07 83
1753401059677 9.999999974752427e-07 84
1753401096795 9.999999974752427e-07 85
1753401133121 9.999999974752427e-07 86
1753401169825 9.999999974752427e-07 87
1753401206367 9.999999974752427e-07 88
1753401243023 9.999999974752427e-07 89
1753401279735 9.999999974752427e-07 90
1753401316790 9.999999974752427e-07 91
1753401353612 9.999999974752427e-07 92
1753401389348 9.999999974752427e-07 93
1753401426757 9.999999974752427e-07 94
1753401462487 9.999999974752427e-07 95
1753401499216 9.999999974752427e-07 96
1753401535815 9.999999974752427e-07 97
1753401572381 9.999999974752427e-07 98
1753401609104 9.999999974752427e-07 99
1753401645532 9.999999974752427e-07 100
1753401682195 9.999999974752427e-07 101
1753401718927 9.999999974752427e-07 102
1753401754586 9.999999974752427e-07 103
1753401791087 9.999999974752427e-07 104
1753401827788 9.999999974752427e-07 105
1753401864413 9.999999974752427e-07 106
1753401901016 9.999999974752427e-07 107
1753401938379 9.999999974752427e-07 108
1753401974969 9.999999974752427e-07 109
1753402011086 9.999999974752427e-07 110
1753402047530 9.999999974752427e-07 111
1753402084006 9.999999974752427e-07 112
1753402120582 9.999999974752427e-07 113
1753402157348 9.999999974752427e-07 114
1753402194114 9.999999974752427e-07 115
1753402230941 9.999999974752427e-07 116
1753402267686 9.999999974752427e-07 117
1753402304277 9.999999974752427e-07 118
1753402341058 9.999999974752427e-07 119
1753402377639 9.999999974752427e-07 120
1753402414544 9.999999974752427e-07 121
1753402451333 9.999999974752427e-07 122
1753402487831 9.999999974752427e-07 123
1753402524645 9.999999974752427e-07 124
1753402561242 9.999999974752427e-07 125
1753402597266 9.999999974752427e-07 126
1753402633888 9.999999974752427e-07 127
1753402670565 9.999999974752427e-07 128
1753402706529 9.999999974752427e-07 129
1753402743438 9.999999974752427e-07 130
1753402779934 9.999999974752427e-07 131
1753402816309 9.999999974752427e-07 132
1753402852701 9.999999974752427e-07 133
1753402888821 9.999999974752427e-07 134
1753402924721 9.999999974752427e-07 135
1753402960706 9.999999974752427e-07 136
1753402996641 9.999999974752427e-07 137
1753403033546 9.999999974752427e-07 138
1753403069766 9.999999974752427e-07 139
1753403106234 9.999999974752427e-07 140
1753403142618 9.999999974752427e-07 141
1753403178524 9.999999974752427e-07 142
1753403214370 9.999999974752427e-07 143
1753403250310 9.999999974752427e-07 144
1753403287047 9.999999974752427e-07 145
1753403323742 9.999999974752427e-07 146
1753403360458 9.999999974752427e-07 147
1753403397231 9.999999974752427e-07 148
1753403433773 9.999999974752427e-07 149
1753403470624 9.999999974752427e-07 150
1753403506436 9.999999974752427e-07 151
1753403543354 9.999999974752427e-07 152
1753403579908 9.999999974752427e-07 153
1753403616695 9.999999974752427e-07 154
1753403653179 9.999999974752427e-07 155
1753403689445 9.999999974752427e-07 156
1753403726067 9.999999974752427e-07 157
1753403762712 9.999999974752427e-07 158
1753403799417 9.999999974752427e-07 159
1753403835914 9.999999974752427e-07 160
1753403872758 9.999999974752427e-07 161
1753403909948 9.999999974752427e-07 162
1753403946657 9.999999974752427e-07 163
1753403983373 9.999999974752427e-07 164
1753404020432 9.999999974752427e-07 165
1753404057192 9.999999974752427e-07 166
1753404093803 9.999999974752427e-07 167
1753404129673 9.999999974752427e-07 168
1753404166341 9.999999974752427e-07 169
1753404202850 9.999999974752427e-07 170
1753404239552 9.999999974752427e-07 171
1753404276261 9.999999974752427e-07 172
1753404312963 9.999999974752427e-07 173
1753404349453 9.999999974752427e-07 174
1753404386093 9.999999974752427e-07 175
1753404422968 9.999999974752427e-07 176
1753404459463 9.999999974752427e-07 177
1753404496016 9.999999974752427e-07 178
1753404532662 9.999999974752427e-07 179
1753404569109 9.999999974752427e-07 180
1753404605638 9.999999974752427e-07 181
1753404641841 9.999999974752427e-07 182
1753404678298 9.999999974752427e-07 183
1753404714308 9.999999974752427e-07 184
1753404750453 9.999999974752427e-07 185
1753404787225 9.999999974752427e-07 186
1753404823333 9.999999974752427e-07 187
1753404860731 9.999999974752427e-07 188
1753404897610 9.999999974752427e-07 189
1753404934150 9.999999974752427e-07 190
1753404970805 9.999999974752427e-07 191
1753405007584 9.999999974752427e-07 192
1753405044469 9.999999974752427e-07 193
1753405081233 9.999999974752427e-07 194
1753405118108 9.999999974752427e-07 195
1753405154627 9.999999974752427e-07 196
1753405191344 9.999999974752427e-07 197
1753405228119 9.999999974752427e-07 198
1753405264871 9.999999974752427e-07 199
1753405301929 9.999999974752427e-07 200
1753405338441 9.999999974752427e-07 201
1753405375036 9.999999974752427e-07 202
1753405411945 9.999999974752427e-07 203
1753405448587 9.999999974752427e-07 204
1753405484379 9.999999974752427e-07 205
1753405521286 9.999999974752427e-07 206
1753405557934 9.999999974752427e-07 207
1753405594761 9.999999974752427e-07 208
1753405631840 9.999999974752427e-07 209
1753405668435 9.999999974752427e-07 210
1753405704187 9.999999974752427e-07 211
1753405740181 9.999999974752427e-07 212
1753405776363 9.999999974752427e-07 213
1753405812640 9.999999974752427e-07 214
1753405848682 9.999999974752427e-07 215
1753405885285 9.999999974752427e-07 216
1753405922216 9.999999974752427e-07 217
1753405959011 9.999999974752427e-07 218
1753405995927 9.999999974752427e-07 219
1753406031909 9.999999974752427e-07 220
1753406068215 9.999999974752427e-07 221
1753406105871 9.999999974752427e-07 222
1753406142483 9.999999974752427e-07 223
1753406179075 9.999999974752427e-07 224
1753406215793 9.999999974752427e-07 225
1753406252976 9.999999974752427e-07 226
1753406289420 9.999999974752427e-07 227
1753406326174 9.999999974752427e-07 228
1753406362762 9.999999974752427e-07 229
1753406399663 9.999999974752427e-07 230
1753406436441 9.999999974752427e-07 231
1753406473009 9.999999974752427e-07 232
1753406509627 9.999999974752427e-07 233
1753406546472 9.999999974752427e-07 234
1753406583096 9.999999974752427e-07 235
1753406619304 9.999999974752427e-07 236
1753406655864 9.999999974752427e-07 237
1753406692576 9.999999974752427e-07 238
1753406729482 9.999999974752427e-07 239
1753406765916 9.999999974752427e-07 240
1753406802565 9.999999974752427e-07 241
1753406839279 9.999999974752427e-07 242
1753406875573 9.999999974752427e-07 243
1753406912319 9.999999974752427e-07 244
1753406948354 9.999999974752427e-07 245
1753406984579 9.999999974752427e-07 246
1753407021353 9.999999974752427e-07 247
1753407058243 9.999999974752427e-07 248
1753407095047 9.999999974752427e-07 249
1753407130923 9.999999974752427e-07 250
1753407167600 9.999999974752427e-07 251
1753407204309 9.999999974752427e-07 252
1753407241334 9.999999974752427e-07 253
1753407278202 9.999999974752427e-07 254
1753407315431 9.999999974752427e-07 255
1753407352269 9.999999974752427e-07 256
1753407388303 9.999999974752427e-07 257
1753407425628 9.999999974752427e-07 258
1753407462180 9.999999974752427e-07 259
1753407498977 9.999999974752427e-07 260
1753407535748 9.999999974752427e-07 261
1753407572316 9.999999974752427e-07 262
1753407609158 9.999999974752427e-07 263
1753407645894 9.999999974752427e-07 264
1753407682693 9.999999974752427e-07 265
1753407718988 9.999999974752427e-07 266
1753407755907 9.999999974752427e-07 267
1753407792521 9.999999974752427e-07 268
1753407829887 9.999999974752427e-07 269
1753407867169 9.999999974752427e-07 270
1753407903564 9.999999974752427e-07 271
1753407939656 9.999999974752427e-07 272
1753407976732 9.999999974752427e-07 273
1753408013494 9.999999974752427e-07 274
1753408050200 9.999999974752427e-07 275
1753408086908 9.999999974752427e-07 276
1753408123523 9.999999974752427e-07 277
1753408160099 9.999999974752427e-07 278
1753408196577 9.999999974752427e-07 279
1753408233370 9.999999974752427e-07 280
1753408269563 9.999999974752427e-07 281
1753408306195 9.999999974752427e-07 282
1753408342536 9.999999974752427e-07 283
1753408378875 9.999999974752427e-07 284
1753408415560 9.999999974752427e-07 285
1753408452368 9.999999974752427e-07 286
1753408489173 9.999999974752427e-07 287
1753408525831 9.999999974752427e-07 288
1753408562314 9.999999974752427e-07 289
1753408599106 9.999999974752427e-07 290
1753408635498 9.999999974752427e-07 291
1753408672111 9.999999974752427e-07 292
