1753366136813 0.38233 1
1753366174813 0.24342 2
1753366211224 0.16428 3
1753366248147 0.11445 4
1753366283597 0.0839 5
1753366320016 0.06488 6
1753366356991 0.05274 7
1753366393946 0.04458 8
1753366430251 0.039 9
1753366465741 0.03486 10
1753366502692 0.03194 11
1753366539606 0.02972 12
1753366576686 0.02793 13
1753366613322 0.02658 14
1753366649817 0.02542 15
1753366686852 0.02445 16
1753366723469 0.02374 17
1753366760125 0.02314 18
1753366796305 0.02256 19
1753366833101 0.02211 20
1753366869419 0.02172 21
1753366906007 0.02138 22
1753366943206 0.02105 23
1753366980040 0.02082 24
1753367016752 0.02055 25
1753367053943 0.02036 26
1753367091141 0.02017 27
1753367127060 0.02002 28
1753367163988 0.01985 29
1753367199877 0.01972 30
1753367236354 0.0196 31
1753367272809 0.01946 32
1753367309881 0.01935 33
1753367346418 0.01927 34
1753367383069 0.01921 35
1753367420214 0.01895 36
1753367457154 0.01889 37
1753367493735 0.01886 38
1753367530762 0.01884 39
1753367566816 0.01882 40
1753367602637 0.01879 41
1753367639401 0.01875 42
1753367675696 0.01874 43
1753367712812 0.01872 44
1753367749895 0.01864 45
1753367786555 0.01865 46
1753367823071 0.01864 47
1753367859585 0.01863 48
1753367896082 0.0186 49
1753367932606 0.01862 50
1753367969201 0.01858 51
1753368006757 0.0186 52
1753368043502 0.01857 53
1753368080202 0.01856 54
1753368116487 0.01856 55
1753368153457 0.01856 56
1753368189970 0.01856 57
1753368227116 0.01857 58
1753368263660 0.01855 59
1753368300076 0.01856 60
1753368337610 0.01858 61
1753368374193 0.01856 62
1753368410593 0.01857 63
1753368447405 0.01854 64
1753368484073 0.01855 65
1753368520642 0.01856 66
1753368557212 0.01854 67
1753368594271 0.01855 68
1753368631317 0.01855 69
1753368667963 0.01857 70
1753368704779 0.01855 71
1753368741310 0.01856 72
1753368777730 0.01854 73
1753368814771 0.01856 74
1753368851910 0.01856 75
1753368888732 0.01856 76
1753368925093 0.01855 77
1753368961548 0.01853 78
1753368998083 0.01852 79
1753369035184 0.01855 80
1753369072169 0.01855 81
1753369108141 0.01855 82
1753369143981 0.01856 83
1753369180417 0.01856 84
1753369217061 0.01855 85
1753369254187 0.01855 86
1753369290729 0.01853 87
1753369326689 0.01856 88
1753369363196 0.01855 89
1753369399612 0.01852 90
1753369436033 0.01854 91
1753369472771 0.01853 92
1753369508766 0.01853 93
1753369545405 0.01854 94
1753369582143 0.01853 95
1753369619018 0.01855 96
1753369655424 0.01856 97
1753369692484 0.01854 98
1753369729024 0.01855 99
1753369765050 0.01857 100
1753369802329 0.01855 101
1753369839578 0.01852 102
1753369876665 0.01854 103
1753369913161 0.01855 104
1753369950227 0.01856 105
1753369987437 0.01853 106
1753370024240 0.01853 107
1753370060308 0.01853 108
1753370097245 0.01853 109
1753370133767 0.01854 110
1753370170819 0.01854 111
1753370207297 0.01854 112
1753370243920 0.01852 113
1753370280332 0.01855 114
1753370316820 0.01854 115
1753370353649 0.01851 116
1753370390078 0.01855 117
1753370426498 0.01855 118
1753370462934 0.01855 119
1753370499417 0.01853 120
1753370536502 0.01854 121
1753370573284 0.01852 122
1753370609618 0.01852 123
1753370646737 0.01852 124
1753370682854 0.01852 125
1753370719958 0.01854 126
1753370756482 0.01853 127
1753370792975 0.01853 128
1753370829776 0.01852 129
1753370866185 0.01851 130
1753370902210 0.01853 131
1753370938504 0.01854 132
1753370975275 0.01853 133
1753371011537 0.01851 134
1753371048762 0.01852 135
1753371085411 0.01853 136
1753371120961 0.01853 137
1753371156523 0.01851 138
1753371192268 0.01851 139
1753371229048 0.01852 140
1753371266462 0.0185 141
1753371302811 0.0185 142
1753371339939 0.01852 143
1753371376607 0.0185 144
1753371413089 0.01853 145
1753371449510 0.01851 146
1753371485286 0.01852 147
1753371521888 0.0185 148
1753371558415 0.01852 149
1753371595157 0.01851 150
1753371631872 0.01852 151
1753371669170 0.0185 152
1753371705299 0.0185 153
1753371742022 0.01853 154
1753371779788 0.01849 155
1753371816499 0.0185 156
1753371853803 0.01848 157
1753371890837 0.01851 158
1753371927486 0.01851 159
1753371964827 0.01849 160
1753372001859 0.01852 161
1753372038480 0.01849 162
1753372074690 0.01851 163
1753372112109 0.0185 164
1753372149978 0.01851 165
1753372186933 0.0185 166
1753372224133 0.01848 167
1753372261475 0.01849 168
1753372298312 0.01847 169
1753372335032 0.01846 170
1753372371262 0.01848 171
1753372407485 0.01849 172
1753372445291 0.01847 173
1753372482180 0.0185 174
1753372518970 0.01848 175
1753372555807 0.01849 176
1753372592817 0.01848 177
1753372630225 0.01846 178
1753372667099 0.01849 179
1753372703793 0.01848 180
1753372740374 0.01848 181
1753372776830 0.0185 182
1753372813845 0.01849 183
1753372849613 0.01849 184
1753372886124 0.01847 185
1753372922475 0.01848 186
1753372959194 0.01848 187
1753372996181 0.01849 188
1753373033403 0.01845 189
1753373070002 0.01847 190
1753373106485 0.01847 191
1753373142687 0.01846 192
1753373179086 0.01847 193
1753373215244 0.01845 194
1753373252074 0.01847 195
1753373288087 0.01846 196
1753373324605 0.01848 197
1753373361301 0.01848 198
1753373398325 0.01846 199
1753373434864 0.01849 200
1753373471403 0.01848 201
1753373508259 0.01847 202
1753373544243 0.01849 203
1753373580852 0.01846 204
1753373617461 0.01847 205
1753373654591 0.01845 206
1753373691283 0.01846 207
1753373728314 0.01848 208
1753373764151 0.01847 209
1753373800729 0.01846 210
1753373838042 0.01848 211
1753373874656 0.01845 212
1753373911803 0.01845 213
1753373948871 0.01848 214
1753373986057 0.01844 215
1753374022684 0.01846 216
1753374059741 0.01847 217
1753374096818 0.01847 218
1753374134048 0.01844 219
1753374170420 0.01844 220
1753374207172 0.01844 221
1753374243447 0.01842 222
1753374280614 0.01845 223
1753374317783 0.01846 224
1753374354384 0.01845 225
1753374391192 0.01847 226
1753374427560 0.01843 227
1753374463339 0.01844 228
1753374500043 0.01843 229
1753374536544 0.01846 230
1753374572552 0.01843 231
1753374609695 0.01846 232
1753374646189 0.01846 233
1753374682072 0.01842 234
1753374718786 0.01843 235
1753374755222 0.01844 236
1753374792379 0.01843 237
1753374828717 0.01846 238
1753374865312 0.01843 239
1753374901182 0.01843 240
1753374938224 0.01842 241
1753374974759 0.01843 242
1753375011260 0.01842 243
1753375047138 0.01846 244
1753375084171 0.01842 245
1753375120913 0.01843 246
1753375157575 0.01842 247
1753375194257 0.01842 248
1753375231035 0.0184 249
1753375267925 0.01842 250
1753375304386 0.01842 251
1753375340772 0.01843 252
1753375377438 0.01841 253
1753375413972 0.01843 254
1753375450336 0.01843 255
1753375486951 0.01843 256
1753375523574 0.01841 257
1753375559981 0.01843 258
1753375597467 0.01842 259
1753375634332 0.01842 260
1753375670690 0.01841 261
1753375706392 0.01842 262
1753375743168 0.01842 263
1753375779629 0.0184 264
1753375816768 0.01839 265
1753375852724 0.01839 266
1753375888785 0.01843 267
1753375924662 0.0184 268
1753375961023 0.01842 269
1753375997133 0.01841 270
1753376033403 0.0184 271
1753376070392 0.0184 272
1753376107033 0.01838 273
1753376143487 0.0184 274
1753376180339 0.01844 275
1753376217025 0.01843 276
1753376253986 0.01842 277
1753376290674 0.01839 278
1753376327175 0.01841 279
1753376363260 0.0184 280
1753376400447 0.0184 281
1753376437088 0.01841 282
1753376473564 0.0184 283
1753376510996 0.01842 284
1753376548089 0.01839 285
1753376584482 0.01841 286
1753376621079 0.01843 287
1753376657632 0.01839 288
1753376693921 0.01843 289
1753376730233 0.0184 290
1753376767426 0.0184 291
1753376803966 0.0184 292
