1753366155855 0.0010000000474974513 1
1753366192382 0.0010000000474974513 2
1753366229376 0.0010000000474974513 3
1753366264809 0.0010000000474974513 4
1753366301081 0.0010000000474974513 5
1753366338138 0.0010000000474974513 6
1753366375117 0.0010000000474974513 7
1753366411433 0.0010000000474974513 8
1753366446907 0.0010000000474974513 9
1753366483911 0.0010000000474974513 10
1753366520368 0.0010000000474974513 11
1753366557829 0.0010000000474974513 12
1753366594398 0.0010000000474974513 13
1753366630899 0.0010000000474974513 14
1753366667961 0.0010000000474974513 15
1753366704556 0.0010000000474974513 16
1753366741088 0.0010000000474974513 17
1753366777325 0.0010000000474974513 18
1753366813991 0.0010000000474974513 19
1753366850508 0.0010000000474974513 20
1753366886906 0.0010000000474974513 21
1753366924169 0.0010000000474974513 22
1753366960919 0.0010000000474974513 23
1753366997561 0.0010000000474974513 24
1753367034900 0.0010000000474974513 25
1753367072133 0.0010000000474974513 26
1753367108178 0.0010000000474974513 27
1753367145079 0.0010000000474974513 28
1753367180956 0.0010000000474974513 29
1753367217440 0.0010000000474974513 30
1753367253698 0.0010000000474974513 31
1753367290976 0.0010000000474974513 32
1753367327444 0.0010000000474974513 33
1753367364025 0.0010000000474974513 34
1753367401235 0.00020000000949949026 35
1753367438364 0.00020000000949949026 36
1753367474874 0.00020000000949949026 37
1753367511901 0.00020000000949949026 38
1753367547731 0.00020000000949949026 39
1753367583720 0.00020000000949949026 40
1753367620555 0.00020000000949949026 41
1753367656724 0.00020000000949949026 42
1753367693864 0.00020000000949949026 43
1753367730958 4.0000002627493814e-05 44
1753367767475 4.0000002627493814e-05 45
1753367804211 4.0000002627493814e-05 46
1753367840663 4.0000002627493814e-05 47
1753367876953 4.0000002627493814e-05 48
1753367913560 4.0000002627493814e-05 49
1753367950309 4.0000002627493814e-05 50
1753367987918 4.0000002627493814e-05 51
1753368024528 4.0000002627493814e-05 52
1753368061156 8.000000889296643e-06 53
1753368097605 8.000000889296643e-06 54
1753368134611 8.000000889296643e-06 55
1753368171040 8.000000889296643e-06 56
1753368208113 8.000000889296643e-06 57
1753368244753 8.000000889296643e-06 58
1753368281249 8.000000889296643e-06 59
1753368318818 8.000000889296643e-06 60
1753368355227 8.000000889296643e-06 61
1753368391768 1.6000001323845936e-06 62
1753368428271 1.6000001323845936e-06 63
1753368465074 1.6000001323845936e-06 64
1753368501709 1.6000001323845936e-06 65
1753368538327 1.6000001323845936e-06 66
1753368575353 1.6000001323845936e-06 67
1753368612448 1.6000001323845936e-06 68
1753368648886 1.6000001323845936e-06 69
1753368685950 1.6000001323845936e-06 70
1753368722332 9.999999974752427e-07 71
1753368758911 9.999999974752427e-07 72
1753368795869 9.999999974752427e-07 73
1753368832967 9.999999974752427e-07 74
1753368869830 9.999999974752427e-07 75
1753368906324 9.999999974752427e-07 76
1753368942570 9.999999974752427e-07 77
1753368979226 9.999999974752427e-07 78
1753369016203 9.999999974752427e-07 79
1753369053328 9.999999974752427e-07 80
1753369089183 9.999999974752427e-07 81
1753369125105 9.999999974752427e-07 82
1753369161456 9.999999974752427e-07 83
1753369198003 9.999999974752427e-07 84
1753369235224 9.999999974752427e-07 85
1753369271695 9.999999974752427e-07 86
1753369307744 9.999999974752427e-07 87
1753369344198 9.999999974752427e-07 88
1753369380718 9.999999974752427e-07 89
1753369417101 9.999999974752427e-07 90
1753369453618 9.999999974752427e-07 91
1753369489694 9.999999974752427e-07 92
1753369526265 9.999999974752427e-07 93
1753369562988 9.999999974752427e-07 94
1753369600039 9.999999974752427e-07 95
1753369636537 9.999999974752427e-07 96
1753369673618 9.999999974752427e-07 97
1753369710059 9.999999974752427e-07 98
1753369746061 9.999999974752427e-07 99
1753369783286 9.999999974752427e-07 100
1753369820495 9.999999974752427e-07 101
1753369857769 9.999999974752427e-07 102
1753369894202 9.999999974752427e-07 103
1753369931366 9.999999974752427e-07 104
1753369968381 9.999999974752427e-07 105
1753370005103 9.999999974752427e-07 106
1753370041238 9.999999974752427e-07 107
1753370078437 9.999999974752427e-07 108
1753370114807 9.999999974752427e-07 109
1753370151972 9.999999974752427e-07 110
1753370188315 9.999999974752427e-07 111
1753370224829 9.999999974752427e-07 112
1753370261360 9.999999974752427e-07 113
1753370297827 9.999999974752427e-07 114
1753370334742 9.999999974752427e-07 115
1753370371239 9.999999974752427e-07 116
1753370407626 9.999999974752427e-07 117
1753370444055 9.999999974752427e-07 118
1753370480441 9.999999974752427e-07 119
1753370517572 9.999999974752427e-07 120
1753370554366 9.999999974752427e-07 121
1753370590791 9.999999974752427e-07 122
1753370627791 9.999999974752427e-07 123
1753370663854 9.999999974752427e-07 124
1753370700908 9.999999974752427e-07 125
1753370737477 9.999999974752427e-07 126
1753370774011 9.999999974752427e-07 127
1753370810712 9.999999974752427e-07 128
1753370847386 9.999999974752427e-07 129
1753370883128 9.999999974752427e-07 130
1753370919357 9.999999974752427e-07 131
1753370956378 9.999999974752427e-07 132
1753370992580 9.999999974752427e-07 133
1753371029719 9.999999974752427e-07 134
1753371066477 9.999999974752427e-07 135
1753371101990 9.999999974752427e-07 136
1753371137515 9.999999974752427e-07 137
1753371173417 9.999999974752427e-07 138
1753371209931 9.999999974752427e-07 139
1753371247662 9.999999974752427e-07 140
1753371283976 9.999999974752427e-07 141
1753371321013 9.999999974752427e-07 142
1753371357687 9.999999974752427e-07 143
1753371394078 9.999999974752427e-07 144
1753371430610 9.999999974752427e-07 145
1753371466368 9.999999974752427e-07 146
1753371502842 9.999999974752427e-07 147
1753371539403 9.999999974752427e-07 148
1753371576082 9.999999974752427e-07 149
1753371612674 9.999999974752427e-07 150
1753371650047 9.999999974752427e-07 151
1753371685917 9.999999974752427e-07 152
1753371722811 9.999999974752427e-07 153
1753371760248 9.999999974752427e-07 154
1753371797289 9.999999974752427e-07 155
1753371834426 9.999999974752427e-07 156
1753371871444 9.999999974752427e-07 157
1753371907973 9.999999974752427e-07 158
1753371945369 9.999999974752427e-07 159
1753371982597 9.999999974752427e-07 160
1753372019240 9.999999974752427e-07 161
1753372055322 9.999999974752427e-07 162
1753372092853 9.999999974752427e-07 163
1753372130739 9.999999974752427e-07 164
1753372167527 9.999999974752427e-07 165
1753372204433 9.999999974752427e-07 166
1753372242221 9.999999974752427e-07 167
1753372279017 9.999999974752427e-07 168
1753372315757 9.999999974752427e-07 169
1753372351779 9.999999974752427e-07 170
1753372388146 9.999999974752427e-07 171
1753372425733 9.999999974752427e-07 172
1753372462896 9.999999974752427e-07 173
1753372499703 9.999999974752427e-07 174
1753372536468 9.999999974752427e-07 175
1753372573602 9.999999974752427e-07 176
1753372610958 9.999999974752427e-07 177
1753372647933 9.999999974752427e-07 178
1753372684842 9.999999974752427e-07 179
1753372721277 9.999999974752427e-07 180
1753372757839 9.999999974752427e-07 181
1753372794777 9.999999974752427e-07 182
1753372830759 9.999999974752427e-07 183
1753372867131 9.999999974752427e-07 184
1753372903535 9.999999974752427e-07 185
1753372940143 9.999999974752427e-07 186
1753372977102 9.999999974752427e-07 187
1753373014215 9.999999974752427e-07 188
1753373051017 9.999999974752427e-07 189
1753373087387 9.999999974752427e-07 190
1753373123777 9.999999974752427e-07 191
1753373159982 9.999999974752427e-07 192
1753373196417 9.999999974752427e-07 193
1753373232888 9.999999974752427e-07 194
1753373269024 9.999999974752427e-07 195
1753373305698 9.999999974752427e-07 196
1753373342230 9.999999974752427e-07 197
1753373379357 9.999999974752427e-07 198
1753373415801 9.999999974752427e-07 199
1753373452460 9.999999974752427e-07 200
1753373489355 9.999999974752427e-07 201
1753373525229 9.999999974752427e-07 202
1753373561799 9.999999974752427e-07 203
1753373598484 9.999999974752427e-07 204
1753373635633 9.999999974752427e-07 205
1753373672288 9.999999974752427e-07 206
1753373709450 9.999999974752427e-07 207
1753373745336 9.999999974752427e-07 208
1753373781798 9.999999974752427e-07 209
1753373818917 9.999999974752427e-07 210
1753373855676 9.999999974752427e-07 211
1753373892802 9.999999974752427e-07 212
1753373929902 9.999999974752427e-07 213
1753373967094 9.999999974752427e-07 214
1753374003765 9.999999974752427e-07 215
1753374040864 9.999999974752427e-07 216
1753374077916 9.999999974752427e-07 217
1753374114996 9.999999974752427e-07 218
1753374151584 9.999999974752427e-07 219
1753374188143 9.999999974752427e-07 220
1753374224652 9.999999974752427e-07 221
1753374261613 9.999999974752427e-07 222
1753374298846 9.999999974752427e-07 223
1753374335300 9.999999974752427e-07 224
1753374371919 9.999999974752427e-07 225
1753374408692 9.999999974752427e-07 226
1753374444345 9.999999974752427e-07 227
1753374480992 9.999999974752427e-07 228
1753374517511 9.999999974752427e-07 229
1753374553597 9.999999974752427e-07 230
1753374590713 9.999999974752427e-07 231
1753374627385 9.999999974752427e-07 232
1753374662951 9.999999974752427e-07 233
1753374699622 9.999999974752427e-07 234
1753374736238 9.999999974752427e-07 235
1753374773380 9.999999974752427e-07 236
1753374809894 9.999999974752427e-07 237
1753374846317 9.999999974752427e-07 238
1753374882147 9.999999974752427e-07 239
1753374919217 9.999999974752427e-07 240
1753374955869 9.999999974752427e-07 241
1753374992273 9.999999974752427e-07 242
1753375028073 9.999999974752427e-07 243
1753375065195 9.999999974752427e-07 244
1753375101795 9.999999974752427e-07 245
1753375138619 9.999999974752427e-07 246
1753375175154 9.999999974752427e-07 247
1753375211928 9.999999974752427e-07 248
1753375248931 9.999999974752427e-07 249
1753375285459 9.999999974752427e-07 250
1753375321875 9.999999974752427e-07 251
1753375358285 9.999999974752427e-07 252
1753375394932 9.999999974752427e-07 253
1753375431476 9.999999974752427e-07 254
1753375467852 9.999999974752427e-07 255
1753375504464 9.999999974752427e-07 256
1753375541077 9.999999974752427e-07 257
1753375578452 9.999999974752427e-07 258
1753375615154 9.999999974752427e-07 259
1753375651679 9.999999974752427e-07 260
1753375687285 9.999999974752427e-07 261
1753375724206 9.999999974752427e-07 262
1753375760717 9.999999974752427e-07 263
1753375797810 9.999999974752427e-07 264
1753375833790 9.999999974752427e-07 265
1753375869811 9.999999974752427e-07 266
1753375905814 9.999999974752427e-07 267
1753375942002 9.999999974752427e-07 268
1753375978244 9.999999974752427e-07 269
1753376014417 9.999999974752427e-07 270
1753376051441 9.999999974752427e-07 271
1753376087970 9.999999974752427e-07 272
1753376124682 9.999999974752427e-07 273
1753376161545 9.999999974752427e-07 274
1753376197938 9.999999974752427e-07 275
1753376235159 9.999999974752427e-07 276
1753376271563 9.999999974752427e-07 277
1753376308260 9.999999974752427e-07 278
1753376344266 9.999999974752427e-07 279
1753376381534 9.999999974752427e-07 280
1753376418024 9.999999974752427e-07 281
1753376454644 9.999999974752427e-07 282
1753376492037 9.999999974752427e-07 283
1753376529162 9.999999974752427e-07 284
1753376565654 9.999999974752427e-07 285
1753376602056 9.999999974752427e-07 286
1753376638576 9.999999974752427e-07 287
1753376675107 9.999999974752427e-07 288
1753376711383 9.999999974752427e-07 289
1753376748426 9.999999974752427e-07 290
1753376785056 9.999999974752427e-07 291
