1753333668662 1.0 0
1753333685974 2.0 0
1753333703350 3.0 0
1753333720344 4.0 0
1753333737516 5.0 0
1753333755315 6.0 0
1753333772619 7.0 0
1753333790157 8.0 0
1753333807136 9.0 0
1753333825005 10.0 0
1753333842154 11.0 0
1753333859619 12.0 0
1753333877055 13.0 0
1753333894364 14.0 0
1753333911442 15.0 0
1753333928566 16.0 0
1753333945728 17.0 0
1753333962796 18.0 0
1753333980081 19.0 0
1753333997174 20.0 0
1753334014639 21.0 0
1753334032148 22.0 0
1753334066043 24.0 0
1753334083718 25.0 0
1753334101190 26.0 0
1753334118438 27.0 0
1753334153419 29.0 0
1753334170718 30.0 0
1753334223310 33.0 0
1753334240748 34.0 0
1753334275144 36.0 0
1753334361140 41.0 0
1753334378392 42.0 0
1753334412855 44.0 0
