1753333653769 0.7643 1
1753333671896 0.61173 2
1753333689158 0.5077 3
1753333706518 0.40302 4
1753333723551 0.31087 5
1753333740709 0.24003 6
1753333758428 0.18738 7
1753333775803 0.14887 8
1753333793316 0.12065 9
1753333810301 0.09991 10
1753333828191 0.08449 11
1753333845293 0.07075 12
1753333862810 0.06093 13
1753333880243 0.05398 14
1753333897559 0.04854 15
1753333914631 0.04434 16
1753333931726 0.0408 17
1753333948880 0.03797 18
1753333965960 0.03565 19
1753333983292 0.03363 20
1753334000326 0.032 21
1753334017786 0.03059 22
1753334035313 0.02941 23
1753334052252 0.02834 24
1753334069216 0.02738 25
1753334086879 0.02667 26
1753334104364 0.02592 27
1753334121631 0.0253 28
1753334139307 0.02473 29
1753334156586 0.02425 30
1753334173901 0.02378 31
1753334191295 0.02343 32
1753334208415 0.023 33
1753334226475 0.02266 34
1753334243906 0.02238 35
1753334261192 0.02209 36
1753334278306 0.02185 37
1753334295244 0.02165 38
1753334312696 0.02144 39
1753334329604 0.02121 40
1753334346984 0.02101 41
1753334364296 0.02083 42
1753334381552 0.02071 43
1753334398793 0.02058 44
1753334416007 0.02047 45
1753334433167 0.02032 46
1753334450428 0.02014 47
1753334467588 0.02009 48
1753334484830 0.01995 49
1753334501926 0.01994 50
1753334519104 0.01973 51
1753334536342 0.01969 52
1753334553395 0.0196 53
1753334570774 0.01937 54
1753334588011 0.0193 55
1753334605215 0.01925 56
1753334622340 0.0192 57
1753334639386 0.01919 58
1753334656682 0.01915 59
1753334673695 0.01914 60
1753334690824 0.01909 61
1753334707944 0.01908 62
1753334724949 0.01903 63
1753334742350 0.01901 64
1753334759585 0.01903 65
1753334777090 0.01901 66
1753334794441 0.01903 67
1753334811584 0.019 68
1753334828887 0.01899 69
1753334846045 0.019 70
1753334863526 0.019 71
1753334880476 0.01899 72
1753334897482 0.01897 73
1753334914571 0.01896 74
1753334931676 0.01897 75
1753334948633 0.01893 76
1753334965803 0.01896 77
1753334983223 0.01892 78
1753335000364 0.01898 79
1753335017528 0.01892 80
1753335034836 0.01894 81
1753335052073 0.01895 82
1753335069287 0.01895 83
1753335086520 0.01898 84
1753335103781 0.01896 85
1753335120901 0.01895 86
1753335138082 0.01897 87
1753335155297 0.01894 88
1753335172307 0.01896 89
1753335189536 0.01894 90
1753335206645 0.01893 91
1753335223655 0.01892 92
1753335240838 0.01892 93
1753335257792 0.01891 94
1753335275044 0.01898 95
1753335292399 0.01899 96
1753335309741 0.01893 97
1753335326973 0.01896 98
1753335343946 0.01895 99
1753335360846 0.01898 100
1753335378023 0.01896 101
1753335395454 0.01894 102
1753335412802 0.01896 103
1753335429628 0.01898 104
1753335446718 0.01896 105
1753335463957 0.01895 106
1753335481214 0.01893 107
1753335498326 0.01894 108
1753335515166 0.01894 109
1753335531998 0.01897 110
1753335549614 0.01894 111
1753335567041 0.01894 112
1753335584352 0.01894 113
1753335601455 0.01896 114
1753335618645 0.01895 115
1753335635546 0.01895 116
1753335652370 0.01895 117
1753335669456 0.01897 118
1753335686363 0.01895 119
1753335703489 0.01893 120
1753335720502 0.01892 121
1753335737502 0.01893 122
1753335754497 0.01892 123
1753335771274 0.01892 124
1753335788198 0.01895 125
1753335805567 0.01895 126
1753335823044 0.01894 127
1753335840194 0.01895 128
1753335857555 0.01894 129
1753335874756 0.01897 130
1753335892082 0.01894 131
1753335909165 0.01896 132
1753335926136 0.01894 133
1753335943371 0.01895 134
1753335960274 0.01894 135
1753335977310 0.01897 136
1753335994206 0.01896 137
1753336011412 0.01894 138
1753336028619 0.01894 139
1753336045878 0.01894 140
1753336062936 0.01895 141
1753336080218 0.01894 142
1753336097413 0.01894 143
1753336114435 0.01895 144
1753336131414 0.01894 145
1753336148237 0.01894 146
1753336165101 0.01894 147
1753336182006 0.01891 148
1753336199206 0.01894 149
1753336216188 0.01888 150
1753336233145 0.01893 151
1753336250050 0.01896 152
1753336266786 0.01892 153
1753336283234 0.01893 154
1753336300012 0.01894 155
1753336316765 0.01891 156
1753336333939 0.01891 157
1753336351046 0.01891 158
1753336369411 0.01895 159
1753336386733 0.01892 160
1753336403735 0.01893 161
1753336420731 0.01896 162
1753336437628 0.01896 163
1753336454605 0.01894 164
1753336471380 0.01895 165
1753336488447 0.01895 166
1753336505699 0.01893 167
1753336522691 0.01895 168
1753336539985 0.01894 169
1753336557146 0.0189 170
1753336574231 0.01895 171
1753336591735 0.01893 172
1753336608910 0.01892 173
1753336626261 0.01887 174
1753336643301 0.01893 175
1753336660417 0.01891 176
1753336677708 0.01893 177
1753336694919 0.01896 178
1753336712053 0.01891 179
1753336729326 0.01891 180
1753336746809 0.01891 181
1753336763961 0.01893 182
1753336780963 0.01891 183
1753336798020 0.01891 184
1753336814955 0.01893 185
1753336832005 0.0189 186
1753336849106 0.01889 187
1753336866372 0.0189 188
1753336883642 0.0189 189
1753336901027 0.01892 190
1753336918211 0.01892 191
1753336935517 0.01893 192
1753336952171 0.0189 193
1753336969132 0.01893 194
1753336986361 0.01889 195
1753337003316 0.0189 196
1753337020444 0.01889 197
1753337037677 0.0189 198
1753337054933 0.01889 199
1753337071974 0.01897 200
1753337089165 0.01894 201
1753337106433 0.01891 202
1753337123851 0.01891 203
1753337141276 0.0189 204
1753337158409 0.01888 205
1753337175594 0.01889 206
1753337192681 0.01888 207
1753337209947 0.01889 208
1753337227142 0.01886 209
1753337244273 0.01889 210
1753337261344 0.01887 211
1753337278863 0.01888 212
1753337295906 0.0189 213
1753337313114 0.01887 214
1753337330249 0.01888 215
1753337347211 0.01886 216
1753337364320 0.01888 217
1753337381434 0.01891 218
1753337398902 0.01888 219
1753337416280 0.01886 220
1753337433555 0.01889 221
1753337450475 0.01889 222
1753337467586 0.01887 223
1753337484897 0.01885 224
1753337502134 0.01888 225
1753337519268 0.01887 226
1753337536458 0.01889 227
1753337553659 0.01888 228
1753337570567 0.01891 229
1753337587599 0.01888 230
1753337604617 0.01886 231
1753337621631 0.01887 232
1753337638647 0.01888 233
1753337655710 0.01885 234
1753337672900 0.01887 235
1753337689536 0.01885 236
1753337706549 0.01885 237
1753337723439 0.01888 238
1753337740577 0.01883 239
1753337757733 0.01888 240
1753337774795 0.01886 241
1753337791803 0.01888 242
1753337809003 0.01887 243
1753337826024 0.01885 244
1753337843376 0.01887 245
1753337860432 0.01888 246
1753337877605 0.01889 247
1753337894472 0.01884 248
1753337911799 0.01889 249
1753337929083 0.01887 250
1753337946355 0.01885 251
1753337963471 0.01885 252
1753337980600 0.01883 253
1753337997717 0.01885 254
1753338014817 0.01886 255
1753338032041 0.01886 256
1753338049204 0.01883 257
1753338066387 0.01883 258
1753338083550 0.01889 259
1753338101103 0.01884 260
1753338118151 0.01886 261
1753338135234 0.01884 262
1753338152670 0.01884 263
1753338169846 0.01885 264
1753338186964 0.01886 265
1753338204071 0.01887 266
1753338221268 0.01886 267
1753338238474 0.01884 268
1753338255706 0.01884 269
1753338273026 0.01888 270
1753338290300 0.01884 271
1753338307466 0.01888 272
1753338324489 0.01883 273
1753338341834 0.01883 274
1753338358949 0.01883 275
1753338376062 0.01885 276
1753338393442 0.01884 277
1753338410873 0.01882 278
1753338427899 0.01883 279
1753338445100 0.01885 280
1753338462349 0.01888 281
1753338479540 0.01886 282
1753338496804 0.01882 283
1753338513965 0.01882 284
1753338531041 0.01885 285
1753338548387 0.0188 286
1753338565946 0.01881 287
1753338582936 0.01882 288
1753338599936 0.01882 289
1753338617070 0.01881 290
1753338634318 0.0188 291
1753338651289 0.01882 292
1753338668463 0.01881 293
1753338685606 0.01882 294
1753338702541 0.01879 295
1753338720057 0.01882 296
1753338737837 0.01881 297
1753338755007 0.01883 298
1753338772079 0.01884 299
1753338788733 0.01883 300
