1753333668668 0.0010000000474974513 1
1753333685978 0.0010000000474974513 2
1753333703356 0.0010000000474974513 3
1753333720348 0.0010000000474974513 4
1753333737521 0.0010000000474974513 5
1753333755319 0.0010000000474974513 6
1753333772624 0.0010000000474974513 7
1753333790172 0.0010000000474974513 8
1753333807140 0.0010000000474974513 9
1753333825009 0.0010000000474974513 10
1753333842158 0.0010000000474974513 11
1753333859624 0.0010000000474974513 12
1753333877059 0.0010000000474974513 13
1753333894369 0.0010000000474974513 14
1753333911456 0.0010000000474974513 15
1753333928570 0.0010000000474974513 16
1753333945732 0.0010000000474974513 17
1753333962801 0.0010000000474974513 18
1753333980092 0.0010000000474974513 19
1753333997178 0.0010000000474974513 20
1753334014646 0.0010000000474974513 21
1753334032153 0.0010000000474974513 22
1753334049130 0.0010000000474974513 23
1753334066048 0.0010000000474974513 24
1753334083726 0.0010000000474974513 25
1753334101194 0.0010000000474974513 26
1753334118445 0.0010000000474974513 27
1753334136114 0.0010000000474974513 28
1753334153423 0.0010000000474974513 29
1753334170723 0.0010000000474974513 30
1753334188144 0.0010000000474974513 31
1753334205241 0.0010000000474974513 32
1753334223315 0.0010000000474974513 33
1753334240752 0.0010000000474974513 34
1753334258005 0.0010000000474974513 35
1753334275155 0.0010000000474974513 36
1753334292072 0.0010000000474974513 37
1753334309504 0.0010000000474974513 38
1753334326423 0.0010000000474974513 39
1753334343832 0.0010000000474974513 40
1753334361146 0.0010000000474974513 41
1753334378397 0.0010000000474974513 42
1753334395644 0.0010000000474974513 43
1753334412861 0.0010000000474974513 44
1753334430039 0.0010000000474974513 45
1753334447226 0.0010000000474974513 46
1753334464448 0.0010000000474974513 47
1753334481669 0.0010000000474974513 48
1753334498701 0.0010000000474974513 49
1753334515948 0.0010000000474974513 50
1753334533155 0.0010000000474974513 51
1753334550200 0.0010000000474974513 52
1753334567628 0.00020000000949949026 53
1753334584858 0.00020000000949949026 54
1753334602040 0.00020000000949949026 55
1753334619162 0.00020000000949949026 56
1753334636205 0.00020000000949949026 57
1753334653535 0.00020000000949949026 58
1753334670537 0.00020000000949949026 59
1753334687657 0.00020000000949949026 60
1753334704760 0.00020000000949949026 61
1753334721791 4.0000002627493814e-05 62
1753334739189 4.0000002627493814e-05 63
1753334756438 4.0000002627493814e-05 64
1753334773899 4.0000002627493814e-05 65
1753334791257 4.0000002627493814e-05 66
1753334808444 4.0000002627493814e-05 67
1753334825763 4.0000002627493814e-05 68
1753334842915 4.0000002627493814e-05 69
1753334860349 4.0000002627493814e-05 70
1753334877272 8.000000889296643e-06 71
1753334894322 8.000000889296643e-06 72
1753334911429 8.000000889296643e-06 73
1753334928547 8.000000889296643e-06 74
1753334945482 8.000000889296643e-06 75
1753334962624 8.000000889296643e-06 76
1753334980120 8.000000889296643e-06 77
1753334997233 8.000000889296643e-06 78
1753335014360 8.000000889296643e-06 79
1753335031706 1.6000001323845936e-06 80
1753335048945 1.6000001323845936e-06 81
1753335066154 1.6000001323845936e-06 82
1753335083391 1.6000001323845936e-06 83
1753335100658 1.6000001323845936e-06 84
1753335117725 1.6000001323845936e-06 85
1753335134926 1.6000001323845936e-06 86
1753335152136 1.6000001323845936e-06 87
1753335169152 1.6000001323845936e-06 88
1753335186350 9.999999974752427e-07 89
1753335203528 9.999999974752427e-07 90
1753335220522 9.999999974752427e-07 91
1753335237674 9.999999974752427e-07 92
1753335254660 9.999999974752427e-07 93
1753335271929 9.999999974752427e-07 94
1753335289228 9.999999974752427e-07 95
1753335306615 9.999999974752427e-07 96
1753335323783 9.999999974752427e-07 97
1753335340825 9.999999974752427e-07 98
1753335357709 9.999999974752427e-07 99
1753335374813 9.999999974752427e-07 100
1753335392316 9.999999974752427e-07 101
1753335409644 9.999999974752427e-07 102
1753335426494 9.999999974752427e-07 103
1753335443544 9.999999974752427e-07 104
1753335460791 9.999999974752427e-07 105
1753335478028 9.999999974752427e-07 106
1753335495181 9.999999974752427e-07 107
1753335512032 9.999999974752427e-07 108
1753335528864 9.999999974752427e-07 109
1753335546436 9.999999974752427e-07 110
1753335563906 9.999999974752427e-07 111
1753335581233 9.999999974752427e-07 112
1753335598269 9.999999974752427e-07 113
1753335615488 9.999999974752427e-07 114
1753335632411 9.999999974752427e-07 115
1753335649178 9.999999974752427e-07 116
1753335666328 9.999999974752427e-07 117
1753335683211 9.999999974752427e-07 118
1753335700339 9.999999974752427e-07 119
1753335717383 9.999999974752427e-07 120
1753335734385 9.999999974752427e-07 121
1753335751347 9.999999974752427e-07 122
1753335768132 9.999999974752427e-07 123
1753335785055 9.999999974752427e-07 124
1753335802412 9.999999974752427e-07 125
1753335819852 9.999999974752427e-07 126
1753335837005 9.999999974752427e-07 127
1753335854371 9.999999974752427e-07 128
1753335871615 9.999999974752427e-07 129
1753335888958 9.999999974752427e-07 130
1753335905971 9.999999974752427e-07 131
1753335922999 9.999999974752427e-07 132
1753335940231 9.999999974752427e-07 133
1753335957096 9.999999974752427e-07 134
1753335974158 9.999999974752427e-07 135
1753335991085 9.999999974752427e-07 136
1753336008211 9.999999974752427e-07 137
1753336025447 9.999999974752427e-07 138
1753336042745 9.999999974752427e-07 139
1753336059809 9.999999974752427e-07 140
1753336077038 9.999999974752427e-07 141
1753336094292 9.999999974752427e-07 142
1753336111246 9.999999974752427e-07 143
1753336128262 9.999999974752427e-07 144
1753336145099 9.999999974752427e-07 145
1753336161958 9.999999974752427e-07 146
1753336178860 9.999999974752427e-07 147
1753336196057 9.999999974752427e-07 148
1753336212993 9.999999974752427e-07 149
1753336230004 9.999999974752427e-07 150
1753336246910 9.999999974752427e-07 151
1753336263578 9.999999974752427e-07 152
1753336280094 9.999999974752427e-07 153
1753336296883 9.999999974752427e-07 154
1753336313583 9.999999974752427e-07 155
1753336330803 9.999999974752427e-07 156
1753336347890 9.999999974752427e-07 157
1753336365173 9.999999974752427e-07 158
1753336383367 9.999999974752427e-07 159
1753336400577 9.999999974752427e-07 160
1753336417601 9.999999974752427e-07 161
1753336434440 9.999999974752427e-07 162
1753336451438 9.999999974752427e-07 163
1753336468232 9.999999974752427e-07 164
1753336485315 9.999999974752427e-07 165
1753336502526 9.999999974752427e-07 166
1753336519507 9.999999974752427e-07 167
1753336536849 9.999999974752427e-07 168
1753336553995 9.999999974752427e-07 169
1753336571082 9.999999974752427e-07 170
1753336588603 9.999999974752427e-07 171
1753336605787 9.999999974752427e-07 172
1753336623086 9.999999974752427e-07 173
1753336640138 9.999999974752427e-07 174
1753336657285 9.999999974752427e-07 175
1753336674555 9.999999974752427e-07 176
1753336691799 9.999999974752427e-07 177
1753336708922 9.999999974752427e-07 178
1753336726199 9.999999974752427e-07 179
1753336743618 9.999999974752427e-07 180
1753336760811 9.999999974752427e-07 181
1753336777840 9.999999974752427e-07 182
1753336794877 9.999999974752427e-07 183
1753336811787 9.999999974752427e-07 184
1753336828838 9.999999974752427e-07 185
1753336845984 9.999999974752427e-07 186
1753336863184 9.999999974752427e-07 187
1753336880475 9.999999974752427e-07 188
1753336897892 9.999999974752427e-07 189
1753336915032 9.999999974752427e-07 190
1753336932331 9.999999974752427e-07 191
1753336949045 9.999999974752427e-07 192
1753336965969 9.999999974752427e-07 193
1753336983212 9.999999974752427e-07 194
1753337000197 9.999999974752427e-07 195
1753337017265 9.999999974752427e-07 196
1753337034535 9.999999974752427e-07 197
1753337051801 9.999999974752427e-07 198
1753337068842 9.999999974752427e-07 199
1753337086032 9.999999974752427e-07 200
1753337103325 9.999999974752427e-07 201
1753337120733 9.999999974752427e-07 202
1753337138151 9.999999974752427e-07 203
1753337155225 9.999999974752427e-07 204
1753337172462 9.999999974752427e-07 205
1753337189486 9.999999974752427e-07 206
1753337206806 9.999999974752427e-07 207
1753337224006 9.999999974752427e-07 208
1753337241118 9.999999974752427e-07 209
1753337258177 9.999999974752427e-07 210
1753337275739 9.999999974752427e-07 211
1753337292761 9.999999974752427e-07 212
1753337309958 9.999999974752427e-07 213
1753337327089 9.999999974752427e-07 214
1753337344078 9.999999974752427e-07 215
1753337361184 9.999999974752427e-07 216
1753337378301 9.999999974752427e-07 217
1753337395740 9.999999974752427e-07 218
1753337413112 9.999999974752427e-07 219
1753337430382 9.999999974752427e-07 220
1753337447345 9.999999974752427e-07 221
1753337464408 9.999999974752427e-07 222
1753337481730 9.999999974752427e-07 223
1753337498975 9.999999974752427e-07 224
1753337516142 9.999999974752427e-07 225
1753337533321 9.999999974752427e-07 226
1753337550526 9.999999974752427e-07 227
1753337567424 9.999999974752427e-07 228
1753337584451 9.999999974752427e-07 229
1753337601494 9.999999974752427e-07 230
1753337618495 9.999999974752427e-07 231
1753337635459 9.999999974752427e-07 232
1753337652578 9.999999974752427e-07 233
1753337669779 9.999999974752427e-07 234
1753337686411 9.999999974752427e-07 235
1753337703401 9.999999974752427e-07 236
1753337720340 9.999999974752427e-07 237
1753337737406 9.999999974752427e-07 238
1753337754621 9.999999974752427e-07 239
1753337771664 9.999999974752427e-07 240
1753337788671 9.999999974752427e-07 241
1753337805854 9.999999974752427e-07 242
1753337822863 9.999999974752427e-07 243
1753337840186 9.999999974752427e-07 244
1753337857291 9.999999974752427e-07 245
1753337874447 9.999999974752427e-07 246
1753337891328 9.999999974752427e-07 247
1753337908675 9.999999974752427e-07 248
1753337925941 9.999999974752427e-07 249
1753337943202 9.999999974752427e-07 250
1753337960307 9.999999974752427e-07 251
1753337977475 9.999999974752427e-07 252
1753337994553 9.999999974752427e-07 253
1753338011690 9.999999974752427e-07 254
1753338028877 9.999999974752427e-07 255
1753338046051 9.999999974752427e-07 256
1753338063264 9.999999974752427e-07 257
1753338080438 9.999999974752427e-07 258
1753338097960 9.999999974752427e-07 259
1753338115028 9.999999974752427e-07 260
1753338132055 9.999999974752427e-07 261
1753338149485 9.999999974752427e-07 262
1753338166681 9.999999974752427e-07 263
1753338183826 9.999999974752427e-07 264
1753338200934 9.999999974752427e-07 265
1753338218111 9.999999974752427e-07 266
1753338235346 9.999999974752427e-07 267
1753338252529 9.999999974752427e-07 268
1753338269847 9.999999974752427e-07 269
1753338287152 9.999999974752427e-07 270
1753338304333 9.999999974752427e-07 271
1753338321364 9.999999974752427e-07 272
1753338338699 9.999999974752427e-07 273
1753338355760 9.999999974752427e-07 274
1753338372920 9.999999974752427e-07 275
1753338390283 9.999999974752427e-07 276
1753338407714 9.999999974752427e-07 277
1753338424764 9.999999974752427e-07 278
1753338441923 9.999999974752427e-07 279
1753338459171 9.999999974752427e-07 280
1753338476158 9.999999974752427e-07 281
1753338493655 9.999999974752427e-07 282
1753338510800 9.999999974752427e-07 283
1753338527919 9.999999974752427e-07 284
1753338544997 9.999999974752427e-07 285
1753338562777 9.999999974752427e-07 286
1753338579767 9.999999974752427e-07 287
1753338596756 9.999999974752427e-07 288
1753338613924 9.999999974752427e-07 289
1753338631199 9.999999974752427e-07 290
1753338648100 9.999999974752427e-07 291
1753338665295 9.999999974752427e-07 292
1753338682471 9.999999974752427e-07 293
1753338699413 9.999999974752427e-07 294
1753338716887 9.999999974752427e-07 295
1753338734658 9.999999974752427e-07 296
1753338751879 9.999999974752427e-07 297
1753338768938 9.999999974752427e-07 298
1753338785602 9.999999974752427e-07 299
1753338802746 9.999999974752427e-07 300
