1753258674142 0.48583 1
1753258715543 0.3409 2
1753258757179 0.24612 3
1753258798038 0.17809 4
1753258838392 0.13106 5
1753258879577 0.09944 6
1753258920826 0.07819 7
1753258961721 0.06359 8
1753259002685 0.05344 9
1753259044133 0.04617 10
1753259085303 0.04082 11
1753259126399 0.03677 12
1753259167040 0.03371 13
1753259208565 0.03073 14
1753259250137 0.02824 15
1753259291878 0.02673 16
1753259333525 0.02563 17
1753259374283 0.02471 18
1753259415544 0.02393 19
1753259457354 0.02327 20
1753259498764 0.02272 21
1753259540386 0.02223 22
1753259581785 0.02185 23
1753259623118 0.02148 24
1753259665042 0.02122 25
1753259706612 0.02092 26
1753259748384 0.02064 27
1753259789663 0.02046 28
1753259831191 0.02027 29
1753259872878 0.02006 30
1753259913494 0.01994 31
1753259954819 0.0198 32
1753259996533 0.01969 33
1753260037833 0.01951 34
1753260078661 0.01946 35
1753260120072 0.01934 36
1753260161447 0.01926 37
1753260202929 0.01916 38
1753260244156 0.01907 39
1753260285489 0.01903 40
1753260326867 0.01895 41
1753260368681 0.01886 42
1753260409951 0.01882 43
1753260451248 0.01875 44
1753260492537 0.01871 45
1753260534019 0.01866 46
1753260575198 0.01865 47
1753260616507 0.01858 48
1753260657988 0.01852 49
1753260699277 0.0185 50
1753260740594 0.01849 51
1753260782455 0.01845 52
1753260823570 0.01838 53
1753260865529 0.01834 54
1753260906828 0.01831 55
1753260948807 0.01828 56
1753260990100 0.01828 57
1753261031041 0.01821 58
1753261072015 0.0182 59
1753261113575 0.01822 60
1753261155713 0.01817 61
1753261197746 0.01813 62
1753261239782 0.0181 63
1753261281010 0.01809 64
1753261322530 0.01807 65
1753261363761 0.01805 66
1753261405768 0.01801 67
1753261447143 0.01801 68
1753261489090 0.018 69
1753261530449 0.01798 70
1753261571552 0.01793 71
1753261612729 0.01795 72
1753261654283 0.01789 73
1753261695574 0.01788 74
1753261736878 0.0179 75
1753261777959 0.01788 76
1753261819909 0.01785 77
1753261860453 0.01781 78
1753261901764 0.01782 79
1753261943452 0.0178 80
1753261984748 0.01779 81
1753262025737 0.01775 82
1753262066797 0.01777 83
1753262108457 0.01773 84
1753262150095 0.01771 85
1753262191227 0.01769 86
1753262233297 0.01769 87
1753262274106 0.01768 88
1753262315767 0.01768 89
1753262356663 0.01765 90
1753262397798 0.01766 91
1753262438908 0.01768 92
1753262480693 0.01763 93
1753262522000 0.01763 94
1753262563281 0.01762 95
1753262604789 0.01761 96
1753262645940 0.01756 97
1753262686536 0.01759 98
1753262727743 0.01754 99
1753262769207 0.01753 100
1753262810095 0.01757 101
1753262851521 0.01755 102
1753262892797 0.01754 103
1753262934032 0.01754 104
1753262975961 0.01752 105
1753263016971 0.01749 106
1753263057504 0.01746 107
1753263099410 0.01747 108
1753263140842 0.01747 109
1753263182249 0.01745 110
1753263223563 0.01741 111
1753263265578 0.01743 112
1753263307555 0.01745 113
1753263348621 0.01738 114
1753263390168 0.01739 115
1753263431610 0.0174 116
1753263473723 0.01738 117
1753263515552 0.01736 118
1753263556846 0.0174 119
1753263598521 0.01735 120
1753263639608 0.01738 121
1753263681031 0.01732 122
1753263722500 0.01731 123
1753263764456 0.01732 124
1753263805825 0.01731 125
1753263848120 0.0173 126
1753263890016 0.01733 127
1753263931157 0.01731 128
1753263971947 0.0173 129
1753264013886 0.01728 130
1753264055867 0.01728 131
1753264097724 0.01723 132
1753264139623 0.01723 133
1753264181258 0.01726 134
1753264223118 0.01724 135
1753264264490 0.01729 136
1753264305723 0.01724 137
1753264348035 0.01722 138
1753264389518 0.01722 139
1753264430731 0.01722 140
1753264472691 0.01724 141
1753264514684 0.01724 142
1753264556012 0.01722 143
1753264597132 0.01719 144
1753264638395 0.01722 145
1753264679792 0.0172 146
1753264721793 0.01721 147
1753264763930 0.01717 148
1753264805722 0.01712 149
1753264847156 0.01716 150
1753264889233 0.01716 151
1753264931368 0.01714 152
1753264973487 0.01714 153
1753265015396 0.01713 154
1753265057234 0.01711 155
1753265098776 0.01715 156
1753265140824 0.01709 157
1753265181677 0.01709 158
1753265224096 0.01712 159
1753265266270 0.01715 160
1753265307578 0.01709 161
1753265348335 0.01713 162
1753265390319 0.01707 163
1753265432814 0.01707 164
1753265474893 0.01707 165
1753265516471 0.0171 166
1753265557768 0.01708 167
1753265599972 0.01705 168
1753265642338 0.01706 169
1753265683436 0.01705 170
1753265725252 0.01705 171
1753265767334 0.01705 172
1753265808914 0.01704 173
1753265850720 0.01705 174
1753265892869 0.01704 175
1753265935203 0.01703 176
1753265977260 0.01698 177
1753266019293 0.01704 178
1753266061242 0.01701 179
1753266103112 0.01702 180
1753266144752 0.01704 181
1753266185766 0.017 182
1753266227535 0.017 183
1753266269828 0.017 184
1753266311541 0.01699 185
1753266352883 0.01696 186
1753266394630 0.01697 187
1753266436164 0.01699 188
1753266478204 0.01698 189
1753266519836 0.01701 190
1753266561521 0.01698 191
1753266602859 0.01695 192
1753266644328 0.01696 193
1753266685649 0.01697 194
1753266727429 0.01693 195
1753266768955 0.01696 196
1753266810550 0.01695 197
1753266852037 0.01696 198
1753266894246 0.01694 199
1753266935850 0.01693 200
1753266977702 0.01691 201
1753267019360 0.0169 202
1753267060597 0.01694 203
1753267101449 0.01697 204
1753267143146 0.0169 205
1753267184670 0.01693 206
1753267226512 0.01694 207
1753267268505 0.01692 208
1753267309832 0.01691 209
1753267350753 0.01691 210
1753267392074 0.01689 211
1753267433727 0.0169 212
1753267475040 0.0169 213
1753267516253 0.01688 214
1753267557890 0.01688 215
1753267600013 0.01688 216
1753267641423 0.01687 217
1753267683647 0.01687 218
1753267725003 0.01689 219
1753267766371 0.01688 220
1753267807838 0.01689 221
1753267849686 0.01688 222
1753267891627 0.01687 223
1753267933469 0.01686 224
1753267975054 0.01687 225
1753268016623 0.01682 226
1753268058798 0.01688 227
1753268100220 0.01684 228
1753268141967 0.01683 229
1753268183617 0.01684 230
1753268225941 0.01684 231
1753268267958 0.01683 232
1753268308982 0.01687 233
1753268350389 0.01683 234
1753268391995 0.01686 235
1753268433353 0.01688 236
1753268474319 0.01684 237
1753268515553 0.01682 238
1753268557495 0.01679 239
1753268598133 0.01681 240
1753268639396 0.01679 241
1753268680559 0.01682 242
1753268721884 0.0168 243
1753268763272 0.01682 244
1753268804691 0.0168 245
1753268846780 0.01679 246
1753268888304 0.0168 247
1753268930491 0.0168 248
1753268971358 0.01681 249
1753269013158 0.01681 250
1753269054625 0.01679 251
1753269096882 0.01681 252
1753269138439 0.01679 253
1753269180267 0.01676 254
1753269222140 0.0168 255
1753269263622 0.01676 256
1753269304999 0.01679 257
1753269346456 0.01681 258
1753269386999 0.01678 259
1753269428538 0.01675 260
1753269470670 0.01675 261
1753269512311 0.01677 262
1753269554188 0.01677 263
1753269595948 0.01676 264
1753269638547 0.01678 265
1753269680679 0.01675 266
1753269722253 0.0168 267
1753269764254 0.01674 268
1753269806383 0.01677 269
1753269847980 0.01673 270
1753269890018 0.01675 271
1753269932269 0.01676 272
1753269974085 0.01676 273
1753270015177 0.01673 274
1753270056277 0.01672 275
1753270098147 0.01672 276
1753270139356 0.01672 277
1753270181166 0.01672 278
1753270222814 0.01673 279
1753270264516 0.01674 280
1753270306978 0.01673 281
1753270349875 0.01671 282
1753270392119 0.01674 283
1753270433410 0.01671 284
1753270474641 0.01675 285
1753270515910 0.01672 286
1753270557836 0.01671 287
1753270598997 0.01672 288
1753270640281 0.01672 289
1753270681605 0.01672 290
1753270723708 0.01671 291
1753270765641 0.01669 292
1753270807036 0.01671 293
1753270847715 0.0167 294
1753270889620 0.01667 295
1753270930998 0.01669 296
1753270973041 0.0167 297
1753271014190 0.0167 298
1753271056323 0.01669 299
1753271097304 0.01668 300
