1753139702480 1.0 0
1753139718932 2.0 0
1753139733914 3.0 0
1753139748832 4.0 0
1753139763547 5.0 0
1753139778219 6.0 0
1753139792981 7.0 0
1753139807749 8.0 0
1753139822646 9.0 0
1753139837419 10.0 0
1753139852315 11.0 0
1753139867148 12.0 0
1753139881940 13.0 0
1753139896666 14.0 0
1753139911370 15.0 0
1753139926235 16.0 0
1753139941347 17.0 0
1753139956328 18.0 0
1753139971153 19.0 0
1753139985971 20.0 0
1753140001159 21.0 0
1753140016010 22.0 0
1753140030862 23.0 0
1753140046035 24.0 0
1753140060919 25.0 0
1753140075640 26.0 0
1753140091061 27.0 0
1753140105870 28.0 0
1753140120636 29.0 0
1753140135372 30.0 0
1753140150022 31.0 0
1753140164768 32.0 0
1753140179399 33.0 0
1753140194127 34.0 0
1753140208879 35.0 0
1753140268008 39.0 0
1753140282783 40.0 0
1753140342677 44.0 0
1753140430880 50.0 0
