1753139689512 0.50788 1
1753139706160 0.39351 2
1753139722684 0.31333 3
1753139737782 0.25134 4
1753139752515 0.20472 5
1753139767204 0.16826 6
1753139781940 0.13978 7
1753139796759 0.1176 8
1753139811456 0.10025 9
1753139826396 0.08663 10
1753139841146 0.07585 11
1753139855991 0.06726 12
1753139870776 0.06036 13
1753139885623 0.05472 14
1753139900330 0.05011 15
1753139915041 0.04637 16
1753139929869 0.04308 17
1753139945132 0.04041 18
1753139960080 0.03811 19
1753139974872 0.03612 20
1753139990014 0.03442 21
1753140004845 0.03294 22
1753140019754 0.03167 23
1753140034712 0.03052 24
1753140049748 0.02955 25
1753140064562 0.02866 26
1753140079363 0.02786 27
1753140094730 0.02713 28
1753140109433 0.02652 29
1753140124329 0.02596 30
1753140138916 0.02545 31
1753140153715 0.02496 32
1753140168418 0.02456 33
1753140183019 0.02415 34
1753140197734 0.0238 35
1753140212534 0.02344 36
1753140227342 0.02317 37
1753140242049 0.02286 38
1753140256982 0.02262 39
1753140271647 0.02237 40
1753140286378 0.02212 41
1753140300993 0.02195 42
1753140316398 0.02178 43
1753140331285 0.02157 44
1753140346377 0.02139 45
1753140361188 0.02121 46
1753140375927 0.02105 47
1753140390569 0.02092 48
1753140405209 0.02076 49
1753140419864 0.02067 50
1753140434479 0.02053 51
1753140449530 0.02044 52
1753140464360 0.0203 53
1753140478862 0.02022 54
1753140493937 0.02012 55
1753140508621 0.02002 56
1753140523490 0.01993 57
1753140538161 0.01981 58
1753140552870 0.01974 59
1753140567500 0.01968 60
1753140582219 0.01963 61
1753140596934 0.01955 62
1753140611696 0.01943 63
1753140626817 0.0194 64
1753140641497 0.01935 65
1753140656174 0.01931 66
1753140671472 0.01924 67
1753140686284 0.01918 68
1753140700985 0.01913 69
1753140715694 0.01906 70
1753140730514 0.01902 71
1753140745172 0.01894 72
1753140760062 0.01892 73
1753140774788 0.01885 74
1753140789640 0.01885 75
1753140804381 0.01879 76
1753140819567 0.01877 77
1753140834368 0.01873 78
1753140849519 0.0187 79
1753140864369 0.01864 80
1753140879192 0.01863 81
1753140894059 0.01858 82
1753140908803 0.0185 83
1753140923517 0.01851 84
1753140938151 0.01844 85
1753140952835 0.01845 86
1753140967660 0.0184 87
1753140982729 0.01839 88
1753140997592 0.01835 89
1753141012291 0.01831 90
1753141027153 0.01829 91
1753141042393 0.01828 92
1753141057177 0.0182 93
1753141071824 0.01822 94
1753141086570 0.01819 95
1753141101351 0.01814 96
1753141116106 0.01813 97
1753141130765 0.01809 98
1753141145420 0.01808 99
1753141160171 0.01805 100
1753141175106 0.01799 101
1753141189701 0.018 102
1753141205156 0.01795 103
1753141219799 0.01798 104
1753141234576 0.01793 105
1753141249502 0.0179 106
1753141264207 0.01788 107
1753141279019 0.01787 108
1753141293711 0.01786 109
1753141308476 0.01785 110
1753141323435 0.01779 111
1753141338327 0.01782 112
1753141353565 0.01775 113
1753141368314 0.01782 114
1753141382978 0.0178 115
1753141398106 0.01775 116
1753141412677 0.01772 117
1753141427424 0.01769 118
1753141442175 0.01769 119
1753141456856 0.01767 120
1753141471769 0.01765 121
1753141486684 0.01762 122
1753141501310 0.01763 123
1753141516015 0.01762 124
1753141530681 0.01759 125
1753141545732 0.01758 126
1753141560340 0.0176 127
1753141575666 0.01756 128
1753141590390 0.01755 129
1753141604958 0.01753 130
1753141619716 0.01752 131
1753141634664 0.01749 132
1753141649450 0.01747 133
1753141664235 0.01747 134
1753141679040 0.01746 135
1753141693773 0.01749 136
1753141708827 0.0174 137
1753141723448 0.01743 138
1753141738168 0.01741 139
1753141753059 0.01745 140
1753141768136 0.01746 141
1753141782983 0.01739 142
1753141797650 0.01736 143
1753141812417 0.01737 144
1753141827363 0.01737 145
1753141842157 0.01736 146
1753141857120 0.01734 147
1753141871985 0.01738 148
1753141887435 0.01731 149
1753141902301 0.0173 150
1753141916860 0.01727 151
1753141931784 0.01731 152
1753141946414 0.01732 153
1753141961065 0.01726 154
1753141975665 0.01729 155
1753141990351 0.01726 156
1753142005384 0.01727 157
1753142020448 0.01724 158
1753142035144 0.01719 159
1753142050100 0.01718 160
1753142064878 0.01717 161
1753142080065 0.01716 162
1753142094840 0.01716 163
1753142109819 0.01717 164
1753142124983 0.01721 165
1753142139683 0.01716 166
1753142154440 0.01717 167
1753142169137 0.01713 168
1753142183761 0.01715 169
1753142198594 0.01713 170
1753142213229 0.01713 171
1753142227925 0.01714 172
1753142243042 0.01712 173
1753142257724 0.01712 174
1753142273029 0.01712 175
1753142287841 0.0171 176
1753142303104 0.01711 177
1753142317893 0.01708 178
1753142332656 0.01705 179
1753142347329 0.01711 180
1753142361943 0.01708 181
1753142376634 0.01705 182
1753142391508 0.01709 183
1753142406269 0.01708 184
1753142421097 0.01703 185
1753142436247 0.01703 186
1753142450950 0.01704 187
1753142465501 0.01699 188
1753142480215 0.017 189
1753142495416 0.01702 190
1753142510250 0.01702 191
1753142524877 0.01705 192
1753142539651 0.01695 193
1753142554244 0.017 194
1753142568997 0.01697 195
1753142583803 0.01699 196
1753142598478 0.01699 197
1753142613566 0.01697 198
1753142629007 0.017 199
1753142643768 0.01699 200
1753142658835 0.01694 201
1753142673703 0.01696 202
1753142688458 0.01695 203
1753142703374 0.01695 204
1753142718249 0.01698 205
1753142732939 0.01693 206
1753142748020 0.01695 207
1753142762575 0.01692 208
1753142777687 0.01692 209
1753142792473 0.01688 210
1753142807572 0.01691 211
1753142822477 0.01695 212
1753142837223 0.01692 213
1753142852427 0.01686 214
1753142867075 0.01692 215
1753142881718 0.01692 216
1753142896443 0.01688 217
1753142911337 0.0169 218
1753142926191 0.01687 219
1753142940962 0.0169 220
1753142955834 0.01686 221
1753142970868 0.01683 222
1753142985514 0.01686 223
1753143000819 0.01686 224
1753143015608 0.01687 225
1753143030641 0.01686 226
1753143045307 0.01688 227
1753143060027 0.01685 228
1753143074879 0.01687 229
1753143089642 0.01682 230
1753143104491 0.01683 231
1753143119423 0.01682 232
1753143134312 0.01684 233
1753143149259 0.01686 234
1753143164510 0.01678 235
1753143179212 0.01681 236
1753143194018 0.01682 237
1753143208671 0.01682 238
1753143223852 0.01681 239
1753143238751 0.01679 240
1753143253472 0.01681 241
1753143268118 0.0168 242
1753143282912 0.01679 243
1753143297775 0.01684 244
1753143312561 0.01677 245
1753143327236 0.01676 246
1753143342396 0.01679 247
1753143357220 0.01682 248
1753143372013 0.01679 249
1753143387140 0.01678 250
1753143401864 0.01678 251
1753143416666 0.01676 252
1753143431398 0.01681 253
1753143446174 0.01679 254
1753143460944 0.01675 255
1753143475930 0.01674 256
1753143490528 0.01675 257
1753143505251 0.01676 258
1753143519961 0.01675 259
1753143534961 0.01674 260
1753143550005 0.01671 261
1753143564697 0.01675 262
1753143579841 0.01671 263
1753143594514 0.01672 264
1753143609180 0.01672 265
1753143623827 0.01675 266
1753143638816 0.01672 267
1753143653610 0.01672 268
1753143668264 0.01672 269
1753143682839 0.01674 270
1753143698009 0.01669 271
1753143712949 0.01673 272
1753143727817 0.0167 273
1753143742632 0.01668 274
1753143757631 0.01669 275
1753143772461 0.01668 276
1753143787254 0.01669 277
1753143801811 0.01668 278
1753143816601 0.0167 279
1753143831292 0.01667 280
1753143846566 0.01668 281
1753143861489 0.01669 282
1753143876222 0.01669 283
1753143891423 0.01667 284
1753143906203 0.01666 285
1753143921277 0.01669 286
1753143936105 0.01669 287
1753143951098 0.01671 288
1753143965775 0.01663 289
1753143980516 0.0167 290
1753143995129 0.01671 291
1753144009714 0.01666 292
1753144024783 0.01665 293
1753144039476 0.01664 294
1753144054149 0.01667 295
1753144069115 0.01666 296
1753144084073 0.01666 297
1753144098921 0.01664 298
1753144114150 0.01666 299
1753144129052 0.01667 300
