1753133701048 1.0 0
1753133718381 2.0 0
1753133735638 3.0 0
1753133752775 4.0 0
1753133769799 5.0 0
1753133786913 6.0 0
1753133804075 7.0 0
1753133822136 8.0 0
1753133839102 9.0 0
1753133856350 10.0 0
1753133873497 11.0 0
1753133890764 12.0 0
1753133907774 13.0 0
1753133925071 14.0 0
1753133942767 15.0 0
1753133960023 16.0 0
1753133977165 17.0 0
1753133994300 18.0 0
1753134011247 19.0 0
1753134028468 20.0 0
1753134045548 21.0 0
1753134062730 22.0 0
1753134080151 23.0 0
1753134097574 24.0 0
1753134114888 25.0 0
1753134131967 26.0 0
1753134149186 27.0 0
1753134166693 28.0 0
1753134183998 29.0 0
1753134200983 30.0 0
1753134217921 31.0 0
1753134252102 33.0 0
1753134355924 39.0 0
1753134390704 41.0 0
1753134424973 43.0 0
1753134527505 49.0 0
