1753133685627 0.66548 1
1753133704255 0.52638 2
1753133721568 0.42473 3
1753133738782 0.33835 4
1753133755874 0.2689 5
1753133772934 0.2146 6
1753133790039 0.17289 7
1753133807224 0.14127 8
1753133825270 0.11721 9
1753133842211 0.09889 10
1753133859504 0.08481 11
1753133876605 0.07384 12
1753133893881 0.06439 13
1753133910853 0.05535 14
1753133928230 0.04892 15
1753133945921 0.04455 16
1753133963154 0.04122 17
1753133980237 0.03837 18
1753133997449 0.03614 19
1753134014400 0.03424 20
1753134031625 0.03256 21
1753134048670 0.03117 22
1753134065881 0.02997 23
1753134083269 0.02891 24
1753134100726 0.02799 25
1753134118009 0.02723 26
1753134135070 0.0265 27
1753134152354 0.02587 28
1753134169817 0.02529 29
1753134187147 0.02478 30
1753134204096 0.02433 31
1753134221031 0.02397 32
1753134237979 0.02359 33
1753134255290 0.02323 34
1753134272197 0.02292 35
1753134289514 0.02258 36
1753134306700 0.02235 37
1753134324138 0.02216 38
1753134341228 0.02199 39
1753134359061 0.02169 40
1753134376262 0.0215 41
1753134393862 0.02128 42
1753134410932 0.02117 43
1753134428060 0.02099 44
1753134445184 0.02089 45
1753134462149 0.02073 46
1753134479259 0.02058 47
1753134496477 0.02049 48
1753134513728 0.0204 49
1753134530683 0.02023 50
1753134548140 0.02012 51
1753134565227 0.02007 52
1753134582141 0.02 53
1753134598972 0.01985 54
1753134616579 0.01978 55
1753134633578 0.01969 56
1753134650688 0.01965 57
1753134667702 0.01958 58
1753134684849 0.0195 59
1753134701570 0.01944 60
1753134718689 0.01934 61
1753134735543 0.0193 62
1753134752490 0.01924 63
1753134769296 0.01916 64
1753134786234 0.0191 65
1753134803196 0.01907 66
1753134820345 0.01901 67
1753134837619 0.01895 68
1753134854635 0.01894 69
1753134871860 0.0189 70
1753134889360 0.01883 71
1753134906406 0.01877 72
1753134923386 0.01871 73
1753134940494 0.01876 74
1753134957411 0.01869 75
1753134974343 0.01868 76
1753134991517 0.01861 77
1753135008625 0.01856 78
1753135025503 0.01854 79
1753135042451 0.01847 80
1753135059164 0.01849 81
1753135075865 0.0184 82
1753135093044 0.0184 83
1753135109984 0.01838 84
1753135126804 0.01837 85
1753135144095 0.01832 86
1753135160898 0.01828 87
1753135177722 0.01823 88
1753135194518 0.01822 89
1753135211280 0.01819 90
1753135228351 0.01818 91
1753135245159 0.01816 92
1753135262197 0.01808 93
1753135279147 0.01813 94
1753135296244 0.01807 95
1753135313298 0.01802 96
1753135330654 0.01799 97
1753135347609 0.01803 98
1753135364810 0.01804 99
1753135381935 0.01798 100
1753135398592 0.01797 101
1753135415812 0.01798 102
1753135432945 0.01791 103
1753135449535 0.01788 104
1753135466287 0.01786 105
1753135482928 0.01788 106
1753135500159 0.01789 107
1753135517046 0.01781 108
1753135534082 0.01782 109
1753135551091 0.01782 110
1753135568155 0.01774 111
1753135585633 0.01774 112
1753135602649 0.01775 113
1753135619627 0.01773 114
1753135636705 0.0177 115
1753135653583 0.01766 116
1753135671437 0.01769 117
1753135688510 0.0177 118
1753135705408 0.01764 119
1753135722312 0.01762 120
1753135739047 0.01764 121
1753135756000 0.01757 122
1753135772797 0.01754 123
1753135789754 0.0176 124
1753135807126 0.01762 125
1753135824173 0.01755 126
1753135841194 0.01751 127
1753135857776 0.0175 128
1753135874424 0.01749 129
1753135891328 0.01755 130
1753135908536 0.01752 131
1753135925601 0.01748 132
1753135942761 0.0175 133
1753135959454 0.01743 134
1753135976330 0.01747 135
1753135993212 0.01741 136
1753136009927 0.01737 137
1753136028176 0.0174 138
1753136045444 0.01741 139
1753136062470 0.01737 140
1753136079652 0.01739 141
1753136096622 0.01737 142
1753136113496 0.01738 143
1753136130335 0.01733 144
1753136147061 0.01732 145
1753136164241 0.01731 146
1753136181045 0.01735 147
1753136198287 0.01734 148
1753136215307 0.01728 149
1753136232237 0.01729 150
1753136249450 0.01727 151
1753136266837 0.01728 152
1753136283731 0.01727 153
1753136300691 0.01727 154
1753136317812 0.01731 155
1753136334789 0.01724 156
1753136351690 0.01724 157
1753136368837 0.0172 158
1753136385753 0.01725 159
1753136402351 0.0172 160
1753136419667 0.01722 161
1753136437276 0.01717 162
1753136455189 0.0172 163
1753136472358 0.01721 164
1753136489308 0.0172 165
1753136506612 0.01718 166
1753136523726 0.01714 167
1753136540820 0.01718 168
1753136557753 0.01716 169
1753136575042 0.01717 170
1753136592074 0.0171 171
1753136608962 0.01719 172
1753136625775 0.01712 173
1753136643557 0.01713 174
1753136660624 0.01708 175
1753136677661 0.01706 176
1753136694418 0.01711 177
1753136711535 0.01709 178
1753136728933 0.01704 179
1753136745861 0.01705 180
1753136762507 0.01709 181
1753136779436 0.01708 182
1753136796330 0.01704 183
1753136813227 0.01707 184
1753136830150 0.01703 185
1753136846858 0.017 186
1753136863928 0.01703 187
1753136881391 0.01703 188
1753136897888 0.01706 189
1753136914784 0.017 190
1753136931696 0.01703 191
1753136948644 0.01697 192
1753136965556 0.01704 193
1753136983371 0.01699 194
1753137000838 0.01696 195
1753137017869 0.017 196
1753137035098 0.01698 197
1753137052124 0.017 198
1753137069070 0.01694 199
1753137086182 0.01696 200
1753137103457 0.01694 201
1753137120711 0.01696 202
1753137137598 0.01697 203
1753137154434 0.01697 204
1753137171495 0.01692 205
1753137188302 0.01695 206
1753137205433 0.01695 207
1753137222645 0.01689 208
1753137240023 0.01687 209
1753137257275 0.01693 210
1753137274530 0.01693 211
1753137291459 0.01687 212
1753137309088 0.01689 213
1753137325913 0.01692 214
1753137343037 0.01691 215
1753137359887 0.01688 216
1753137377115 0.01689 217
1753137394387 0.01689 218
1753137411481 0.01689 219
1753137428392 0.01685 220
1753137445645 0.01682 221
1753137462650 0.01687 222
1753137479352 0.01688 223
1753137496166 0.01684 224
1753137513677 0.01691 225
1753137530762 0.0169 226
1753137547436 0.01686 227
1753137564234 0.01685 228
1753137581079 0.01687 229
1753137598062 0.01683 230
1753137615031 0.01683 231
1753137631853 0.01684 232
1753137648858 0.01684 233
1753137666053 0.01683 234
1753137683003 0.01688 235
1753137700022 0.01682 236
1753137716870 0.01682 237
1753137733807 0.01678 238
1753137750676 0.01679 239
1753137768686 0.01683 240
1753137785973 0.01677 241
1753137802891 0.01679 242
1753137819877 0.01681 243
1753137836793 0.01676 244
1753137853917 0.01675 245
1753137870827 0.01675 246
1753137887809 0.01675 247
1753137904581 0.01683 248
1753137921747 0.01674 249
1753137938543 0.01679 250
1753137955578 0.01678 251
1753137972351 0.01677 252
1753137989177 0.01678 253
1753138006317 0.01678 254
1753138023319 0.01678 255
1753138040693 0.01674 256
1753138058102 0.01676 257
1753138074841 0.01674 258
1753138092165 0.01679 259
1753138109217 0.01676 260
1753138126075 0.01674 261
1753138143275 0.01671 262
1753138160197 0.01673 263
1753138176935 0.01672 264
1753138194055 0.01674 265
1753138211457 0.01674 266
1753138228735 0.01674 267
1753138245993 0.01672 268
1753138262775 0.0167 269
1753138279911 0.01673 270
1753138297175 0.01672 271
1753138314368 0.01671 272
1753138331391 0.01671 273
1753138348219 0.01669 274
1753138365313 0.01675 275
1753138383017 0.01671 276
1753138399639 0.01668 277
1753138416384 0.01671 278
1753138433067 0.01669 279
1753138450334 0.01671 280
1753138467253 0.0167 281
1753138483988 0.01671 282
1753138501483 0.01672 283
1753138517999 0.01666 284
1753138535334 0.01668 285
1753138552390 0.01666 286
1753138569262 0.0167 287
1753138586342 0.01672 288
1753138603540 0.01669 289
1753138620968 0.01666 290
1753138637880 0.01666 291
1753138654848 0.01671 292
1753138671827 0.01668 293
1753138688676 0.01666 294
1753138705933 0.01666 295
1753138722823 0.01665 296
1753138739882 0.01665 297
1753138756580 0.01666 298
1753138773427 0.01663 299
1753138790370 0.01667 300
