1753130550688 1.0 0
1753130590381 2.0 0
1753130630256 3.0 0
1753130669813 4.0 0
1753130710293 5.0 0
1753130751526 6.0 0
1753130792851 7.0 0
1753130833848 8.0 0
1753130874797 9.0 0
1753130916104 10.0 0
1753130958515 11.0 0
1753130999888 12.0 0
1753131041109 13.0 0
1753131082520 14.0 0
1753131124539 15.0 0
1753131165964 16.0 0
1753131207456 17.0 0
1753131248661 18.0 0
1753131290510 19.0 0
1753131331730 20.0 0
1753131373445 21.0 0
1753131415266 22.0 0
1753131456735 23.0 0
1753131498052 24.0 0
1753131540284 25.0 0
1753131582419 26.0 0
1753131624499 27.0 0
1753131666623 28.0 0
1753131709105 29.0 0
1753131792274 31.0 0
1753131834060 32.0 0
1753131917179 34.0 0
1753132124858 39.0 0
1753132166562 40.0 0
1753132375451 45.0 0
1753132542263 49.0 0
1753133083558 62.0 0
