1753130525085 0.50951 1
1753130566019 0.34476 2
1753130605973 0.24821 3
1753130645697 0.18146 4
1753130685638 0.13631 5
1753130726953 0.10551 6
1753130768093 0.08425 7
1753130809493 0.06915 8
1753130850618 0.05804 9
1753130891619 0.05011 10
1753130932568 0.0444 11
1753130975577 0.04005 12
1753131017068 0.0367 13
1753131058125 0.03403 14
1753131099836 0.03192 15
1753131141513 0.03015 16
1753131182957 0.02871 17
1753131224679 0.02754 18
1753131265838 0.02649 19
1753131307874 0.02563 20
1753131349219 0.02489 21
1753131390914 0.02427 22
1753131432683 0.02369 23
1753131474046 0.0232 24
1753131515508 0.02279 25
1753131557682 0.02238 26
1753131599860 0.02207 27
1753131641801 0.02175 28
1753131684115 0.02146 29
1753131726564 0.02123 30
1753131767881 0.02101 31
1753131809692 0.0208 32
1753131851575 0.0206 33
1753131893145 0.02045 34
1753131934497 0.02027 35
1753131976043 0.02015 36
1753132017209 0.02003 37
1753132059253 0.0199 38
1753132100978 0.01978 39
1753132142374 0.01968 40
1753132183930 0.01957 41
1753132225869 0.01948 42
1753132267350 0.0194 43
1753132309086 0.01931 44
1753132351063 0.01923 45
1753132392912 0.01917 46
1753132434359 0.0191 47
1753132476143 0.01904 48
1753132517846 0.01899 49
1753132559373 0.01892 50
1753132601675 0.01884 51
1753132642974 0.01881 52
1753132684152 0.01877 53
1753132725956 0.01873 54
1753132768388 0.0187 55
1753132809948 0.01865 56
1753132851785 0.0186 57
1753132892681 0.01856 58
1753132934381 0.01853 59
1753132976259 0.0185 60
1753133017645 0.01848 61
1753133058927 0.01843 62
1753133100960 0.0184 63
1753133142276 0.01837 64
1753133183719 0.01836 65
1753133225966 0.01833 66
1753133268119 0.01831 67
1753133309800 0.01827 68
1753133351605 0.01824 69
1753133392863 0.01822 70
1753133434190 0.0182 71
1753133475376 0.01819 72
1753133517339 0.01815 73
1753133558839 0.01815 74
1753133600291 0.01811 75
1753133642027 0.01809 76
1753133683586 0.01807 77
1753133725484 0.01805 78
1753133767070 0.01803 79
1753133808296 0.01801 80
1753133849643 0.01802 81
1753133890612 0.01801 82
1753133931959 0.01797 83
1753133973263 0.01795 84
1753134014573 0.01792 85
1753134056692 0.01792 86
1753134098933 0.01792 87
1753134140243 0.0179 88
1753134182198 0.01788 89
1753134223509 0.01787 90
1753134265381 0.01788 91
1753134306996 0.01783 92
1753134348736 0.01781 93
1753134390258 0.01784 94
1753134431646 0.01781 95
1753134473462 0.01781 96
1753134515053 0.01779 97
1753134556036 0.01777 98
1753134597611 0.01777 99
1753134639253 0.01775 100
1753134680710 0.01773 101
1753134722636 0.01771 102
1753134764696 0.01771 103
1753134806709 0.0177 104
1753134848221 0.01768 105
1753134889947 0.01768 106
1753134931606 0.01767 107
1753134972859 0.01766 108
1753135015927 0.01764 109
1753135057301 0.01766 110
1753135099152 0.01761 111
1753135140369 0.0176 112
1753135182629 0.01761 113
1753135224273 0.01761 114
1753135266114 0.01759 115
1753135307630 0.01758 116
1753135349038 0.01759 117
1753135390651 0.01755 118
1753135432307 0.01758 119
1753135473390 0.01757 120
1753135515003 0.01754 121
1753135557231 0.01755 122
1753135598536 0.01751 123
1753135640136 0.01751 124
1753135681803 0.01752 125
1753135724090 0.01751 126
1753135765861 0.01754 127
1753135807445 0.01752 128
1753135849116 0.0175 129
1753135890591 0.01746 130
1753135932012 0.01749 131
1753135974007 0.01749 132
1753136016128 0.01746 133
1753136057417 0.01746 134
1753136099033 0.01745 135
1753136141051 0.01742 136
1753136182839 0.01744 137
1753136224887 0.01742 138
1753136266180 0.01741 139
1753136308040 0.01742 140
1753136349664 0.01744 141
1753136392189 0.01741 142
1753136432982 0.0174 143
1753136475231 0.01739 144
1753136517538 0.01738 145
1753136558755 0.01738 146
1753136600164 0.01736 147
1753136641787 0.01737 148
1753136683721 0.01735 149
1753136725183 0.01736 150
1753136767091 0.01735 151
1753136808630 0.01733 152
1753136850771 0.01733 153
1753136892562 0.01733 154
1753136934636 0.01732 155
1753136975776 0.01732 156
1753137017544 0.01731 157
1753137058660 0.01731 158
1753137100041 0.0173 159
1753137141631 0.01729 160
1753137183490 0.01729 161
1753137225545 0.0173 162
1753137267753 0.01728 163
1753137309483 0.01729 164
1753137351064 0.01727 165
1753137392735 0.01726 166
1753137434369 0.01727 167
1753137475622 0.01727 168
1753137517584 0.01727 169
1753137559288 0.01725 170
1753137601009 0.01726 171
1753137642620 0.01726 172
1753137684086 0.01725 173
1753137725867 0.01726 174
1753137767172 0.01723 175
1753137809702 0.01723 176
1753137851510 0.01722 177
1753137893346 0.01721 178
1753137935371 0.01721 179
1753137976819 0.01721 180
1753138018476 0.01721 181
1753138060453 0.0172 182
1753138102341 0.01721 183
1753138143915 0.01718 184
1753138185737 0.01718 185
1753138226983 0.01718 186
1753138268908 0.01718 187
1753138310367 0.01717 188
1753138352040 0.01717 189
1753138394243 0.01716 190
1753138435635 0.01716 191
1753138477161 0.01717 192
1753138519487 0.01715 193
1753138560690 0.01718 194
1753138602522 0.01715 195
1753138644097 0.01714 196
1753138685292 0.01714 197
1753138727575 0.01716 198
1753138769314 0.01714 199
1753138811539 0.01714 200
1753138852647 0.01714 201
1753138894367 0.01711 202
1753138935667 0.01714 203
1753138977006 0.01713 204
1753139018992 0.01713 205
1753139060237 0.01711 206
1753139101557 0.01712 207
1753139142648 0.0171 208
1753139184466 0.01711 209
1753139227139 0.01711 210
1753139268640 0.01711 211
1753139310400 0.01711 212
1753139352386 0.01709 213
1753139394130 0.01707 214
1753139435621 0.01709 215
1753139477951 0.01707 216
1753139519715 0.0171 217
1753139561013 0.01708 218
1753139602658 0.01705 219
1753139644227 0.01706 220
1753139686271 0.01708 221
1753139727736 0.01707 222
1753139769387 0.01708 223
1753139810530 0.01706 224
1753139852466 0.01706 225
1753139894433 0.01706 226
1753139935950 0.01705 227
1753139978089 0.01705 228
1753140020065 0.01704 229
1753140061283 0.01705 230
1753140103289 0.01703 231
1753140145089 0.01703 232
1753140186569 0.01701 233
1753140228055 0.01703 234
1753140269681 0.01703 235
1753140310905 0.01702 236
1753140352132 0.01705 237
1753140393588 0.01702 238
1753140435451 0.01702 239
1753140477103 0.01702 240
1753140518838 0.01701 241
1753140560128 0.017 242
1753140602072 0.01701 243
1753140643438 0.01701 244
1753140684472 0.01699 245
1753140725829 0.01701 246
1753140766913 0.017 247
1753140808348 0.017 248
1753140850628 0.01699 249
1753140892110 0.01698 250
1753140933578 0.01698 251
1753140975384 0.01698 252
1753141016679 0.01699 253
1753141058293 0.01697 254
1753141099853 0.01698 255
1753141141284 0.01697 256
1753141183337 0.01698 257
1753141224357 0.01696 258
1753141266320 0.01693 259
1753141308372 0.01697 260
1753141350098 0.01698 261
1753141392044 0.01697 262
1753141433550 0.01696 263
1753141475192 0.01695 264
1753141517237 0.01698 265
1753141558766 0.01696 266
1753141600660 0.01696 267
1753141642407 0.01695 268
1753141683910 0.01696 269
1753141725348 0.01695 270
1753141767246 0.01693 271
1753141808813 0.01694 272
1753141850473 0.01694 273
1753141891849 0.01694 274
1753141933695 0.01694 275
1753141975002 0.01694 276
1753142016360 0.01694 277
1753142057889 0.01694 278
1753142099778 0.01693 279
1753142141435 0.01692 280
1753142182974 0.01693 281
1753142224554 0.01691 282
1753142266181 0.01692 283
1753142308069 0.01692 284
1753142348972 0.01691 285
1753142390767 0.01692 286
1753142432612 0.01691 287
1753142474226 0.01693 288
1753142516083 0.01692 289
1753142557427 0.01688 290
1753142599525 0.0169 291
1753142641180 0.01692 292
1753142683240 0.01689 293
1753142724744 0.01688 294
1753142766782 0.01692 295
1753142808912 0.01689 296
1753142850504 0.01689 297
1753142891940 0.01688 298
1753142932904 0.01691 299
1753142974791 0.01689 300
