1753349899451 1.0 0
1753349918425 2.0 0
1753349937578 3.0 0
1753349956043 4.0 0
1753349974844 5.0 0
1753349993774 6.0 0
1753350012325 7.0 0
1753350030849 8.0 0
1753350049548 9.0 0
1753350068199 10.0 0
1753350086976 11.0 0
1753350105536 12.0 0
1753350124298 13.0 0
1753350143050 14.0 0
1753350161560 15.0 0
1753350180235 16.0 0
1753350199046 17.0 0
1753350217898 18.0 0
1753350236832 19.0 0
1753350255855 20.0 0
1753350274591 21.0 0
1753350293481 22.0 0
1753350312833 23.0 0
1753350331714 24.0 0
1753350350485 25.0 0
1753350369264 26.0 0
1753350387761 27.0 0
1753350406728 28.0 0
1753350425529 29.0 0
1753350444541 30.0 0
1753350463233 31.0 0
1753350481908 32.0 0
1753350500638 33.0 0
1753350519511 34.0 0
1753350538192 35.0 0
1753350556929 36.0 0
1753350575761 37.0 0
1753350594323 38.0 0
1753350612727 39.0 0
1753350631533 40.0 0
1753350650129 41.0 0
1753350668742 42.0 0
1753350687224 43.0 0
1753350705754 44.0 0
1753350724541 45.0 0
1753350743241 46.0 0
1753350780844 48.0 0
1753350799489 49.0 0
1753350818220 50.0 0
1753350855489 52.0 0
1753350873978 53.0 0
1753350930309 56.0 0
1753350968065 58.0 0
1753350986851 59.0 0
1753351098701 65.0 0
1753351229893 72.0 0
1753351380139 80.0 0
1753351398888 81.0 0
