1753349884915 0.64301 1
1753349904250 0.49975 2
1753349923197 0.43816 3
1753349942229 0.39197 4
1753349960812 0.34363 5
1753349979607 0.30033 6
1753349998446 0.26354 7
1753350017057 0.23124 8
1753350035492 0.20316 9
1753350054262 0.17893 10
1753350072898 0.15811 11
1753350091642 0.14037 12
1753350110249 0.12517 13
1753350128956 0.11224 14
1753350147760 0.10119 15
1753350166235 0.09175 16
1753350184892 0.08363 17
1753350203787 0.07663 18
1753350222634 0.07065 19
1753350241539 0.06539 20
1753350260592 0.06087 21
1753350279254 0.05688 22
1753350298441 0.0534 23
1753350317541 0.05038 24
1753350336434 0.04761 25
1753350355132 0.04514 26
1753350374012 0.04293 27
1753350392424 0.04093 28
1753350411468 0.03877 29
1753350430239 0.03707 30
1753350449224 0.03568 31
1753350468002 0.03443 32
1753350486639 0.03326 33
1753350505365 0.03227 34
1753350524231 0.03136 35
1753350542865 0.03052 36
1753350561602 0.02973 37
1753350580456 0.02912 38
1753350598983 0.02836 39
1753350617375 0.02776 40
1753350636242 0.02721 41
1753350654865 0.02672 42
1753350673417 0.02622 43
1753350692007 0.02579 44
1753350710484 0.02541 45
1753350729281 0.02498 46
1753350747986 0.02465 47
1753350766920 0.02433 48
1753350785594 0.02401 49
1753350804154 0.02373 50
1753350822925 0.02348 51
1753350841558 0.02318 52
1753350860246 0.02298 53
1753350878653 0.02273 54
1753350897404 0.02255 55
1753350916212 0.02234 56
1753350935006 0.02212 57
1753350953930 0.02196 58
1753350972768 0.02175 59
1753350991511 0.02161 60
1753351010290 0.02144 61
1753351028372 0.02134 62
1753351047286 0.02122 63
1753351065879 0.02105 64
1753351084741 0.02094 65
1753351103416 0.02082 66
1753351121973 0.02069 67
1753351140714 0.02058 68
1753351159492 0.0205 69
1753351178468 0.02038 70
1753351197119 0.02033 71
1753351215796 0.02015 72
1753351234526 0.02008 73
1753351253431 0.02003 74
1753351272361 0.01991 75
1753351291160 0.01991 76
1753351309945 0.01979 77
1753351328763 0.01969 78
1753351347652 0.01965 79
1753351366233 0.01959 80
1753351384845 0.01952 81
1753351403634 0.01943 82
1753351422770 0.01942 83
1753351441549 0.01934 84
1753351460955 0.01928 85
1753351479767 0.01925 86
1753351498737 0.01916 87
1753351517755 0.01908 88
1753351536566 0.01906 89
1753351555464 0.01906 90
1753351574091 0.01884 91
1753351592511 0.01881 92
1753351611024 0.01877 93
1753351629758 0.01873 94
1753351648754 0.01873 95
1753351667294 0.01873 96
1753351686131 0.0187 97
1753351705331 0.01868 98
1753351724251 0.01866 99
1753351743126 0.01861 100
1753351761952 0.0186 101
1753351780781 0.01862 102
1753351799529 0.01859 103
1753351818735 0.0186 104
1753351837358 0.01859 105
1753351856140 0.01858 106
1753351874681 0.01857 107
1753351893350 0.01856 108
1753351911960 0.01857 109
1753351930984 0.01858 110
1753351949447 0.01856 111
1753351967583 0.01858 112
1753351986605 0.01855 113
1753352004861 0.01855 114
1753352023511 0.01857 115
1753352042797 0.01858 116
1753352061783 0.01854 117
1753352080640 0.01854 118
1753352099666 0.01856 119
1753352118266 0.01856 120
1753352136928 0.01858 121
1753352155325 0.01853 122
1753352173923 0.01858 123
1753352192779 0.01854 124
1753352211526 0.01855 125
1753352230459 0.01855 126
1753352249449 0.01857 127
1753352268701 0.01854 128
1753352288047 0.01856 129
1753352306713 0.01854 130
1753352325964 0.01855 131
1753352344834 0.01854 132
1753352363618 0.01858 133
1753352382557 0.01857 134
1753352401434 0.01854 135
1753352420472 0.01857 136
1753352439089 0.01855 137
1753352457755 0.01855 138
1753352476225 0.01856 139
1753352495358 0.01855 140
1753352514130 0.01852 141
1753352532545 0.01856 142
1753352551554 0.01856 143
1753352571176 0.01856 144
1753352589730 0.01856 145
1753352608590 0.01855 146
1753352627476 0.01856 147
1753352646740 0.01856 148
1753352665354 0.01853 149
1753352684158 0.01857 150
1753352702665 0.01853 151
1753352721487 0.01856 152
1753352740336 0.01856 153
1753352759118 0.01855 154
1753352777892 0.01855 155
1753352796531 0.01856 156
1753352815191 0.01856 157
1753352833983 0.01855 158
1753352852486 0.01857 159
1753352871052 0.01854 160
1753352889569 0.01857 161
1753352908838 0.01855 162
1753352927662 0.01856 163
1753352946495 0.01856 164
1753352965802 0.01856 165
1753352985004 0.01853 166
1753353003803 0.01855 167
1753353022197 0.01854 168
1753353040589 0.01854 169
1753353059023 0.01854 170
1753353077872 0.01854 171
1753353096269 0.01854 172
1753353115154 0.01856 173
1753353134315 0.01855 174
1753353153332 0.01854 175
1753353171811 0.01854 176
1753353190270 0.01856 177
1753353209338 0.01854 178
1753353227943 0.01854 179
1753353246912 0.01854 180
1753353265936 0.01854 181
1753353284531 0.01853 182
1753353303027 0.01855 183
1753353321583 0.01855 184
1753353340365 0.01853 185
1753353359244 0.01855 186
1753353378437 0.01853 187
1753353397019 0.01855 188
1753353415489 0.01855 189
1753353434089 0.01851 190
1753353452753 0.01854 191
1753353471467 0.01854 192
1753353490367 0.01856 193
1753353509139 0.01855 194
1753353527626 0.01856 195
1753353546449 0.01851 196
1753353565176 0.01855 197
1753353584046 0.01855 198
1753353602715 0.01854 199
1753353621631 0.01854 200
1753353640352 0.01856 201
1753353659169 0.01852 202
1753353677884 0.01852 203
1753353696378 0.01855 204
1753353714779 0.01854 205
1753353733607 0.01856 206
1753353752350 0.01854 207
1753353770944 0.01855 208
1753353789404 0.01851 209
1753353808589 0.01854 210
1753353827496 0.01857 211
1753353845955 0.01856 212
1753353864370 0.01853 213
1753353883345 0.01854 214
1753353901987 0.01853 215
1753353920665 0.01855 216
1753353939328 0.01854 217
1753353958151 0.01854 218
1753353976757 0.01854 219
1753353995310 0.01856 220
1753354013955 0.01853 221
1753354032837 0.01852 222
1753354051590 0.01856 223
1753354070414 0.01855 224
1753354089356 0.01852 225
1753354108226 0.01853 226
1753354126993 0.01854 227
1753354145834 0.01854 228
1753354164847 0.01851 229
1753354183916 0.01852 230
1753354202669 0.01853 231
1753354221254 0.01853 232
1753354240051 0.01855 233
1753354258913 0.01854 234
1753354277678 0.01853 235
1753354296449 0.01852 236
1753354315424 0.01854 237
1753354334416 0.01853 238
1753354353543 0.01856 239
1753354372383 0.01853 240
1753354391415 0.01851 241
1753354409779 0.01856 242
1753354428587 0.01854 243
1753354447045 0.01852 244
1753354465784 0.01854 245
1753354484421 0.01852 246
1753354503387 0.01853 247
1753354522000 0.01852 248
1753354540431 0.0185 249
1753354559280 0.01853 250
1753354577994 0.01851 251
1753354596616 0.01853 252
1753354615419 0.01853 253
1753354634512 0.01853 254
1753354653321 0.01854 255
1753354672122 0.01852 256
1753354691055 0.01852 257
1753354709919 0.01855 258
1753354728936 0.01851 259
1753354747831 0.01854 260
1753354766754 0.01851 261
1753354785387 0.01853 262
1753354804168 0.01849 263
1753354823532 0.01855 264
1753354842095 0.01852 265
1753354860905 0.01854 266
1753354879775 0.01851 267
1753354898153 0.01851 268
1753354917223 0.01849 269
1753354935892 0.01852 270
1753354954353 0.01852 271
1753354973192 0.0185 272
1753354991867 0.01854 273
1753355010461 0.01854 274
1753355029092 0.01854 275
1753355048015 0.01853 276
1753355066354 0.01852 277
1753355084642 0.01851 278
1753355103565 0.01851 279
1753355122441 0.0185 280
1753355141051 0.01849 281
1753355159548 0.01853 282
1753355178297 0.01852 283
1753355196990 0.01849 284
1753355216098 0.0185 285
1753355234862 0.01851 286
1753355253661 0.0185 287
1753355273056 0.01851 288
1753355291963 0.0185 289
1753355310856 0.01853 290
1753355330002 0.01852 291
1753355348758 0.0185 292
1753355367756 0.01852 293
1753355386251 0.01851 294
1753355404730 0.01849 295
1753355423648 0.0185 296
1753355442399 0.0185 297
1753355461503 0.01851 298
1753355480212 0.01852 299
1753355498924 0.01851 300
