1753349899456 0.0010000000474974513 1
1753349918429 0.0010000000474974513 2
1753349937582 0.0010000000474974513 3
1753349956047 0.0010000000474974513 4
1753349974848 0.0010000000474974513 5
1753349993778 0.0010000000474974513 6
1753350012329 0.0010000000474974513 7
1753350030853 0.0010000000474974513 8
1753350049552 0.0010000000474974513 9
1753350068203 0.0010000000474974513 10
1753350086980 0.0010000000474974513 11
1753350105540 0.0010000000474974513 12
1753350124303 0.0010000000474974513 13
1753350143054 0.0010000000474974513 14
1753350161564 0.0010000000474974513 15
1753350180240 0.0010000000474974513 16
1753350199051 0.0010000000474974513 17
1753350217903 0.0010000000474974513 18
1753350236838 0.0010000000474974513 19
1753350255859 0.0010000000474974513 20
1753350274595 0.0010000000474974513 21
1753350293485 0.0010000000474974513 22
1753350312838 0.0010000000474974513 23
1753350331718 0.0010000000474974513 24
1753350350490 0.0010000000474974513 25
1753350369270 0.0010000000474974513 26
1753350387765 0.0010000000474974513 27
1753350406732 0.0010000000474974513 28
1753350425533 0.0010000000474974513 29
1753350444544 0.0010000000474974513 30
1753350463237 0.0010000000474974513 31
1753350481913 0.0010000000474974513 32
1753350500643 0.0010000000474974513 33
1753350519515 0.0010000000474974513 34
1753350538196 0.0010000000474974513 35
1753350556933 0.0010000000474974513 36
1753350575765 0.0010000000474974513 37
1753350594328 0.0010000000474974513 38
1753350612731 0.0010000000474974513 39
1753350631537 0.0010000000474974513 40
1753350650133 0.0010000000474974513 41
1753350668746 0.0010000000474974513 42
1753350687228 0.0010000000474974513 43
1753350705759 0.0010000000474974513 44
1753350724546 0.0010000000474974513 45
1753350743245 0.0010000000474974513 46
1753350762145 0.0010000000474974513 47
1753350780848 0.0010000000474974513 48
1753350799493 0.0010000000474974513 49
1753350818224 0.0010000000474974513 50
1753350836891 0.0010000000474974513 51
1753350855493 0.0010000000474974513 52
1753350873982 0.0010000000474974513 53
1753350892714 0.0010000000474974513 54
1753350911517 0.0010000000474974513 55
1753350930313 0.0010000000474974513 56
1753350949259 0.0010000000474974513 57
1753350968069 0.0010000000474974513 58
1753350986856 0.0010000000474974513 59
1753351005656 0.0010000000474974513 60
1753351023724 0.0010000000474974513 61
1753351042539 0.0010000000474974513 62
1753351061213 0.0010000000474974513 63
1753351079992 0.0010000000474974513 64
1753351098706 0.0010000000474974513 65
1753351117235 0.0010000000474974513 66
1753351135990 0.0010000000474974513 67
1753351154791 0.0010000000474974513 68
1753351173747 0.0010000000474974513 69
1753351192380 0.0010000000474974513 70
1753351211161 0.0010000000474974513 71
1753351229897 0.0010000000474974513 72
1753351248680 0.0010000000474974513 73
1753351267649 0.0010000000474974513 74
1753351286442 0.0010000000474974513 75
1753351305217 0.0010000000474974513 76
1753351324119 0.0010000000474974513 77
1753351342927 0.0010000000474974513 78
1753351361564 0.0010000000474974513 79
1753351380143 0.0010000000474974513 80
1753351398892 0.0010000000474974513 81
1753351417763 0.0010000000474974513 82
1753351436851 0.0010000000474974513 83
1753351456202 0.0010000000474974513 84
1753351475010 0.0010000000474974513 85
1753351494001 0.0010000000474974513 86
1753351513016 0.0010000000474974513 87
1753351531816 0.0010000000474974513 88
1753351550711 0.0010000000474974513 89
1753351569397 0.00020000000949949026 90
1753351587773 0.00020000000949949026 91
1753351606275 0.00020000000949949026 92
1753351624981 0.00020000000949949026 93
1753351643992 0.00020000000949949026 94
1753351662619 0.00020000000949949026 95
1753351681485 0.00020000000949949026 96
1753351700591 0.00020000000949949026 97
1753351719507 0.00020000000949949026 98
1753351738382 4.0000002627493814e-05 99
1753351757240 4.0000002627493814e-05 100
1753351776018 4.0000002627493814e-05 101
1753351794836 4.0000002627493814e-05 102
1753351814006 4.0000002627493814e-05 103
1753351832633 4.0000002627493814e-05 104
1753351851491 4.0000002627493814e-05 105
1753351869933 4.0000002627493814e-05 106
1753351888609 4.0000002627493814e-05 107
1753351907262 8.000000889296643e-06 108
1753351926248 8.000000889296643e-06 109
1753351944719 8.000000889296643e-06 110
1753351962947 8.000000889296643e-06 111
1753351981863 8.000000889296643e-06 112
1753352000175 8.000000889296643e-06 113
1753352018790 8.000000889296643e-06 114
1753352037766 8.000000889296643e-06 115
1753352057152 8.000000889296643e-06 116
1753352075926 1.6000001323845936e-06 117
1753352094924 1.6000001323845936e-06 118
1753352113506 1.6000001323845936e-06 119
1753352132192 1.6000001323845936e-06 120
1753352150610 1.6000001323845936e-06 121
1753352169235 1.6000001323845936e-06 122
1753352188040 1.6000001323845936e-06 123
1753352206840 1.6000001323845936e-06 124
1753352225754 1.6000001323845936e-06 125
1753352244775 9.999999974752427e-07 126
1753352264000 9.999999974752427e-07 127
1753352283293 9.999999974752427e-07 128
1753352301998 9.999999974752427e-07 129
1753352321214 9.999999974752427e-07 130
1753352340159 9.999999974752427e-07 131
1753352358920 9.999999974752427e-07 132
1753352377806 9.999999974752427e-07 133
1753352396733 9.999999974752427e-07 134
1753352415747 9.999999974752427e-07 135
1753352434371 9.999999974752427e-07 136
1753352452990 9.999999974752427e-07 137
1753352471535 9.999999974752427e-07 138
1753352490674 9.999999974752427e-07 139
1753352509412 9.999999974752427e-07 140
1753352527800 9.999999974752427e-07 141
1753352546827 9.999999974752427e-07 142
1753352566450 9.999999974752427e-07 143
1753352585029 9.999999974752427e-07 144
1753352603870 9.999999974752427e-07 145
1753352622776 9.999999974752427e-07 146
1753352641702 9.999999974752427e-07 147
1753352660616 9.999999974752427e-07 148
1753352679399 9.999999974752427e-07 149
1753352697980 9.999999974752427e-07 150
1753352716737 9.999999974752427e-07 151
1753352735597 9.999999974752427e-07 152
1753352754468 9.999999974752427e-07 153
1753352773304 9.999999974752427e-07 154
1753352791858 9.999999974752427e-07 155
1753352810509 9.999999974752427e-07 156
1753352829282 9.999999974752427e-07 157
1753352847868 9.999999974752427e-07 158
1753352866444 9.999999974752427e-07 159
1753352884826 9.999999974752427e-07 160
1753352904111 9.999999974752427e-07 161
1753352922955 9.999999974752427e-07 162
1753352941772 9.999999974752427e-07 163
1753352961186 9.999999974752427e-07 164
1753352980267 9.999999974752427e-07 165
1753352999129 9.999999974752427e-07 166
1753353017590 9.999999974752427e-07 167
1753353035866 9.999999974752427e-07 168
1753353054322 9.999999974752427e-07 169
1753353073147 9.999999974752427e-07 170
1753353091503 9.999999974752427e-07 171
1753353110443 9.999999974752427e-07 172
1753353129632 9.999999974752427e-07 173
1753353148623 9.999999974752427e-07 174
1753353167095 9.999999974752427e-07 175
1753353185533 9.999999974752427e-07 176
1753353204669 9.999999974752427e-07 177
1753353223232 9.999999974752427e-07 178
1753353242157 9.999999974752427e-07 179
1753353261172 9.999999974752427e-07 180
1753353279860 9.999999974752427e-07 181
1753353298276 9.999999974752427e-07 182
1753353316887 9.999999974752427e-07 183
1753353335701 9.999999974752427e-07 184
1753353354476 9.999999974752427e-07 185
1753353373766 9.999999974752427e-07 186
1753353392331 9.999999974752427e-07 187
1753353410854 9.999999974752427e-07 188
1753353429329 9.999999974752427e-07 189
1753353447997 9.999999974752427e-07 190
1753353466733 9.999999974752427e-07 191
1753353485674 9.999999974752427e-07 192
1753353504414 9.999999974752427e-07 193
1753353522972 9.999999974752427e-07 194
1753353541690 9.999999974752427e-07 195
1753353560425 9.999999974752427e-07 196
1753353579368 9.999999974752427e-07 197
1753353597965 9.999999974752427e-07 198
1753353616937 9.999999974752427e-07 199
1753353635575 9.999999974752427e-07 200
1753353654464 9.999999974752427e-07 201
1753353673155 9.999999974752427e-07 202
1753353691599 9.999999974752427e-07 203
1753353710031 9.999999974752427e-07 204
1753353728911 9.999999974752427e-07 205
1753353747650 9.999999974752427e-07 206
1753353766248 9.999999974752427e-07 207
1753353784685 9.999999974752427e-07 208
1753353803876 9.999999974752427e-07 209
1753353822751 9.999999974752427e-07 210
1753353841229 9.999999974752427e-07 211
1753353859640 9.999999974752427e-07 212
1753353878681 9.999999974752427e-07 213
1753353897288 9.999999974752427e-07 214
1753353915944 9.999999974752427e-07 215
1753353934590 9.999999974752427e-07 216
1753353953463 9.999999974752427e-07 217
1753353972034 9.999999974752427e-07 218
1753353990526 9.999999974752427e-07 219
1753354009245 9.999999974752427e-07 220
1753354028063 9.999999974752427e-07 221
1753354046872 9.999999974752427e-07 222
1753354065690 9.999999974752427e-07 223
1753354084736 9.999999974752427e-07 224
1753354103531 9.999999974752427e-07 225
1753354122351 9.999999974752427e-07 226
1753354141219 9.999999974752427e-07 227
1753354160129 9.999999974752427e-07 228
1753354179184 9.999999974752427e-07 229
1753354197942 9.999999974752427e-07 230
1753354216574 9.999999974752427e-07 231
1753354235335 9.999999974752427e-07 232
1753354254154 9.999999974752427e-07 233
1753354272946 9.999999974752427e-07 234
1753354291685 9.999999974752427e-07 235
1753354310644 9.999999974752427e-07 236
1753354329644 9.999999974752427e-07 237
1753354348849 9.999999974752427e-07 238
1753354367622 9.999999974752427e-07 239
1753354386743 9.999999974752427e-07 240
1753354405105 9.999999974752427e-07 241
1753354423906 9.999999974752427e-07 242
1753354442305 9.999999974752427e-07 243
1753354461050 9.999999974752427e-07 244
1753354479795 9.999999974752427e-07 245
1753354498723 9.999999974752427e-07 246
1753354517270 9.999999974752427e-07 247
1753354535736 9.999999974752427e-07 248
1753354554584 9.999999974752427e-07 249
1753354573256 9.999999974752427e-07 250
1753354591873 9.999999974752427e-07 251
1753354610704 9.999999974752427e-07 252
1753354629771 9.999999974752427e-07 253
1753354648592 9.999999974752427e-07 254
1753354667359 9.999999974752427e-07 255
1753354686326 9.999999974752427e-07 256
1753354705208 9.999999974752427e-07 257
1753354724211 9.999999974752427e-07 258
1753354743066 9.999999974752427e-07 259
1753354761971 9.999999974752427e-07 260
1753354780678 9.999999974752427e-07 261
1753354799454 9.999999974752427e-07 262
1753354818815 9.999999974752427e-07 263
1753354837369 9.999999974752427e-07 264
1753354856196 9.999999974752427e-07 265
1753354875070 9.999999974752427e-07 266
1753354893430 9.999999974752427e-07 267
1753354912544 9.999999974752427e-07 268
1753354931220 9.999999974752427e-07 269
1753354949729 9.999999974752427e-07 270
1753354968532 9.999999974752427e-07 271
1753354987218 9.999999974752427e-07 272
1753355005768 9.999999974752427e-07 273
1753355024368 9.999999974752427e-07 274
1753355043323 9.999999974752427e-07 275
1753355061642 9.999999974752427e-07 276
1753355079901 9.999999974752427e-07 277
1753355098629 9.999999974752427e-07 278
1753355117723 9.999999974752427e-07 279
1753355136294 9.999999974752427e-07 280
1753355154796 9.999999974752427e-07 281
1753355173597 9.999999974752427e-07 282
1753355192247 9.999999974752427e-07 283
1753355211349 9.999999974752427e-07 284
1753355230169 9.999999974752427e-07 285
1753355249000 9.999999974752427e-07 286
1753355268331 9.999999974752427e-07 287
1753355287312 9.999999974752427e-07 288
1753355306093 9.999999974752427e-07 289
1753355325235 9.999999974752427e-07 290
1753355343997 9.999999974752427e-07 291
1753355363001 9.999999974752427e-07 292
1753355381564 9.999999974752427e-07 293
1753355400020 9.999999974752427e-07 294
1753355419019 9.999999974752427e-07 295
1753355437643 9.999999974752427e-07 296
1753355456835 9.999999974752427e-07 297
1753355475476 9.999999974752427e-07 298
1753355494220 9.999999974752427e-07 299
1753355513038 9.999999974752427e-07 300
