1753144789536 1.0 0
1753144835601 2.0 0
1753144880792 3.0 0
1753144926262 4.0 0
1753144970837 5.0 0
1753145015982 6.0 0
1753145060792 7.0 0
1753145105509 8.0 0
1753145150111 9.0 0
1753145194190 10.0 0
1753145238802 11.0 0
1753145283143 12.0 0
1753145327328 13.0 0
1753145371681 14.0 0
1753145416201 15.0 0
1753145461076 16.0 0
1753145505686 17.0 0
1753145549726 18.0 0
1753145638878 20.0 0
1753145683164 21.0 0
1753145771863 23.0 0
1753145816135 24.0 0
1753145860042 25.0 0
1753146126117 31.0 0
1753146170356 32.0 0
1753146258346 34.0 0
1753146392012 37.0 0
1753146567974 41.0 0
1753146611996 42.0 0
1753147099551 53.0 0
