1753144758217 0.61066 1
1753144806816 0.39398 2
1753144852076 0.25441 3
1753144897122 0.16656 4
1753144942361 0.1147 5
1753144987044 0.08399 6
1753145032215 0.0638 7
1753145076745 0.05082 8
1753145121451 0.04293 9
1753145165965 0.0375 10
1753145210066 0.03362 11
1753145254693 0.03078 12
1753145298877 0.02865 13
1753145343274 0.02698 14
1753145388198 0.02566 15
1753145432505 0.0246 16
1753145476818 0.02374 17
1753145521387 0.02304 18
1753145565804 0.02245 19
1753145610127 0.02192 20
1753145654486 0.0215 21
1753145698812 0.02115 22
1753145742551 0.02085 23
1753145787724 0.02055 24
1753145831731 0.0203 25
1753145875798 0.02009 26
1753145920180 0.0199 27
1753145964204 0.01972 28
1753146008935 0.01957 29
1753146053491 0.01943 30
1753146097563 0.01931 31
1753146141915 0.0192 32
1753146186049 0.0191 33
1753146229734 0.01899 34
1753146274184 0.01891 35
1753146318417 0.01883 36
1753146363649 0.01876 37
1753146407860 0.01869 38
1753146451922 0.01864 39
1753146495666 0.01858 40
1753146539427 0.01851 41
1753146583725 0.01846 42
1753146628030 0.01842 43
1753146672249 0.01839 44
1753146716175 0.01833 45
1753146760521 0.0183 46
1753146805093 0.01827 47
1753146850016 0.01824 48
1753146894022 0.0182 49
1753146938104 0.01818 50
1753146982702 0.01813 51
1753147026564 0.01811 52
1753147071194 0.01809 53
1753147115092 0.01807 54
1753147159350 0.01805 55
1753147203696 0.01802 56
1753147247778 0.01801 57
1753147292416 0.01798 58
1753147336439 0.01797 59
1753147380431 0.01795 60
1753147424511 0.01793 61
1753147468490 0.01791 62
1753147512402 0.0179 63
1753147556550 0.01789 64
1753147600385 0.01787 65
1753147644267 0.01786 66
1753147688409 0.01784 67
1753147732551 0.01784 68
1753147777451 0.01782 69
1753147821851 0.01781 70
1753147866020 0.01781 71
1753147910109 0.01779 72
1753147953924 0.01778 73
1753147998117 0.01777 74
1753148042375 0.01774 75
1753148086726 0.01775 76
1753148130851 0.01774 77
1753148174739 0.01772 78
1753148218616 0.01772 79
1753148262348 0.01771 80
1753148306917 0.0177 81
1753148351235 0.0177 82
1753148395946 0.01768 83
1753148440501 0.01768 84
1753148484591 0.01766 85
1753148528581 0.01765 86
1753148573954 0.01765 87
1753148617844 0.01764 88
1753148662653 0.01764 89
1753148707069 0.01763 90
1753148751059 0.01762 91
1753148794839 0.01762 92
1753148838624 0.01762 93
1753148882364 0.01761 94
1753148926234 0.01759 95
1753148970690 0.01759 96
1753149015628 0.01758 97
1753149060997 0.01758 98
1753149105344 0.01757 99
1753149149365 0.01759 100
1753149193131 0.01757 101
1753149237443 0.01757 102
1753149281167 0.01756 103
1753149325269 0.01755 104
1753149369471 0.01755 105
1753149413725 0.01755 106
1753149459071 0.01753 107
1753149502965 0.01753 108
1753149546831 0.01752 109
1753149590786 0.01752 110
1753149635162 0.01752 111
1753149679247 0.01751 112
1753149723289 0.0175 113
1753149767965 0.0175 114
1753149811787 0.01749 115
1753149855904 0.01749 116
1753149899513 0.01748 117
1753149943531 0.01748 118
1753149987511 0.01748 119
1753150032091 0.01748 120
1753150076406 0.01748 121
1753150120762 0.01748 122
1753150164915 0.01746 123
1753150209484 0.01746 124
1753150253568 0.01745 125
1753150297433 0.01745 126
1753150341958 0.01745 127
1753150385767 0.01744 128
1753150429746 0.01744 129
1753150473855 0.01745 130
1753150517842 0.01744 131
1753150561978 0.01742 132
1753150606042 0.01743 133
1753150650353 0.01742 134
1753150694473 0.01742 135
1753150738475 0.01741 136
1753150783095 0.01741 137
1753150827527 0.01741 138
1753150871539 0.01741 139
1753150915427 0.0174 140
1753150959749 0.0174 141
1753151004053 0.01739 142
1753151048040 0.01739 143
1753151092475 0.01739 144
1753151137069 0.01739 145
1753151181185 0.01738 146
1753151225280 0.01738 147
1753151269313 0.01738 148
1753151313188 0.01737 149
1753151357923 0.01737 150
1753151402277 0.01737 151
1753151446478 0.01737 152
1753151490744 0.01736 153
1753151534687 0.01735 154
1753151578503 0.01735 155
1753151622078 0.01734 156
1753151666354 0.01736 157
1753151711046 0.01734 158
1753151755280 0.01735 159
1753151799537 0.01735 160
1753151843359 0.01734 161
1753151887304 0.01734 162
1753151931508 0.01734 163
1753151975923 0.01733 164
1753152020534 0.01735 165
1753152064361 0.01732 166
1753152108504 0.01732 167
1753152152235 0.01731 168
1753152196541 0.01732 169
1753152240727 0.01732 170
1753152284980 0.01732 171
1753152328889 0.01732 172
1753152373192 0.01731 173
1753152416743 0.01731 174
1753152461050 0.0173 175
1753152505049 0.0173 176
1753152549270 0.0173 177
1753152593712 0.01729 178
1753152637578 0.0173 179
1753152681481 0.01729 180
1753152725556 0.01728 181
1753152770129 0.01729 182
1753152814057 0.01729 183
1753152858438 0.01727 184
1753152902833 0.01729 185
1753152946711 0.01728 186
1753152990789 0.01728 187
1753153034685 0.01728 188
1753153078580 0.01727 189
1753153122511 0.01727 190
1753153167357 0.01727 191
1753153211865 0.01726 192
1753153256092 0.01726 193
1753153299770 0.01726 194
1753153343908 0.01726 195
1753153387995 0.01726 196
1753153432634 0.01726 197
1753153477423 0.01725 198
1753153521293 0.01726 199
1753153565433 0.01725 200
1753153609492 0.01724 201
1753153653222 0.01726 202
1753153697451 0.01724 203
1753153741626 0.01724 204
1753153786056 0.01724 205
1753153831015 0.01724 206
1753153875265 0.01724 207
1753153919933 0.01724 208
1753153964305 0.01723 209
1753154008119 0.01723 210
1753154052090 0.01723 211
1753154095958 0.01724 212
1753154139920 0.01723 213
1753154184198 0.01722 214
1753154228888 0.01722 215
1753154272997 0.01722 216
1753154316838 0.01722 217
1753154360774 0.01722 218
1753154405089 0.01722 219
1753154449106 0.01721 220
1753154493018 0.01721 221
1753154537845 0.01721 222
1753154582415 0.01719 223
1753154626654 0.01721 224
1753154670312 0.0172 225
1753154714549 0.0172 226
1753154758671 0.0172 227
1753154803922 0.01721 228
1753154848610 0.01719 229
1753154892811 0.0172 230
1753154937466 0.01719 231
1753154982217 0.01718 232
1753155025902 0.0172 233
1753155070217 0.01719 234
1753155114280 0.01718 235
1753155158687 0.01719 236
1753155203269 0.01718 237
1753155247399 0.01717 238
1753155291415 0.01718 239
1753155335586 0.01718 240
1753155379525 0.01717 241
1753155423701 0.01716 242
1753155468194 0.01718 243
1753155512146 0.01717 244
1753155556543 0.01717 245
1753155600701 0.01717 246
1753155644748 0.01716 247
1753155688619 0.01717 248
1753155732979 0.01717 249
1753155777197 0.01717 250
1753155821080 0.01716 251
1753155865680 0.01716 252
1753155909314 0.01716 253
1753155953040 0.01716 254
1753155997565 0.01716 255
1753156041450 0.01715 256
1753156085226 0.01715 257
1753156130355 0.01716 258
1753156175037 0.01715 259
1753156219236 0.01715 260
1753156263277 0.01715 261
1753156307260 0.01715 262
1753156351196 0.01715 263
1753156395804 0.01714 264
1753156439757 0.01715 265
1753156485653 0.01714 266
1753156529640 0.01714 267
1753156573612 0.01714 268
1753156617683 0.01715 269
1753156661741 0.01713 270
1753156705624 0.01714 271
1753156750084 0.01713 272
1753156794782 0.01713 273
1753156839017 0.01713 274
1753156883686 0.01713 275
1753156927711 0.01714 276
1753156971820 0.01712 277
1753157015670 0.01713 278
1753157059601 0.01713 279
1753157103388 0.01712 280
1753157147303 0.01712 281
1753157191791 0.01712 282
1753157235841 0.01713 283
1753157279731 0.01712 284
1753157323925 0.01712 285
1753157368158 0.01712 286
1753157412503 0.01712 287
1753157456526 0.01711 288
1753157500562 0.01713 289
1753157544337 0.01711 290
1753157588225 0.01711 291
1753157632347 0.01711 292
1753157676144 0.0171 293
1753157720174 0.01711 294
1753157763876 0.0171 295
1753157808037 0.01709 296
1753157852260 0.01711 297
1753157896624 0.01711 298
1753157940676 0.0171 299
1753157985222 0.01709 300
