1751931264863 1.0 0
1751932754936 2.0 0
1751934240037 3.0 0
1751935724125 4.0 0
1751937203702 5.0 0
1751938686175 6.0 0
1751940164554 7.0 0
1751941662943 8.0 0
1751943152054 9.0 0
1751944633935 10.0 0
1751946103181 11.0 0
1751947581045 12.0 0
1751949059563 13.0 0
1751950534117 14.0 0
1751952015317 15.0 0
1751953503686 16.0 0
1751954986194 17.0 0
1751956459126 18.0 0
1751957932622 19.0 0
1751960886235 21.0 0
1751965303023 24.0 0
1751966780121 25.0 0
1751969730045 27.0 0
1751980056992 34.0 0
1751981532632 35.0 0
1751984511212 37.0 0
1751985993781 38.0 0
1751991994277 42.0 0
1751999457556 47.0 0
1752002421110 49.0 0
1752012831267 56.0 0
1752020252991 61.0 0
