1751930363114 0.1482 1
1751932407452 0.03182 2
1751933893988 0.02283 3
1751935377154 0.02051 4
1751936857153 0.01956 5
1751938338947 0.01906 6
1751939821333 0.01877 7
1751941306399 0.01858 8
1751942806504 0.01843 9
1751944286212 0.01833 10
1751945761156 0.01826 11
1751947234369 0.0182 12
1751948711381 0.01814 13
1751950189815 0.01808 14
1751951665259 0.01805 15
1751953160222 0.01803 16
1751954638225 0.01799 17
1751956116146 0.01796 18
1751957587276 0.01792 19
1751959066228 0.01791 20
1751960541767 0.01787 21
1751962017309 0.01786 22
1751963485144 0.01785 23
1751964959906 0.01782 24
1751966434281 0.0178 25
1751967910383 0.01777 26
1751969384884 0.01778 27
1751970858100 0.01776 28
1751972330993 0.01775 29
1751973803181 0.01772 30
1751975275413 0.01772 31
1751976746167 0.01771 32
1751978225674 0.01769 33
1751979712477 0.01769 34
1751981187780 0.01767 35
1751982677668 0.01766 36
1751984165082 0.01764 37
1751985647894 0.01765 38
1751987138690 0.01763 39
1751988650579 0.01761 40
1751990139128 0.0176 41
1751991645140 0.0176 42
1751993137063 0.01759 43
1751994625736 0.01759 44
1751996117819 0.01758 45
1751997618304 0.01757 46
1751999112088 0.01756 47
1752000591289 0.01755 48
1752002069587 0.01754 49
1752003565187 0.01753 50
1752005042546 0.01753 51
1752006537997 0.01752 52
1752008020551 0.01751 53
1752009503402 0.01751 54
1752010982386 0.0175 55
1752012478189 0.0175 56
1752013962945 0.01749 57
1752015443610 0.01747 58
1752016935713 0.01747 59
1752018428643 0.01747 60
1752019908806 0.01746 61
1752021379794 0.01745 62
1752022849662 0.01745 63
1752024326949 0.01745 64
1752025800217 0.01744 65
1752027270094 0.01743 66
1752028755127 0.01743 67
1752030238389 0.01743 68
1752031710082 0.01742 69
1752033189213 0.01741 70
1752034666006 0.01741 71
