1753272649591 1.0 0
1753272674713 2.0 0
1753272698805 3.0 0
1753272722383 4.0 0
1753272746326 5.0 0
1753272770866 6.0 0
1753272794456 7.0 0
1753272819451 8.0 0
1753272843753 9.0 0
1753272867758 10.0 0
1753272892270 11.0 0
1753272916312 12.0 0
1753272940460 13.0 0
1753272964825 14.0 0
1753272988740 15.0 0
1753273012916 16.0 0
1753273037315 17.0 0
1753273061339 18.0 0
1753273085130 19.0 0
1753273109406 20.0 0
1753273133590 21.0 0
1753273157605 22.0 0
1753273181711 23.0 0
1753273205493 24.0 0
1753273229850 25.0 0
1753273254034 26.0 0
1753273278179 27.0 0
1753273302378 28.0 0
1753273350215 30.0 0
1753273374474 31.0 0
1753273445967 34.0 0
1753273469847 35.0 0
1753273494047 36.0 0
1753273541562 38.0 0
1753273831232 50.0 0
