1753272635257 0.60345 1
1753272659573 0.44393 2
1753272684728 0.33881 3
1753272708731 0.25403 4
1753272732280 0.19097 5
1753272756317 0.1461 6
1753272780782 0.11525 7
1753272804747 0.0924 8
1753272829406 0.07632 9
1753272853717 0.06464 10
1753272877636 0.05597 11
1753272902192 0.04937 12
1753272926179 0.04429 13
1753272950465 0.0403 14
1753272974714 0.0371 15
1753272998706 0.03456 16
1753273022885 0.03243 17
1753273047311 0.0307 18
1753273071205 0.02929 19
1753273095067 0.02806 20
1753273119278 0.02695 21
1753273143529 0.02606 22
1753273167494 0.02528 23
1753273191625 0.02464 24
1753273215371 0.02403 25
1753273239770 0.02347 26
1753273264018 0.02303 27
1753273288049 0.02262 28
1753273312237 0.02222 29
1753273336152 0.02195 30
1753273360202 0.0217 31
1753273384388 0.02137 32
1753273408444 0.02118 33
1753273432233 0.02097 34
1753273455860 0.02103 35
1753273479704 0.02059 36
1753273503988 0.02039 37
1753273527720 0.02017 38
1753273551560 0.02009 39
1753273575568 0.02008 40
1753273599588 0.01987 41
1753273623935 0.01971 42
1753273647823 0.0196 43
1753273671928 0.0195 44
1753273695958 0.01965 45
1753273720163 0.01935 46
1753273744436 0.01929 47
1753273768083 0.01921 48
1753273792387 0.0191 49
1753273816918 0.01907 50
1753273841199 0.01909 51
1753273865131 0.01901 52
1753273889267 0.01903 53
1753273913698 0.01885 54
1753273937373 0.01879 55
1753273961339 0.01884 56
1753273985289 0.01869 57
1753274009531 0.01867 58
1753274034176 0.01866 59
1753274058512 0.01853 60
1753274082677 0.01852 61
1753274106986 0.01849 62
1753274131277 0.01843 63
1753274155277 0.01849 64
1753274179323 0.0184 65
1753274203772 0.01871 66
1753274228062 0.01837 67
1753274251940 0.01834 68
1753274276187 0.01828 69
1753274300300 0.01835 70
1753274324690 0.0182 71
1753274349269 0.01825 72
1753274373380 0.01815 73
1753274397571 0.01815 74
1753274421684 0.01823 75
1753274445763 0.01826 76
1753274469706 0.0182 77
1753274494203 0.01811 78
1753274518380 0.01803 79
1753274542766 0.01802 80
1753274566996 0.01807 81
1753274591684 0.018 82
1753274615588 0.018 83
1753274639861 0.01808 84
1753274664141 0.01814 85
1753274688508 0.01796 86
1753274713045 0.01792 87
1753274736961 0.01795 88
1753274761033 0.01792 89
1753274785383 0.018 90
1753274810086 0.01789 91
1753274834103 0.01785 92
1753274858467 0.01784 93
1753274882503 0.01785 94
1753274906848 0.01789 95
1753274930619 0.01787 96
1753274954994 0.01786 97
1753274979062 0.01783 98
1753275002647 0.01786 99
1753275026977 0.01779 100
1753275050946 0.01773 101
1753275074803 0.01775 102
1753275099112 0.01776 103
1753275123128 0.01779 104
1753275147337 0.01777 105
1753275171411 0.01775 106
1753275195408 0.01775 107
1753275219467 0.01773 108
1753275243826 0.01774 109
1753275268096 0.0177 110
1753275292397 0.01776 111
1753275316548 0.01776 112
1753275340249 0.01766 113
1753275364157 0.01781 114
1753275388235 0.01774 115
1753275412416 0.01762 116
1753275436964 0.01765 117
1753275461374 0.01761 118
1753275485348 0.0176 119
1753275509439 0.01771 120
1753275533679 0.01766 121
1753275558055 0.01756 122
1753275582465 0.01756 123
1753275607012 0.01761 124
1753275631331 0.01764 125
1753275655667 0.01755 126
1753275679613 0.01758 127
1753275703633 0.0176 128
1753275727672 0.01752 129
1753275752200 0.01749 130
1753275776288 0.01751 131
1753275800271 0.01755 132
1753275824809 0.0175 133
1753275849334 0.0175 134
1753275873609 0.01748 135
1753275897275 0.01745 136
1753275921000 0.01744 137
1753275945070 0.01746 138
1753275969365 0.01749 139
1753275993321 0.01747 140
1753276017770 0.01745 141
1753276041816 0.01747 142
1753276066471 0.01744 143
1753276090417 0.01744 144
1753276114427 0.01747 145
1753276138593 0.01742 146
1753276162753 0.0174 147
1753276187049 0.01741 148
1753276211361 0.01745 149
1753276235748 0.01737 150
1753276259630 0.01755 151
1753276283815 0.01743 152
1753276308438 0.01739 153
1753276332631 0.01741 154
1753276357074 0.01735 155
1753276380895 0.01734 156
1753276404979 0.01736 157
1753276429458 0.01735 158
1753276453529 0.01734 159
1753276477871 0.01744 160
1753276501980 0.01737 161
1753276526156 0.01737 162
1753276550302 0.01729 163
1753276574503 0.01731 164
1753276598543 0.01727 165
1753276623015 0.01741 166
1753276647359 0.0174 167
1753276671480 0.01748 168
1753276695365 0.01733 169
1753276719632 0.01732 170
1753276743824 0.01735 171
1753276767872 0.01725 172
1753276792119 0.01731 173
1753276816157 0.01729 174
1753276840230 0.01724 175
1753276864740 0.01725 176
1753276889397 0.01723 177
1753276913740 0.0174 178
1753276938519 0.01742 179
1753276962749 0.0173 180
1753276986983 0.01727 181
1753277011199 0.01742 182
1753277035566 0.0173 183
1753277059643 0.01726 184
1753277083767 0.01719 185
1753277107733 0.0172 186
1753277131860 0.0172 187
1753277155727 0.01715 188
1753277179743 0.01717 189
1753277203951 0.01721 190
1753277228312 0.01718 191
1753277252637 0.01718 192
1753277276628 0.01734 193
1753277300866 0.01718 194
1753277325361 0.01719 195
1753277349492 0.01723 196
1753277373471 0.01725 197
1753277397646 0.01716 198
1753277421728 0.0172 199
1753277446122 0.01717 200
1753277470178 0.01712 201
1753277494727 0.01732 202
1753277519465 0.01735 203
1753277543144 0.01731 204
1753277567507 0.01726 205
1753277591858 0.01716 206
1753277616015 0.01728 207
1753277639848 0.01711 208
1753277664000 0.0172 209
1753277687931 0.01711 210
1753277711805 0.01713 211
1753277735989 0.01713 212
1753277759915 0.01708 213
1753277784232 0.01747 214
1753277808451 0.01726 215
1753277832121 0.01711 216
1753277856391 0.01707 217
1753277880430 0.01704 218
1753277904999 0.0171 219
1753277929096 0.01709 220
1753277953576 0.01711 221
1753277977698 0.01709 222
1753278001500 0.0171 223
1753278025532 0.01728 224
1753278049567 0.0171 225
1753278074147 0.01707 226
1753278098269 0.01706 227
1753278122327 0.01706 228
1753278146491 0.01715 229
1753278170541 0.01729 230
1753278194432 0.01706 231
1753278218591 0.01701 232
1753278242958 0.01705 233
1753278267048 0.01707 234
1753278291239 0.01706 235
1753278316096 0.01707 236
1753278339971 0.01703 237
1753278364003 0.017 238
1753278388243 0.01704 239
1753278412348 0.01703 240
1753278436380 0.01707 241
1753278460207 0.01701 242
1753278484445 0.01702 243
1753278509131 0.01697 244
1753278533378 0.01698 245
1753278557053 0.01706 246
1753278581035 0.01705 247
1753278604854 0.01697 248
1753278628645 0.01698 249
1753278652751 0.017 250
1753278677032 0.01698 251
1753278701205 0.01697 252
1753278724921 0.01697 253
1753278748793 0.01715 254
1753278773273 0.01701 255
1753278797725 0.01701 256
1753278822036 0.01697 257
1753278846604 0.01695 258
1753278870567 0.01696 259
1753278894817 0.01706 260
1753278919232 0.01699 261
1753278943403 0.017 262
1753278967543 0.01695 263
1753278991681 0.01699 264
1753279016071 0.01697 265
1753279040170 0.01702 266
1753279064585 0.01693 267
1753279088816 0.01695 268
1753279113294 0.01695 269
1753279137581 0.01701 270
1753279161800 0.01692 271
1753279185840 0.01695 272
1753279210005 0.0172 273
1753279234132 0.01694 274
1753279258093 0.01692 275
1753279282472 0.01689 276
1753279307016 0.01694 277
1753279331333 0.01696 278
1753279355781 0.01699 279
1753279380388 0.01701 280
1753279404839 0.01695 281
1753279428380 0.01693 282
1753279452718 0.017 283
1753279476988 0.01692 284
1753279501544 0.0169 285
1753279525446 0.01713 286
1753279549466 0.01691 287
1753279574009 0.01694 288
1753279598151 0.017 289
1753279622627 0.01693 290
1753279647109 0.01718 291
1753279670974 0.01695 292
1753279694677 0.01693 293
1753279718967 0.01688 294
1753279743190 0.01692 295
1753279767691 0.01691 296
1753279792098 0.0169 297
1753279816343 0.01688 298
1753279840972 0.01689 299
1753279865752 0.01701 300
