1753235485765 1.0 0
1753235503362 2.0 0
1753235520963 3.0 0
1753235538974 4.0 0
1753235556517 5.0 0
1753235574010 6.0 0
1753235592014 7.0 0
1753235609672 8.0 0
1753235627138 9.0 0
1753235644766 10.0 0
1753235662401 11.0 0
1753235679988 12.0 0
1753235697700 13.0 0
1753235715069 14.0 0
1753235732657 15.0 0
1753235750359 16.0 0
1753235767769 17.0 0
1753235785575 18.0 0
1753235803455 19.0 0
1753235820998 20.0 0
1753235838691 21.0 0
1753235856084 22.0 0
1753235873766 23.0 0
1753235891239 24.0 0
1753235908549 25.0 0
1753235926604 26.0 0
1753235944044 27.0 0
1753235961203 28.0 0
1753235979002 29.0 0
1753235996290 30.0 0
1753236013620 31.0 0
1753236031099 32.0 0
1753236048511 33.0 0
1753236066598 34.0 0
1753236102144 36.0 0
1753236119798 37.0 0
1753236154575 39.0 0
1753236172235 40.0 0
1753236190172 41.0 0
1753236208294 42.0 0
1753236226261 43.0 0
1753236244168 44.0 0
1753236261482 45.0 0
1753236297199 47.0 0
1753236315318 48.0 0
1753236333299 49.0 0
1753236351834 50.0 0
1753236405537 53.0 0
1753236423168 54.0 0
1753236494062 58.0 0
1753236582895 63.0 0
1753236687454 69.0 0
1753236704963 70.0 0
1753236722303 71.0 0
1753236757435 73.0 0
1753237035593 89.0 0
