1753235471401 0.48129 1
1753235489233 0.39527 2
1753235506728 0.33754 3
1753235524336 0.29057 4
1753235542302 0.25686 5
1753235559778 0.22857 6
1753235577346 0.20361 7
1753235595308 0.18157 8
1753235612987 0.1623 9
1753235630542 0.1452 10
1753235648048 0.13048 11
1753235665683 0.11774 12
1753235683281 0.10661 13
1753235700982 0.09703 14
1753235718345 0.08861 15
1753235736018 0.08136 16
1753235753696 0.07495 17
1753235771074 0.06944 18
1753235788878 0.06469 19
1753235806740 0.06044 20
1753235824269 0.05679 21
1753235842030 0.05347 22
1753235859387 0.05049 23
1753235877056 0.04786 24
1753235894514 0.04557 25
1753235911854 0.04354 26
1753235929861 0.04169 27
1753235947332 0.04 28
1753235964591 0.03853 29
1753235982377 0.03708 30
1753235999569 0.03576 31
1753236016882 0.03415 32
1753236034394 0.03306 33
1753236051808 0.03213 34
1753236069931 0.03132 35
1753236087895 0.03054 36
1753236105408 0.02984 37
1753236123126 0.02922 38
1753236140499 0.02863 39
1753236157825 0.02814 40
1753236175583 0.02768 41
1753236193461 0.02721 42
1753236211591 0.02669 43
1753236229526 0.02631 44
1753236247495 0.02597 45
1753236264775 0.02555 46
1753236282316 0.02523 47
1753236300535 0.02492 48
1753236318617 0.02464 49
1753236336659 0.02438 50
1753236355116 0.0241 51
1753236373501 0.02385 52
1753236390966 0.02365 53
1753236408917 0.0234 54
1753236426468 0.02321 55
1753236443928 0.02297 56
1753236461710 0.02282 57
1753236479747 0.02267 58
1753236497410 0.02249 59
1753236514497 0.02232 60
1753236532462 0.02215 61
1753236550547 0.02198 62
1753236568643 0.02181 63
1753236586170 0.02165 64
1753236603405 0.02154 65
1753236620705 0.02138 66
1753236638240 0.02131 67
1753236655653 0.02117 68
1753236673203 0.02106 69
1753236690738 0.02093 70
1753236708225 0.02082 71
1753236725597 0.02074 72
1753236743231 0.02064 73
1753236760650 0.02055 74
1753236778067 0.02046 75
1753236795663 0.02039 76
1753236813729 0.02026 77
1753236831229 0.02019 78
1753236847995 0.02012 79
1753236865135 0.02014 80
1753236882833 0.02001 81
1753236899951 0.01995 82
1753236917150 0.01988 83
1753236934603 0.01982 84
1753236952285 0.01973 85
1753236969634 0.01965 86
1753236986829 0.01959 87
1753237004541 0.01957 88
1753237021599 0.01952 89
1753237038818 0.01947 90
1753237056672 0.01946 91
1753237074021 0.01938 92
1753237091477 0.01935 93
1753237109026 0.01924 94
1753237126563 0.01924 95
1753237144426 0.01923 96
1753237161761 0.0192 97
1753237179560 0.01914 98
1753237197094 0.01906 99
1753237214806 0.01901 100
1753237232282 0.019 101
1753237249427 0.01893 102
1753237267423 0.0189 103
1753237284471 0.01889 104
1753237302115 0.01884 105
1753237319403 0.01877 106
1753237337149 0.01873 107
1753237355217 0.01874 108
1753237373057 0.01872 109
1753237390756 0.01872 110
1753237408342 0.01862 111
1753237426080 0.01862 112
1753237443317 0.01859 113
1753237460706 0.01858 114
1753237478294 0.01852 115
1753237495408 0.0185 116
1753237512917 0.0185 117
1753237530014 0.01844 118
1753237546970 0.0184 119
1753237564220 0.01843 120
1753237581679 0.01832 121
1753237599197 0.01831 122
1753237616883 0.01831 123
1753237633978 0.01827 124
1753237651237 0.01826 125
1753237668462 0.01822 126
1753237686345 0.01824 127
1753237703555 0.01818 128
1753237721108 0.0182 129
1753237738908 0.01814 130
1753237756196 0.01814 131
1753237773965 0.01815 132
1753237791697 0.01807 133
1753237809328 0.01804 134
1753237826654 0.01809 135
1753237844412 0.01802 136
1753237861979 0.01804 137
1753237879054 0.01805 138
1753237896293 0.01797 139
1753237914001 0.01792 140
1753237932179 0.01793 141
1753237949511 0.0179 142
1753237966608 0.01788 143
1753237983927 0.01787 144
1753238001373 0.01785 145
1753238018775 0.01781 146
1753238036655 0.01783 147
1753238054335 0.0178 148
1753238072132 0.01779 149
1753238089617 0.01777 150
1753238107090 0.01779 151
1753238124189 0.01778 152
1753238141907 0.01775 153
1753238159291 0.01771 154
1753238176918 0.01771 155
1753238194628 0.01768 156
1753238212268 0.0177 157
1753238229511 0.01764 158
1753238247481 0.01766 159
1753238265347 0.01765 160
1753238282919 0.01765 161
1753238300113 0.01763 162
1753238317211 0.01759 163
1753238334848 0.01757 164
1753238352326 0.01764 165
1753238370066 0.01755 166
1753238387706 0.01754 167
1753238405170 0.01753 168
1753238422668 0.01752 169
1753238440072 0.0175 170
1753238457198 0.01748 171
1753238475237 0.01745 172
1753238492798 0.01749 173
1753238510755 0.01747 174
1753238527813 0.01748 175
1753238545362 0.01741 176
1753238562725 0.01743 177
1753238580325 0.01744 178
1753238597713 0.01743 179
1753238614800 0.01738 180
1753238632270 0.01737 181
1753238649901 0.01738 182
1753238667225 0.01738 183
1753238684820 0.01739 184
1753238702445 0.01734 185
1753238719722 0.01733 186
1753238736796 0.01731 187
1753238754275 0.01734 188
1753238771889 0.01729 189
1753238789339 0.01729 190
1753238806573 0.01729 191
1753238823872 0.01732 192
1753238841092 0.01727 193
1753238858472 0.01726 194
1753238876091 0.01726 195
1753238893851 0.01723 196
1753238911412 0.01726 197
1753238928715 0.01724 198
1753238946196 0.01722 199
1753238963720 0.01723 200
1753238981052 0.0172 201
1753238998475 0.01722 202
1753239016104 0.0172 203
1753239033210 0.01717 204
1753239050736 0.01711 205
1753239068494 0.01712 206
1753239086151 0.01713 207
1753239103902 0.01717 208
1753239121887 0.01711 209
1753239138652 0.01717 210
1753239156018 0.01711 211
1753239173559 0.01716 212
1753239191117 0.01714 213
1753239208650 0.0171 214
1753239226400 0.01712 215
1753239244145 0.01712 216
1753239261675 0.01711 217
1753239279086 0.01706 218
1753239297028 0.01709 219
1753239314650 0.01702 220
1753239331916 0.01705 221
1753239349264 0.01704 222
1753239367276 0.01703 223
1753239384976 0.01702 224
1753239402623 0.01699 225
1753239420161 0.01704 226
1753239438048 0.01703 227
1753239455139 0.01697 228
1753239472062 0.01702 229
1753239489963 0.01699 230
1753239507426 0.01698 231
1753239524655 0.01701 232
1753239542240 0.01696 233
1753239559883 0.01701 234
1753239577817 0.01702 235
1753239595531 0.01697 236
1753239613335 0.01697 237
1753239630566 0.01699 238
1753239648008 0.01699 239
1753239665595 0.01697 240
1753239682774 0.0169 241
1753239700620 0.01692 242
1753239717975 0.01692 243
1753239735765 0.01691 244
1753239753764 0.01693 245
1753239771547 0.01689 246
1753239789340 0.01694 247
1753239807175 0.0169 248
1753239824828 0.01694 249
1753239842532 0.01696 250
1753239859797 0.01692 251
1753239877852 0.01686 252
1753239895641 0.01688 253
1753239913008 0.01693 254
1753239930736 0.01688 255
1753239948134 0.01684 256
1753239965493 0.01686 257
1753239982584 0.01687 258
1753239999884 0.01686 259
1753240017171 0.01683 260
1753240034843 0.01684 261
1753240052112 0.01689 262
1753240069346 0.01689 263
1753240087107 0.01683 264
1753240104798 0.01682 265
1753240122362 0.0168 266
1753240140208 0.0168 267
1753240157738 0.01683 268
1753240175316 0.01681 269
1753240192496 0.01686 270
1753240210420 0.01687 271
1753240228193 0.01682 272
1753240245529 0.01681 273
1753240263377 0.01685 274
1753240280395 0.0168 275
1753240297707 0.01678 276
1753240315758 0.01678 277
1753240333073 0.01675 278
1753240351054 0.01673 279
1753240368721 0.0168 280
1753240386342 0.01674 281
1753240403466 0.01679 282
1753240420905 0.01678 283
1753240437845 0.01676 284
1753240455258 0.01681 285
1753240472779 0.01679 286
1753240490358 0.01679 287
1753240507863 0.01678 288
1753240525603 0.01677 289
1753240543111 0.01673 290
1753240560519 0.01673 291
1753240577410 0.01672 292
1753240595400 0.01672 293
1753240612886 0.01671 294
1753240630318 0.01672 295
1753240647614 0.01669 296
1753240665485 0.01673 297
1753240683271 0.01673 298
1753240700498 0.01669 299
1753240718280 0.01674 300
