1753250171831 1.0 0
1753250202697 2.0 0
1753250233466 3.0 0
1753250264662 4.0 0
1753250295207 5.0 0
1753250325013 6.0 0
1753250355916 7.0 0
1753250386204 8.0 0
1753250417421 9.0 0
1753250448518 10.0 0
1753250479874 11.0 0
1753250510186 12.0 0
1753250540989 13.0 0
1753250571169 14.0 0
1753250602464 15.0 0
1753250632603 16.0 0
1753250663244 17.0 0
1753250694203 18.0 0
1753250724691 19.0 0
1753250754860 20.0 0
1753250785766 21.0 0
1753250816113 22.0 0
1753250846542 23.0 0
1753250877239 24.0 0
1753250907674 25.0 0
1753250938855 26.0 0
1753250969827 27.0 0
1753251000993 28.0 0
1753251063714 30.0 0
1753251187738 34.0 0
1753251281492 37.0 0
1753251312315 38.0 0
1753251375597 40.0 0
1753251530625 45.0 0
