1753250153466 0.44886 1
1753250184608 0.32446 2
1753250215503 0.26238 3
1753250246132 0.21822 4
1753250277366 0.18148 5
1753250307946 0.1514 6
1753250337767 0.12719 7
1753250368674 0.10784 8
1753250398810 0.09256 9
1753250430129 0.08025 10
1753250461140 0.07 11
1753250492506 0.06093 12
1753250522830 0.05441 13
1753250553634 0.04927 14
1753250583890 0.04506 15
1753250615069 0.04156 16
1753250645319 0.03875 17
1753250675986 0.03637 18
1753250706797 0.03428 19
1753250737279 0.0326 20
1753250767483 0.03119 21
1753250798500 0.02984 22
1753250828707 0.02876 23
1753250859324 0.02783 24
1753250890142 0.027 25
1753250920958 0.02629 26
1753250951953 0.0256 27
1753250982721 0.02504 28
1753251014062 0.02453 29
1753251045469 0.02408 30
1753251076769 0.02371 31
1753251107726 0.02328 32
1753251139212 0.02299 33
1753251170109 0.02266 34
1753251200860 0.02232 35
1753251232122 0.02211 36
1753251263198 0.02189 37
1753251294582 0.02166 38
1753251325317 0.02145 39
1753251357369 0.02127 40
1753251388712 0.02112 41
1753251420324 0.02095 42
1753251450727 0.02078 43
1753251482425 0.02066 44
1753251513890 0.02049 45
1753251543812 0.02044 46
1753251575203 0.02025 47
1753251606315 0.02012 48
1753251637122 0.02011 49
1753251667668 0.02001 50
1753251698138 0.01989 51
1753251728803 0.0198 52
1753251759282 0.0197 53
1753251790113 0.01966 54
1753251821386 0.01957 55
1753251851644 0.0195 56
1753251882962 0.01942 57
1753251913470 0.01936 58
1753251943925 0.01931 59
1753251974777 0.01917 60
1753252005247 0.01914 61
1753252035909 0.01911 62
1753252066919 0.01903 63
1753252097379 0.01901 64
1753252128184 0.01895 65
1753252158816 0.01886 66
1753252189483 0.01883 67
1753252220511 0.01884 68
1753252251557 0.01882 69
1753252282002 0.01876 70
1753252312456 0.01871 71
1753252342978 0.01864 72
1753252373833 0.01858 73
1753252404146 0.01855 74
1753252435417 0.01856 75
1753252465989 0.01851 76
1753252496359 0.01849 77
1753252526744 0.01843 78
1753252557021 0.01843 79
1753252587841 0.01838 80
1753252618540 0.01835 81
1753252648772 0.01834 82
1753252679633 0.01834 83
1753252711044 0.01827 84
1753252742223 0.01826 85
1753252773085 0.01822 86
1753252804224 0.01821 87
1753252834172 0.01811 88
1753252864622 0.01815 89
1753252895804 0.01816 90
1753252926296 0.01804 91
1753252957551 0.01804 92
1753252988122 0.01804 93
1753253018548 0.01799 94
1753253048900 0.01796 95
1753253079461 0.01793 96
1753253109764 0.01794 97
1753253140389 0.01793 98
1753253171104 0.01791 99
1753253201739 0.0179 100
1753253232860 0.01783 101
1753253263457 0.01789 102
1753253293817 0.01781 103
1753253324670 0.01779 104
1753253355841 0.01779 105
1753253386266 0.01776 106
1753253416997 0.01774 107
1753253448064 0.01774 108
1753253478446 0.01774 109
1753253508856 0.01771 110
1753253539195 0.0177 111
1753253570533 0.01767 112
1753253600898 0.01771 113
1753253631252 0.01763 114
1753253662707 0.01767 115
1753253692850 0.01765 116
1753253723870 0.01763 117
1753253754771 0.0176 118
1753253785161 0.0176 119
1753253816226 0.01751 120
1753253846414 0.01756 121
1753253876782 0.01751 122
1753253907847 0.01749 123
1753253938033 0.01752 124
1753253968362 0.01742 125
1753253998381 0.01747 126
1753254028949 0.01746 127
1753254060120 0.01743 128
1753254091156 0.0174 129
1753254121634 0.01739 130
1753254152681 0.0174 131
1753254182950 0.0174 132
1753254213840 0.01742 133
1753254245060 0.01736 134
1753254276098 0.01736 135
1753254306943 0.01729 136
1753254337604 0.01732 137
1753254368490 0.01729 138
1753254399064 0.01726 139
1753254430132 0.01731 140
1753254460511 0.0173 141
1753254491142 0.01729 142
1753254522019 0.01733 143
1753254553289 0.01727 144
1753254583800 0.01728 145
1753254613762 0.01726 146
1753254643985 0.01725 147
1753254674108 0.01722 148
1753254704511 0.01722 149
1753254735201 0.01722 150
1753254765785 0.01718 151
1753254795935 0.0172 152
1753254826278 0.01718 153
1753254856369 0.01721 154
1753254886749 0.01712 155
1753254916954 0.01714 156
1753254947813 0.01719 157
1753254977671 0.0172 158
1753255008195 0.01713 159
1753255038851 0.01712 160
1753255069306 0.01709 161
1753255100096 0.01715 162
1753255130767 0.01712 163
1753255160622 0.01709 164
1753255191546 0.0171 165
1753255221642 0.01709 166
1753255251935 0.01708 167
1753255282494 0.01707 168
1753255313476 0.01703 169
1753255344028 0.01709 170
1753255374581 0.01708 171
1753255405105 0.01707 172
1753255435347 0.01705 173
1753255465816 0.01705 174
1753255496025 0.01709 175
1753255526603 0.01704 176
1753255556524 0.017 177
1753255586893 0.01703 178
1753255617254 0.017 179
1753255647979 0.01698 180
1753255678442 0.01699 181
1753255709550 0.01699 182
1753255740636 0.01693 183
1753255771173 0.01702 184
1753255802448 0.01696 185
1753255832217 0.01699 186
1753255862563 0.01699 187
1753255893059 0.01694 188
1753255923661 0.01694 189
1753255954034 0.01696 190
1753255984460 0.01694 191
1753256015449 0.01691 192
1753256045880 0.01698 193
1753256076601 0.01689 194
1753256107045 0.01688 195
1753256137695 0.01688 196
1753256168400 0.01686 197
1753256198658 0.01689 198
1753256229543 0.01688 199
1753256259895 0.01686 200
1753256290210 0.01688 201
1753256320632 0.01689 202
1753256350922 0.01689 203
1753256381064 0.01687 204
1753256411752 0.01689 205
1753256442430 0.01685 206
1753256473295 0.01684 207
1753256503760 0.01688 208
1753256534147 0.01685 209
1753256564715 0.01692 210
1753256594657 0.01683 211
1753256625145 0.01684 212
1753256655056 0.01685 213
1753256685930 0.01687 214
1753256716419 0.01682 215
1753256746375 0.01687 216
1753256777610 0.0168 217
1753256807989 0.0168 218
1753256838458 0.01682 219
1753256868702 0.01681 220
1753256898851 0.01678 221
1753256929235 0.01683 222
1753256959274 0.01685 223
1753256990694 0.01677 224
1753257021780 0.01673 225
1753257052037 0.01679 226
1753257082513 0.0168 227
1753257112289 0.01678 228
1753257143188 0.01677 229
1753257173715 0.01676 230
1753257204005 0.01671 231
1753257235337 0.01673 232
1753257265789 0.01675 233
1753257295832 0.01676 234
1753257326355 0.01677 235
1753257355758 0.01679 236
1753257386095 0.01671 237
1753257416871 0.01677 238
1753257447107 0.01673 239
1753257477604 0.01669 240
1753257508129 0.01674 241
1753257538488 0.01672 242
1753257568719 0.01674 243
1753257599288 0.01678 244
1753257629585 0.01673 245
1753257659964 0.01672 246
1753257690234 0.01671 247
1753257720393 0.01671 248
1753257750463 0.01675 249
1753257781596 0.01669 250
1753257811277 0.01671 251
1753257841784 0.0167 252
1753257872261 0.01668 253
1753257902385 0.01667 254
1753257933209 0.01669 255
1753257962848 0.01667 256
1753257993289 0.01666 257
1753258023443 0.01667 258
1753258053710 0.01669 259
1753258084198 0.01665 260
1753258115428 0.01668 261
1753258146298 0.01663 262
1753258176702 0.01666 263
1753258207362 0.01666 264
1753258237938 0.01667 265
1753258268951 0.0167 266
1753258299825 0.01665 267
1753258330470 0.01666 268
1753258360513 0.01665 269
1753258390977 0.01664 270
1753258421312 0.01665 271
1753258452186 0.01662 272
1753258482881 0.01667 273
1753258513396 0.01665 274
1753258544108 0.01663 275
1753258574698 0.0166 276
1753258605197 0.01664 277
1753258635864 0.0166 278
1753258666754 0.01662 279
1753258697308 0.0166 280
1753258727891 0.01666 281
1753258758716 0.01663 282
1753258788731 0.01656 283
1753258818794 0.01662 284
1753258849912 0.01668 285
1753258880496 0.01666 286
1753258911044 0.01662 287
1753258941588 0.01657 288
1753258972022 0.01661 289
1753259002476 0.01663 290
1753259032761 0.01661 291
1753259063699 0.01663 292
1753259093633 0.01659 293
1753259123425 0.01653 294
1753259154000 0.01659 295
1753259184692 0.01665 296
1753259215124 0.01659 297
1753259245504 0.01659 298
1753259275892 0.01662 299
1753259306571 0.01661 300
