1749656290536 1.0 0
1749656298835 2.0 0
1749656307027 3.0 0
1749656315329 4.0 0
1749656323780 5.0 0
1749656332114 6.0 0
1749656340398 7.0 0
1749656348594 8.0 0
1749656356759 9.0 0
1749656365158 10.0 0
1749656373327 11.0 0
1749656381555 12.0 0
1749656390013 13.0 0
1749656398839 14.0 0
1749656408176 15.0 0
1749656417752 16.0 0
1749656427341 17.0 0
1749656437318 18.0 0
1749656447265 19.0 0
1749656457370 20.0 0
1749656467740 21.0 0
1749656477973 22.0 0
1749656488129 23.0 0
1749656509260 25.0 0
1749656529667 27.0 0
1749656539641 28.0 0
1749656549905 29.0 0
1749656561294 30.0 0
1749656571768 31.0 0
1749656582067 32.0 0
1749656592685 33.0 0
1749656602842 34.0 0
1749656612868 35.0 0
1749656622902 36.0 0
1749656632760 37.0 0
1749656642556 38.0 0
1749656652750 39.0 0
1749656673196 41.0 0
1749656683643 42.0 0
1749656693980 43.0 0
1749656713677 45.0 0
1749656733487 47.0 0
1749656743324 48.0 0
1749656753328 49.0 0
1749656763252 50.0 0
1749656773042 51.0 0
1749656782894 52.0 0
1749656812507 55.0 0
1749656822573 56.0 0
1749656832893 57.0 0
1749656842785 58.0 0
1749656852978 59.0 0
1749656863227 60.0 0
1749656873667 61.0 0
1749656894400 63.0 0
1749656904627 64.0 0
1749656925825 66.0 0
1749656937561 67.0 0
1749656958370 69.0 0
1749656969259 70.0 0
1749656989584 72.0 0
1749657009575 74.0 0
1749657019463 75.0 0
1749657029324 76.0 0
1749657039550 77.0 0
1749657049464 78.0 0
1749657059372 79.0 0
1749657069340 80.0 0
1749657079332 81.0 0
1749657089889 82.0 0
1749657100371 83.0 0
1749657110699 84.0 0
1749657120728 85.0 0
1749657131575 86.0 0
1749657141683 87.0 0
1749657152002 88.0 0
1749657162657 89.0 0
1749657173159 90.0 0
1749657183854 91.0 0
1749657194402 92.0 0
1749657204570 93.0 0
1749657214466 94.0 0
1749657224029 95.0 0
1749657233332 96.0 0
1749657242702 97.0 0
1749657251985 98.0 0
1749657261179 99.0 0
1749657270359 100.0 0
1749657279621 101.0 0
1749657288824 102.0 0
1749657298018 103.0 0
1749657307330 104.0 0
1749657316656 105.0 0
1749657326039 106.0 0
1749657335463 107.0 0
1749657344890 108.0 0
1749657354391 109.0 0
1749657363814 110.0 0
1749657373288 111.0 0
1749657382808 112.0 0
1749657392323 113.0 0
1749657401847 114.0 0
1749657411265 115.0 0
1749657421514 116.0 0
1749657432324 117.0 0
1749657442729 118.0 0
1749657453995 119.0 0
1749657467314 120.0 0
1749657478500 121.0 0
1749657489306 122.0 0
1749657499899 123.0 0
1749657520574 125.0 0
1749657530755 126.0 0
1749657540845 127.0 0
1749657551028 128.0 0
1749657561073 129.0 0
1749657571122 130.0 0
1749657581128 131.0 0
1749657591060 132.0 0
1749657601013 133.0 0
1749657610886 134.0 0
1749657620807 135.0 0
1749657640855 137.0 0
1749657650881 138.0 0
1749657660823 139.0 0
1749657670806 140.0 0
1749657680787 141.0 0
1749657690818 142.0 0
1749657700824 143.0 0
1749657710800 144.0 0
1749657720808 145.0 0
1749657730875 146.0 0
1749657740902 147.0 0
1749657750891 148.0 0
1749657760814 149.0 0
1749657770798 150.0 0
1749657780818 151.0 0
1749657791009 152.0 0
1749657801109 153.0 0
1749657811270 154.0 0
1749657821365 155.0 0
1749657841554 157.0 0
1749657852346 158.0 0
1749657872785 160.0 0
1749657893141 162.0 0
1749657903280 163.0 0
1749657913303 164.0 0
1749657923288 165.0 0
1749657943384 167.0 0
1749657953471 168.0 0
1749657974112 170.0 0
1749657995520 172.0 0
1749658006523 173.0 0
1749658039636 176.0 0
1749658060850 178.0 0
1749658071576 179.0 0
1749658092571 181.0 0
1749658114598 183.0 0
1749658125381 184.0 0
1749658136231 185.0 0
1749658156898 187.0 0
1749658167156 188.0 0
1749658207962 192.0 0
1749658218072 193.0 0
1749658228115 194.0 0
1749658248282 196.0 0
1749658258357 197.0 0
1749658268557 198.0 0
1749658278702 199.0 0
1749658298757 201.0 0
1749658308842 202.0 0
1749658329066 204.0 0
1749658339190 205.0 0
1749658349256 206.0 0
1749658359356 207.0 0
1749658389691 210.0 0
1749658399700 211.0 0
1749658409758 212.0 0
1749658419901 213.0 0
1749658429918 214.0 0
1749658439921 215.0 0
1749658449919 216.0 0
1749658459923 217.0 0
1749658469974 218.0 0
1749658480134 219.0 0
1749658490245 220.0 0
1749658500451 221.0 0
1749658510580 222.0 0
1749658561012 227.0 0
1749658581102 229.0 0
1749658591252 230.0 0
1749658637815 234.0 0
1749658659784 236.0 0
1749658670344 237.0 0
1749658701493 240.0 0
1749658712526 241.0 0
1749658723425 242.0 0
1749658733544 243.0 0
1749658753894 245.0 0
1749658763958 246.0 0
1749658773974 247.0 0
1749658804170 250.0 0
1749658864720 256.0 0
1749658884982 258.0 0
1749658905251 260.0 0
1749658915308 261.0 0
1749658935472 263.0 0
1749659006031 270.0 0
1749659026426 272.0 0
1749659066889 276.0 0
1749659086983 278.0 0
1749659127094 282.0 0
1749659137282 283.0 0
1749659189733 288.0 0
1749659289187 297.0 0
1749659341232 302.0 0
1749659351263 303.0 0
1749659413388 309.0 0
1749659446338 312.0 0
