1749656288932 0.85115 1
1749656297347 0.79573 2
1749656305591 0.7633 3
1749656313871 0.73603 4
1749656322300 0.71024 5
1749656330601 0.68876 6
1749656338876 0.67814 7
1749656347177 0.65747 8
1749656355342 0.64974 9
1749656363725 0.64015 10
1749656371853 0.63036 11
1749656380112 0.62392 12
1749656388472 0.6161 13
1749656397280 0.60968 14
1749656406536 0.60329 15
1749656416036 0.59722 16
1749656425567 0.59047 17
1749656435553 0.58392 18
1749656445471 0.57753 19
1749656455556 0.57098 20
1749656465845 0.56403 21
1749656476126 0.55783 22
1749656486327 0.55179 23
1749656496523 0.54574 24
1749656507395 0.53985 25
1749656517889 0.53419 26
1749656527848 0.52849 27
1749656537822 0.52288 28
1749656548110 0.51744 29
1749656559360 0.51185 30
1749656569911 0.50657 31
1749656580238 0.50094 32
1749656590625 0.49566 33
1749656600941 0.49034 34
1749656611055 0.48509 35
1749656621026 0.48002 36
1749656630958 0.47445 37
1749656640818 0.46938 38
1749656650862 0.46417 39
1749656660922 0.45935 40
1749656671351 0.45408 41
1749656681696 0.44897 42
1749656691907 0.4439 43
1749656702069 0.43926 44
1749656711906 0.4345 45
1749656721714 0.4293 46
1749656731716 0.42438 47
1749656741546 0.41981 48
1749656751347 0.41496 49
1749656761484 0.41048 50
1749656771305 0.40576 51
1749656781083 0.40093 52
1749656791077 0.39625 53
1749656800925 0.39185 54
1749656810737 0.38695 55
1749656820685 0.38241 56
1749656831143 0.37836 57
1749656841043 0.37386 58
1749656851216 0.36946 59
1749656861442 0.36495 60
1749656871835 0.36068 61
1749656882015 0.35617 62
1749656892492 0.35208 63
1749656902799 0.34759 64
1749656913366 0.3435 65
1749656923958 0.33886 66
1749656935301 0.33384 67
1749656946187 0.32757 68
1749656956500 0.32045 69
1749656967419 0.31272 70
1749656977603 0.30548 71
1749656987788 0.298 72
1749656997801 0.29098 73
1749657007772 0.28377 74
1749657017683 0.2769 75
1749657027543 0.27021 76
1749657037761 0.26364 77
1749657047686 0.25759 78
1749657057562 0.25108 79
1749657067561 0.24489 80
1749657077546 0.23905 81
1749657087919 0.23312 82
1749657098552 0.22757 83
1749657108887 0.222 84
1749657118921 0.21659 85
1749657129737 0.21143 86
1749657139841 0.206 87
1749657150106 0.20061 88
1749657160774 0.19529 89
1749657171277 0.19055 90
1749657181776 0.18535 91
1749657192533 0.18069 92
1749657202720 0.17634 93
1749657212715 0.17195 94
1749657222332 0.16792 95
1749657231674 0.1639 96
1749657241072 0.16016 97
1749657250317 0.15621 98
1749657259551 0.15272 99
1749657268731 0.14918 100
1749657277933 0.14564 101
1749657287131 0.1428 102
1749657296385 0.13962 103
1749657305649 0.13631 104
1749657314994 0.13318 105
1749657324331 0.13063 106
1749657333760 0.12802 107
1749657343185 0.12533 108
1749657352682 0.12252 109
1749657362112 0.12018 110
1749657371593 0.11781 111
1749657381098 0.11522 112
1749657390641 0.11332 113
1749657400143 0.11106 114
1749657409553 0.10853 115
1749657419378 0.10671 116
1749657430242 0.10447 117
1749657440675 0.10249 118
1749657451594 0.10075 119
1749657465167 0.09915 120
1749657476593 0.09724 121
1749657487403 0.09561 122
1749657498047 0.09392 123
1749657508424 0.09238 124
1749657518703 0.09066 125
1749657528911 0.08908 126
1749657539014 0.08766 127
1749657549129 0.08617 128
1749657559307 0.08528 129
1749657569337 0.08356 130
1749657579328 0.08217 131
1749657589273 0.08074 132
1749657599228 0.07965 133
1749657609108 0.07817 134
1749657619026 0.07713 135
1749657629073 0.07614 136
1749657639079 0.07501 137
1749657649081 0.07431 138
1749657659044 0.07321 139
1749657668994 0.07183 140
1749657678988 0.07073 141
1749657688990 0.06981 142
1749657699021 0.06881 143
1749657708991 0.0677 144
1749657718997 0.06698 145
1749657729091 0.06591 146
1749657739091 0.06495 147
1749657749117 0.06433 148
1749657759033 0.06327 149
1749657768990 0.06231 150
1749657779007 0.06162 151
1749657789201 0.06078 152
1749657799267 0.05993 153
1749657809436 0.05943 154
1749657819564 0.05859 155
1749657829641 0.0581 156
1749657839718 0.05708 157
1749657850540 0.05663 158
1749657860740 0.05598 159
1749657870962 0.05542 160
1749657881216 0.05461 161
1749657891334 0.05405 162
1749657901462 0.05339 163
1749657911516 0.05302 164
1749657921485 0.05242 165
1749657931536 0.05158 166
1749657941602 0.05144 167
1749657951663 0.05102 168
1749657961787 0.05079 169
1749657972234 0.05029 170
1749657982947 0.04936 171
1749657993667 0.04892 172
1749658004425 0.0482 173
1749658015965 0.04796 174
1749658027213 0.04729 175
1749658037748 0.04689 176
1749658048475 0.04655 177
1749658058842 0.04599 178
1749658069666 0.04567 179
1749658080332 0.04494 180
1749658090703 0.04472 181
1749658101620 0.04414 182
1749658112663 0.04376 183
1749658123316 0.0435 184
1749658134325 0.04288 185
1749658144733 0.04283 186
1749658155027 0.04243 187
1749658165300 0.04205 188
1749658175607 0.04188 189
1749658185866 0.0415 190
1749658196030 0.0409 191
1749658206162 0.04071 192
1749658216249 0.04024 193
1749658226322 0.04005 194
1749658236405 0.03963 195
1749658246494 0.03943 196
1749658256535 0.03907 197
1749658266718 0.03879 198
1749658276874 0.03856 199
1749658286943 0.03817 200
1749658296968 0.03804 201
1749658307045 0.03768 202
1749658317156 0.03732 203
1749658327240 0.03731 204
1749658337379 0.03709 205
1749658347462 0.03667 206
1749658357514 0.03643 207
1749658367603 0.03609 208
1749658377598 0.0358 209
1749658387882 0.03553 210
1749658397894 0.03523 211
1749658407939 0.03504 212
1749658418074 0.03498 213
1749658428111 0.03455 214
1749658438125 0.03438 215
1749658448121 0.03422 216
1749658458087 0.03394 217
1749658468154 0.03377 218
1749658478333 0.03335 219
1749658488411 0.03323 220
1749658498615 0.03314 221
1749658508754 0.03321 222
1749658518894 0.0328 223
1749658529060 0.03292 224
1749658539142 0.0325 225
1749658549118 0.03226 226
1749658559183 0.03206 227
1749658569236 0.0319 228
1749658579290 0.03156 229
1749658589426 0.0317 230
1749658599808 0.03157 231
1749658611390 0.03156 232
1749658622720 0.03108 233
1749658635845 0.03087 234
1749658646572 0.03072 235
1749658657853 0.03066 236
1749658668485 0.03032 237
1749658678685 0.03017 238
1749658688874 0.02997 239
1749658699473 0.02977 240
1749658710391 0.02953 241
1749658721582 0.02942 242
1749658731742 0.02934 243
1749658741865 0.02929 244
1749658752076 0.02908 245
1749658762131 0.02898 246
1749658772198 0.02899 247
1749658782315 0.02869 248
1749658792338 0.02863 249
1749658802377 0.02834 250
1749658812546 0.02827 251
1749658822659 0.0283 252
1749658832752 0.02825 253
1749658842956 0.02835 254
1749658852958 0.02833 255
1749658862911 0.02814 256
1749658873120 0.0279 257
1749658883159 0.02785 258
1749658893247 0.02774 259
1749658903408 0.02737 260
1749658913523 0.0273 261
1749658923523 0.02729 262
1749658933672 0.02725 263
1749658943728 0.02682 264
1749658953753 0.02682 265
1749658963911 0.02658 266
1749658973943 0.02647 267
1749658984113 0.02646 268
1749658994261 0.02647 269
1749659004238 0.0264 270
1749659014293 0.0262 271
1749659024586 0.02615 272
1749659034708 0.02636 273
1749659044753 0.02636 274
1749659055129 0.02623 275
1749659065097 0.02591 276
1749659075107 0.02569 277
1749659085209 0.02571 278
1749659095211 0.02562 279
1749659105163 0.02551 280
1749659115258 0.02539 281
1749659125303 0.02524 282
1749659135363 0.02519 283
1749659145841 0.0253 284
1749659156055 0.02499 285
1749659166127 0.02484 286
1749659177000 0.02482 287
1749659187907 0.02465 288
1749659198530 0.0246 289
1749659209292 0.0246 290
1749659219892 0.02468 291
1749659230932 0.02452 292
1749659241835 0.0244 293
1749659253207 0.02459 294
1749659264533 0.02428 295
1749659275884 0.02423 296
1749659287150 0.02425 297
1749659298229 0.02417 298
1749659309074 0.02412 299
1749659319154 0.02392 300
1749659329377 0.02389 301
1749659339424 0.02371 302
1749659349444 0.02361 303
1749659359581 0.02355 304
1749659369504 0.02377 305
1749659379651 0.02352 306
1749659390268 0.02337 307
1749659400920 0.02325 308
1749659411606 0.02322 309
1749659422040 0.02319 310
1749659433215 0.02316 311
1749659444331 0.0229 312
1749659455327 0.02282 313
1749659466661 0.02275 314
1749659477549 0.02289 315
1749659488685 0.02271 316
1749659499564 0.02265 317
1749659510775 0.02267 318
1749659522128 0.02263 319
1749659533199 0.02243 320
1749659544129 0.02236 321
1749659555155 0.02251 322
