1752941273426 1.0 0
1752941287147 2.0 0
1752941301623 3.0 0
1752941315547 4.0 0
1752941329962 5.0 0
1752941343716 6.0 0
1752941357629 7.0 0
1752941371684 8.0 0
1752941385752 9.0 0
1752941399513 10.0 0
1752941413464 11.0 0
1752941427154 12.0 0
1752941441139 13.0 0
1752941455253 14.0 0
1752941468965 15.0 0
1752941483137 16.0 0
1752941497105 17.0 0
1752941511020 18.0 0
1752941524797 19.0 0
1752941538919 20.0 0
1752941552568 21.0 0
1752941566279 22.0 0
1752941580206 23.0 0
1752941593911 24.0 0
1752941607900 25.0 0
1752941621907 26.0 0
1752941635591 27.0 0
1752941649717 28.0 0
1752941663462 29.0 0
1752941677056 30.0 0
1752941691090 31.0 0
1752941704833 32.0 0
1752941718959 33.0 0
1752941732751 34.0 0
1752941746721 35.0 0
1752941760275 36.0 0
1752941774014 37.0 0
1752941788012 38.0 0
1752941801707 39.0 0
1752941815517 40.0 0
1752941829402 41.0 0
1752941843068 42.0 0
1752941856930 43.0 0
1752941870562 44.0 0
1752941884176 45.0 0
1752941898119 46.0 0
1752941911823 47.0 0
1752941925821 48.0 0
1752941939448 49.0 0
1752941953586 50.0 0
1752941967189 51.0 0
1752941980804 52.0 0
1752941994771 53.0 0
1752942008475 54.0 0
1752942022484 55.0 0
1752942036276 56.0 0
1752942049770 57.0 0
1752942077648 59.0 0
1752942091322 60.0 0
1752942105355 61.0 0
1752942119079 62.0 0
1752942133057 63.0 0
1752942146657 64.0 0
1752942174029 66.0 0
1752942201534 68.0 0
1752942215092 69.0 0
1752942228916 70.0 0
1752942270254 73.0 0
1752942297743 75.0 0
1752942339199 78.0 0
1752942366440 80.0 0
1752942379948 81.0 0
1752942407647 83.0 0
1752942421338 84.0 0
1752942476541 88.0 0
1752942503863 90.0 0
1752942544990 93.0 0
1752942586100 96.0 0
1752942641013 100.0 0
1752942723798 106.0 0
