1752941260181 0.87187 1
1752941276029 0.78714 2
1752941290077 0.72551 3
1752941304340 0.6633 4
1752941318545 0.60708 5
1752941332696 0.5556 6
1752941346417 0.50691 7
1752941360389 0.46141 8
1752941374326 0.41877 9
1752941388471 0.37922 10
1752941402141 0.34287 11
1752941416069 0.30976 12
1752941429777 0.27989 13
1752941443834 0.25279 14
1752941457901 0.22668 15
1752941471569 0.204 16
1752941485744 0.18446 17
1752941499758 0.16719 18
1752941513723 0.15215 19
1752941527365 0.13887 20
1752941541481 0.12716 21
1752941555277 0.11687 22
1752941568889 0.10765 23
1752941582856 0.09962 24
1752941596561 0.09246 25
1752941610471 0.08607 26
1752941624452 0.08043 27
1752941638333 0.07543 28
1752941652323 0.07088 29
1752941666045 0.06684 30
1752941679794 0.06318 31
1752941693714 0.05994 32
1752941707455 0.05696 33
1752941721660 0.0543 34
1752941735431 0.05192 35
1752941749295 0.04973 36
1752941762884 0.0477 37
1752941776613 0.04584 38
1752941790667 0.04422 39
1752941804328 0.04264 40
1752941818071 0.04129 41
1752941832076 0.03996 42
1752941845695 0.03885 43
1752941859479 0.03764 44
1752941873102 0.03662 45
1752941886803 0.03568 46
1752941900758 0.03475 47
1752941914458 0.03398 48
1752941928412 0.03318 49
1752941942066 0.03245 50
1752941956205 0.03181 51
1752941969802 0.03128 52
1752941983332 0.0306 53
1752941997400 0.03004 54
1752942011197 0.0295 55
1752942025083 0.02906 56
1752942038772 0.02855 57
1752942052368 0.02809 58
1752942066640 0.02769 59
1752942080251 0.02727 60
1752942093943 0.02698 61
1752942107942 0.02658 62
1752942121783 0.02626 63
1752942135628 0.02596 64
1752942149256 0.02567 65
1752942162995 0.02541 66
1752942176771 0.02513 67
1752942190278 0.02486 68
1752942204148 0.0246 69
1752942217860 0.02438 70
1752942231655 0.02414 71
1752942245476 0.02393 72
1752942258957 0.02376 73
1752942272927 0.02356 74
1752942286648 0.0233 75
1752942300396 0.02312 76
1752942314295 0.02295 77
1752942328057 0.02282 78
1752942341817 0.02268 79
1752942355323 0.02265 80
1752942368989 0.02253 81
1752942382614 0.0223 82
1752942396198 0.02212 83
1752942410242 0.02194 84
1752942423918 0.02184 85
1752942437709 0.02175 86
1752942451482 0.02177 87
1752942465110 0.02168 88
1752942479218 0.02142 89
1752942492808 0.02138 90
1752942506356 0.02118 91
1752942520323 0.02108 92
1752942533790 0.02099 93
1752942547618 0.02094 94
1752942561289 0.0209 95
1752942575130 0.02078 96
1752942588632 0.02061 97
1752942602201 0.02053 98
1752942616066 0.02045 99
1752942629836 0.02042 100
1752942643662 0.02037 101
1752942657515 0.02032 102
1752942670977 0.0202 103
1752942684879 0.02017 104
1752942698670 0.0201 105
1752942712257 0.02 106
1752942726352 0.02 107
1752942739990 0.01991 108
1752942753830 0.0198 109
1752942767986 0.01976 110
1752942781757 0.0197 111
1752942795396 0.01961 112
1752942809703 0.01956 113
1752942823220 0.01953 114
1752942837011 0.01948 115
1752942850496 0.01948 116
1752942864167 0.01943 117
1752942878059 0.01937 118
1752942891578 0.01932 119
1752942905157 0.01927 120
1752942918735 0.0192 121
1752942932626 0.01914 122
1752942946364 0.01916 123
1752942959975 0.0191 124
1752942974039 0.01906 125
1752942987681 0.01897 126
1752943001387 0.01901 127
1752943015328 0.01901 128
1752943029090 0.01888 129
1752943042884 0.01885 130
1752943056763 0.0188 131
1752943070304 0.01876 132
1752943084294 0.01876 133
1752943097938 0.0187 134
1752943111711 0.01875 135
1752943125644 0.01869 136
1752943139521 0.01863 137
1752943153379 0.01867 138
1752943167289 0.01858 139
1752943181422 0.01853 140
1752943195036 0.01851 141
1752943208804 0.01856 142
1752943222569 0.01846 143
1752943236041 0.01845 144
1752943249867 0.01845 145
1752943263586 0.01839 146
1752943277329 0.01835 147
1752943291479 0.01834 148
1752943305236 0.01831 149
1752943319205 0.01834 150
1752943332972 0.01823 151
1752943347077 0.01823 152
1752943360811 0.01819 153
1752943374586 0.01818 154
1752943388826 0.01816 155
1752943402377 0.01813 156
1752943416255 0.01813 157
1752943430273 0.01807 158
1752943444020 0.01812 159
1752943458090 0.01806 160
1752943471866 0.01809 161
1752943485516 0.01802 162
1752943499547 0.01809 163
1752943513052 0.018 164
1752943526925 0.01799 165
1752943540944 0.01799 166
1752943555558 0.01799 167
1752943569390 0.01794 168
1752943582973 0.01792 169
1752943597122 0.01787 170
1752943610739 0.0179 171
1752943624698 0.01782 172
1752943638600 0.01793 173
1752943652142 0.01785 174
1752943666035 0.01785 175
1752943679566 0.0178 176
1752943693142 0.01782 177
1752943707004 0.01774 178
1752943720647 0.01773 179
1752943734361 0.01775 180
1752943748185 0.01766 181
1752943762021 0.01769 182
1752943775824 0.01777 183
1752943789430 0.01769 184
1752943803230 0.01769 185
1752943816836 0.01767 186
1752943830795 0.01761 187
1752943844481 0.01762 188
1752943858179 0.0176 189
1752943872078 0.01763 190
1752943885845 0.01757 191
1752943899904 0.01758 192
1752943913837 0.01755 193
1752943927401 0.01752 194
1752943941384 0.01753 195
1752943955633 0.01753 196
1752943969342 0.01752 197
1752943983046 0.01753 198
1752943997075 0.01751 199
1752944010743 0.01749 200
1752944024578 0.01749 201
1752944038417 0.01746 202
1752944051986 0.01742 203
1752944065977 0.01745 204
1752944079837 0.01743 205
1752944093411 0.0174 206
1752944107125 0.01737 207
1752944120999 0.01741 208
1752944134738 0.01739 209
1752944148562 0.01734 210
1752944162495 0.01739 211
1752944176086 0.01735 212
1752944189890 0.01736 213
1752944203988 0.0173 214
1752944217641 0.01731 215
1752944231390 0.01731 216
1752944245054 0.01732 217
1752944258680 0.01725 218
1752944272768 0.01724 219
1752944286598 0.01728 220
1752944300607 0.01725 221
1752944314305 0.01725 222
1752944328430 0.01724 223
1752944342046 0.01725 224
1752944355613 0.01723 225
1752944369681 0.01723 226
1752944383338 0.01723 227
1752944397112 0.01717 228
1752944410866 0.01721 229
1752944424451 0.01724 230
1752944438294 0.0172 231
1752944451965 0.01714 232
1752944465592 0.01715 233
1752944479618 0.01719 234
1752944493403 0.0172 235
1752944507183 0.01718 236
1752944520947 0.01716 237
1752944534819 0.01712 238
1752944548568 0.01715 239
1752944562249 0.01709 240
1752944576155 0.01716 241
1752944589890 0.01711 242
1752944603932 0.0171 243
1752944617743 0.01713 244
1752944631358 0.01708 245
1752944645236 0.01708 246
1752944658730 0.01706 247
1752944672285 0.01707 248
1752944686187 0.01705 249
1752944699681 0.01703 250
1752944713449 0.01704 251
1752944727132 0.01705 252
1752944741056 0.01698 253
1752944754787 0.01704 254
1752944768360 0.01697 255
1752944782218 0.01702 256
1752944795792 0.017 257
1752944809508 0.01702 258
1752944823410 0.01699 259
1752944836980 0.01701 260
1752944850816 0.017 261
1752944864463 0.01698 262
1752944878120 0.01696 263
1752944892153 0.01697 264
1752944905616 0.01695 265
1752944919336 0.017 266
1752944933241 0.01697 267
1752944947061 0.01692 268
1752944960744 0.01692 269
1752944974368 0.01693 270
1752944988336 0.01696 271
1752945001927 0.01701 272
1752945015827 0.01693 273
1752945029594 0.01693 274
1752945043274 0.01693 275
1752945057149 0.01694 276
1752945070638 0.01695 277
1752945084402 0.01697 278
1752945098363 0.01691 279
1752945111890 0.01689 280
1752945125614 0.01691 281
1752945139387 0.01688 282
1752945153205 0.01687 283
1752945166989 0.01685 284
1752945180593 0.01684 285
1752945194584 0.01686 286
1752945208451 0.01689 287
1752945222328 0.01688 288
1752945236295 0.01682 289
1752945250012 0.01687 290
1752945263988 0.01691 291
1752945277622 0.01691 292
1752945291413 0.01681 293
1752945305319 0.01685 294
1752945319022 0.01681 295
1752945332981 0.0168 296
1752945346796 0.01683 297
1752945360745 0.01683 298
1752945374386 0.01685 299
1752945387918 0.01682 300
