1753345181948 1.0 0
1753345196594 2.0 0
1753345211322 3.0 0
1753345225758 4.0 0
1753345240683 5.0 0
1753345255449 6.0 0
1753345269802 7.0 0
1753345284532 8.0 0
1753345298987 9.0 0
1753345313600 10.0 0
1753345327977 11.0 0
1753345342414 12.0 0
1753345356880 13.0 0
1753345371273 14.0 0
1753345385733 15.0 0
1753345400496 16.0 0
1753345414837 17.0 0
1753345429277 18.0 0
1753345443759 19.0 0
1753345458166 20.0 0
1753345472525 21.0 0
1753345486973 22.0 0
1753345501364 23.0 0
1753345515807 24.0 0
1753345530551 25.0 0
1753345545005 26.0 0
1753345559362 27.0 0
1753345573841 28.0 0
1753345588230 29.0 0
1753345602683 30.0 0
1753345617123 31.0 0
1753345631686 32.0 0
1753345646391 33.0 0
1753345660772 34.0 0
1753345675092 35.0 0
1753345689575 36.0 0
1753345704036 37.0 0
1753345718587 38.0 0
1753345747566 40.0 0
1753345762230 41.0 0
1753345776957 42.0 0
1753345791312 43.0 0
1753345820170 45.0 0
1753345834603 46.0 0
1753345848993 47.0 0
1753345863410 48.0 0
1753345921127 52.0 0
1753345935578 53.0 0
1753345993362 57.0 0
1753346008395 58.0 0
1753346051948 61.0 0
1753346080730 63.0 0
1753346095167 64.0 0
1753346138952 67.0 0
1753346196424 71.0 0
1753346210825 72.0 0
1753346297448 78.0 0
