1753345168900 0.74713 1
1753345185142 0.61256 2
1753345199902 0.54071 3
1753345214521 0.47827 4
1753345229468 0.42288 5
1753345244254 0.37297 6
1753345258608 0.32783 7
1753345273217 0.28771 8
1753345287776 0.25232 9
1753345302156 0.22192 10
1753345316844 0.19573 11
1753345331196 0.17322 12
1753345345646 0.15332 13
1753345360092 0.13552 14
1753345374527 0.12103 15
1753345388997 0.10894 16
1753345403691 0.09865 17
1753345418101 0.08978 18
1753345432524 0.08214 19
1753345446970 0.07558 20
1753345461362 0.06995 21
1753345475772 0.06505 22
1753345490200 0.06078 23
1753345504627 0.05705 24
1753345519031 0.05373 25
1753345533801 0.05082 26
1753345548251 0.0482 27
1753345562596 0.04586 28
1753345577047 0.04383 29
1753345591426 0.04195 30
1753345605928 0.04028 31
1753345620324 0.03878 32
1753345634947 0.03739 33
1753345649616 0.03616 34
1753345663941 0.03501 35
1753345678353 0.034 36
1753345692806 0.03303 37
1753345707226 0.03221 38
1753345721764 0.03141 39
1753345736112 0.03066 40
1753345750810 0.03 41
1753345765400 0.02937 42
1753345780173 0.02878 43
1753345794525 0.02823 44
1753345808933 0.02774 45
1753345823382 0.02727 46
1753345837788 0.02683 47
1753345852185 0.02643 48
1753345866620 0.02605 49
1753345880957 0.02566 50
1753345895563 0.02535 51
1753345909939 0.02503 52
1753345924359 0.02473 53
1753345938817 0.02442 54
1753345953167 0.02417 55
1753345967751 0.02386 56
1753345982139 0.02364 57
1753345996580 0.02341 58
1753346011560 0.02321 59
1753346026239 0.02301 60
1753346040606 0.0228 61
1753346055185 0.02264 62
1753346069554 0.02247 63
1753346083950 0.0223 64
1753346098420 0.02216 65
1753346113008 0.02199 66
1753346127395 0.02185 67
1753346142147 0.02171 68
1753346156525 0.02157 69
1753346170853 0.02143 70
1753346185168 0.02135 71
1753346199619 0.02125 72
1753346213986 0.02113 73
1753346228329 0.02098 74
1753346243034 0.02091 75
1753346257437 0.02078 76
1753346271849 0.0207 77
1753346286253 0.0206 78
1753346300674 0.0205 79
1753346315017 0.02043 80
1753346329293 0.02038 81
1753346343547 0.0203 82
1753346358470 0.0202 83
1753346372818 0.02015 84
1753346387184 0.02007 85
1753346401592 0.01999 86
1753346415915 0.01996 87
1753346430211 0.01977 88
1753346444592 0.01969 89
1753346459123 0.01969 90
1753346473715 0.01965 91
1753346488337 0.01963 92
1753346502709 0.01966 93
1753346517076 0.01964 94
1753346531453 0.0196 95
1753346545817 0.01957 96
1753346560087 0.01952 97
1753346574373 0.01952 98
1753346588641 0.01952 99
1753346603219 0.01953 100
1753346617649 0.01953 101
1753346631977 0.01949 102
1753346646332 0.01952 103
1753346660754 0.01949 104
1753346675058 0.0195 105
1753346689373 0.01949 106
1753346703725 0.01949 107
1753346718272 0.01949 108
1753346732587 0.01949 109
1753346746940 0.01947 110
1753346761273 0.0195 111
1753346775633 0.01947 112
1753346790037 0.01947 113
1753346804356 0.01947 114
1753346818944 0.01947 115
1753346833309 0.01947 116
1753346847915 0.0195 117
1753346862224 0.01945 118
1753346876627 0.01944 119
1753346890920 0.01948 120
1753346905303 0.01948 121
1753346919706 0.01945 122
1753346934171 0.01947 123
1753346948852 0.01945 124
1753346963219 0.0195 125
1753346977578 0.01947 126
1753346991952 0.01947 127
1753347006310 0.01948 128
1753347020640 0.0195 129
1753347035054 0.01944 130
1753347049385 0.01947 131
1753347064058 0.01944 132
1753347078344 0.01948 133
1753347092707 0.01949 134
1753347107093 0.01945 135
1753347121496 0.01947 136
1753347135891 0.01947 137
1753347150319 0.01946 138
1753347165231 0.01948 139
1753347180044 0.01946 140
1753347194738 0.01948 141
1753347209133 0.01947 142
1753347223544 0.01949 143
1753347237903 0.0195 144
1753347252253 0.01945 145
1753347266661 0.01949 146
1753347281237 0.01945 147
1753347295583 0.01947 148
1753347310214 0.01948 149
1753347324629 0.01952 150
1753347339022 0.01947 151
1753347353356 0.01946 152
1753347367791 0.01948 153
1753347382075 0.01946 154
1753347396506 0.01945 155
1753347410925 0.01949 156
1753347425493 0.01947 157
1753347439934 0.0195 158
1753347454345 0.01949 159
1753347468723 0.01948 160
1753347483028 0.01947 161
1753347497430 0.01946 162
1753347511821 0.01948 163
1753347526463 0.01945 164
1753347540859 0.01951 165
1753347555459 0.01948 166
1753347569877 0.01948 167
1753347584247 0.0195 168
1753347598591 0.01948 169
1753347612912 0.01946 170
1753347627302 0.01944 171
1753347641908 0.01945 172
1753347656563 0.01945 173
1753347671062 0.01945 174
1753347685459 0.01946 175
1753347699892 0.01948 176
1753347714206 0.01945 177
1753347728556 0.01949 178
1753347742825 0.01947 179
1753347757110 0.01946 180
1753347771722 0.01949 181
1753347785999 0.01947 182
1753347800311 0.01949 183
1753347814647 0.01946 184
1753347829280 0.01945 185
1753347843638 0.01947 186
1753347857981 0.01945 187
1753347872608 0.01945 188
1753347887140 0.01946 189
1753347901803 0.01945 190
1753347916151 0.01946 191
1753347930527 0.01947 192
1753347944926 0.01948 193
1753347959306 0.01948 194
1753347973656 0.01946 195
1753347988245 0.01945 196
1753348002665 0.01946 197
1753348017631 0.01946 198
1753348032105 0.01947 199
1753348046410 0.01943 200
1753348060775 0.01947 201
1753348075194 0.01947 202
1753348089577 0.01945 203
1753348103939 0.01943 204
1753348118287 0.01945 205
1753348132764 0.01946 206
1753348147255 0.01948 207
1753348161570 0.01947 208
1753348176186 0.01948 209
1753348190493 0.01946 210
1753348204824 0.01947 211
1753348219222 0.01945 212
1753348233870 0.01946 213
1753348248218 0.01944 214
1753348262825 0.01947 215
1753348277258 0.01945 216
1753348291611 0.01945 217
1753348305979 0.01945 218
1753348320498 0.01947 219
1753348334891 0.01944 220
1753348349411 0.01948 221
1753348364063 0.01947 222
1753348378595 0.01945 223
1753348392994 0.01944 224
1753348407528 0.01944 225
1753348421853 0.01944 226
1753348436225 0.01946 227
1753348450835 0.01947 228
1753348465342 0.01946 229
1753348480022 0.01945 230
1753348494379 0.01948 231
1753348508768 0.01945 232
1753348523187 0.01947 233
1753348537822 0.01943 234
1753348552234 0.01946 235
1753348566594 0.01946 236
1753348581164 0.01944 237
1753348595690 0.01945 238
1753348610385 0.01943 239
1753348624634 0.01945 240
1753348638935 0.01945 241
1753348653329 0.01947 242
1753348667746 0.01948 243
1753348682101 0.01944 244
1753348696619 0.0195 245
1753348710901 0.01945 246
1753348725416 0.01943 247
1753348739788 0.01945 248
1753348754371 0.01945 249
1753348768742 0.01944 250
1753348783086 0.01944 251
1753348797495 0.01944 252
1753348811879 0.01943 253
1753348826480 0.01943 254
1753348840935 0.01944 255
1753348855243 0.01944 256
1753348869655 0.01945 257
1753348884358 0.01945 258
1753348898742 0.01942 259
1753348913135 0.01946 260
1753348927473 0.01941 261
1753348942106 0.01946 262
1753348956412 0.01942 263
1753348970913 0.01941 264
1753348985247 0.01944 265
1753348999636 0.01944 266
1753349014057 0.01945 267
1753349028429 0.01945 268
1753349042826 0.01941 269
1753349057300 0.01944 270
1753349071872 0.01942 271
1753349086393 0.01942 272
1753349100855 0.01942 273
1753349115406 0.01942 274
1753349129842 0.01946 275
1753349144143 0.01941 276
1753349158568 0.01943 277
1753349172943 0.01941 278
1753349187627 0.01942 279
1753349202029 0.01941 280
1753349216498 0.01943 281
1753349230878 0.01944 282
1753349245502 0.01942 283
1753349259879 0.01947 284
1753349274216 0.01939 285
1753349288751 0.01943 286
1753349303362 0.01943 287
1753349317984 0.01943 288
1753349332268 0.01942 289
1753349346643 0.01942 290
1753349361014 0.0194 291
1753349375655 0.0194 292
1753349390187 0.01944 293
1753349404748 0.01941 294
1753349419109 0.01942 295
1753349433620 0.01943 296
1753349448243 0.01941 297
1753349462856 0.01941 298
1753349477233 0.01939 299
1753349491672 0.01941 300
