1753345181956 0.0010000000474974513 1
1753345196599 0.0010000000474974513 2
1753345211327 0.0010000000474974513 3
1753345225764 0.0010000000474974513 4
1753345240688 0.0010000000474974513 5
1753345255454 0.0010000000474974513 6
1753345269810 0.0010000000474974513 7
1753345284539 0.0010000000474974513 8
1753345298995 0.0010000000474974513 9
1753345313606 0.0010000000474974513 10
1753345327982 0.0010000000474974513 11
1753345342419 0.0010000000474974513 12
1753345356885 0.0010000000474974513 13
1753345371278 0.0010000000474974513 14
1753345385739 0.0010000000474974513 15
1753345400502 0.0010000000474974513 16
1753345414846 0.0010000000474974513 17
1753345429285 0.0010000000474974513 18
1753345443766 0.0010000000474974513 19
1753345458172 0.0010000000474974513 20
1753345472533 0.0010000000474974513 21
1753345486978 0.0010000000474974513 22
1753345501369 0.0010000000474974513 23
1753345515812 0.0010000000474974513 24
1753345530557 0.0010000000474974513 25
1753345545010 0.0010000000474974513 26
1753345559367 0.0010000000474974513 27
1753345573850 0.0010000000474974513 28
1753345588238 0.0010000000474974513 29
1753345602691 0.0010000000474974513 30
1753345617128 0.0010000000474974513 31
1753345631692 0.0010000000474974513 32
1753345646396 0.0010000000474974513 33
1753345660777 0.0010000000474974513 34
1753345675097 0.0010000000474974513 35
1753345689580 0.0010000000474974513 36
1753345704041 0.0010000000474974513 37
1753345718595 0.0010000000474974513 38
1753345732958 0.0010000000474974513 39
1753345747573 0.0010000000474974513 40
1753345762236 0.0010000000474974513 41
1753345776963 0.0010000000474974513 42
1753345791319 0.0010000000474974513 43
1753345805712 0.0010000000474974513 44
1753345820175 0.0010000000474974513 45
1753345834608 0.0010000000474974513 46
1753345848999 0.0010000000474974513 47
1753345863420 0.0010000000474974513 48
1753345877838 0.0010000000474974513 49
1753345892368 0.0010000000474974513 50
1753345906720 0.0010000000474974513 51
1753345921133 0.0010000000474974513 52
1753345935584 0.0010000000474974513 53
1753345949956 0.0010000000474974513 54
1753345964534 0.0010000000474974513 55
1753345978892 0.0010000000474974513 56
1753345993367 0.0010000000474974513 57
1753346008400 0.0010000000474974513 58
1753346022988 0.0010000000474974513 59
1753346037370 0.0010000000474974513 60
1753346051957 0.0010000000474974513 61
1753346066330 0.0010000000474974513 62
1753346080737 0.0010000000474974513 63
1753346095172 0.0010000000474974513 64
1753346109834 0.0010000000474974513 65
1753346124180 0.0010000000474974513 66
1753346138958 0.0010000000474974513 67
1753346153357 0.0010000000474974513 68
1753346167682 0.0010000000474974513 69
1753346182001 0.0010000000474974513 70
1753346196432 0.0010000000474974513 71
1753346210831 0.0010000000474974513 72
1753346225138 0.0010000000474974513 73
1753346239809 0.0010000000474974513 74
1753346254227 0.0010000000474974513 75
1753346268635 0.0010000000474974513 76
1753346283026 0.0010000000474974513 77
1753346297454 0.0010000000474974513 78
1753346311830 0.0010000000474974513 79
1753346326150 0.0010000000474974513 80
1753346340411 0.0010000000474974513 81
1753346355299 0.0010000000474974513 82
1753346369576 0.0010000000474974513 83
1753346383948 0.0010000000474974513 84
1753346398357 0.0010000000474974513 85
1753346412762 0.0010000000474974513 86
1753346427073 0.00020000000949949026 87
1753346441366 0.00020000000949949026 88
1753346455967 0.00020000000949949026 89
1753346470524 0.00020000000949949026 90
1753346485204 0.00020000000949949026 91
1753346499503 0.00020000000949949026 92
1753346513847 0.00020000000949949026 93
1753346528202 0.00020000000949949026 94
1753346542606 0.00020000000949949026 95
1753346556932 4.0000002627493814e-05 96
1753346571264 4.0000002627493814e-05 97
1753346585440 4.0000002627493814e-05 98
1753346600069 4.0000002627493814e-05 99
1753346614376 4.0000002627493814e-05 100
1753346628808 4.0000002627493814e-05 101
1753346643160 4.0000002627493814e-05 102
1753346657571 4.0000002627493814e-05 103
1753346671848 4.0000002627493814e-05 104
1753346686188 8.000000889296643e-06 105
1753346700557 8.000000889296643e-06 106
1753346715105 8.000000889296643e-06 107
1753346729435 8.000000889296643e-06 108
1753346743766 8.000000889296643e-06 109
1753346758114 8.000000889296643e-06 110
1753346772464 8.000000889296643e-06 111
1753346786839 8.000000889296643e-06 112
1753346801181 8.000000889296643e-06 113
1753346815767 1.6000001323845936e-06 114
1753346830151 1.6000001323845936e-06 115
1753346844740 1.6000001323845936e-06 116
1753346859065 1.6000001323845936e-06 117
1753346873451 1.6000001323845936e-06 118
1753346887782 1.6000001323845936e-06 119
1753346902115 1.6000001323845936e-06 120
1753346916481 1.6000001323845936e-06 121
1753346931003 1.6000001323845936e-06 122
1753346945652 9.999999974752427e-07 123
1753346960042 9.999999974752427e-07 124
1753346974376 9.999999974752427e-07 125
1753346988720 9.999999974752427e-07 126
1753347003145 9.999999974752427e-07 127
1753347017472 9.999999974752427e-07 128
1753347031842 9.999999974752427e-07 129
1753347046212 9.999999974752427e-07 130
1753347060853 9.999999974752427e-07 131
1753347075167 9.999999974752427e-07 132
1753347089513 9.999999974752427e-07 133
1753347103881 9.999999974752427e-07 134
1753347118260 9.999999974752427e-07 135
1753347132656 9.999999974752427e-07 136
1753347147104 9.999999974752427e-07 137
1753347161682 9.999999974752427e-07 138
1753347176539 9.999999974752427e-07 139
1753347191538 9.999999974752427e-07 140
1753347205876 9.999999974752427e-07 141
1753347220313 9.999999974752427e-07 142
1753347234713 9.999999974752427e-07 143
1753347249021 9.999999974752427e-07 144
1753347263453 9.999999974752427e-07 145
1753347278035 9.999999974752427e-07 146
1753347292410 9.999999974752427e-07 147
1753347306989 9.999999974752427e-07 148
1753347321399 9.999999974752427e-07 149
1753347335796 9.999999974752427e-07 150
1753347350165 9.999999974752427e-07 151
1753347364554 9.999999974752427e-07 152
1753347378925 9.999999974752427e-07 153
1753347393273 9.999999974752427e-07 154
1753347407750 9.999999974752427e-07 155
1753347422268 9.999999974752427e-07 156
1753347436691 9.999999974752427e-07 157
1753347451146 9.999999974752427e-07 158
1753347465506 9.999999974752427e-07 159
1753347479913 9.999999974752427e-07 160
1753347494179 9.999999974752427e-07 161
1753347508600 9.999999974752427e-07 162
1753347523254 9.999999974752427e-07 163
1753347537618 9.999999974752427e-07 164
1753347552225 9.999999974752427e-07 165
1753347566639 9.999999974752427e-07 166
1753347581042 9.999999974752427e-07 167
1753347595380 9.999999974752427e-07 168
1753347609748 9.999999974752427e-07 169
1753347624066 9.999999974752427e-07 170
1753347638713 9.999999974752427e-07 171
1753347653395 9.999999974752427e-07 172
1753347667837 9.999999974752427e-07 173
1753347682216 9.999999974752427e-07 174
1753347696676 9.999999974752427e-07 175
1753347711013 9.999999974752427e-07 176
1753347725327 9.999999974752427e-07 177
1753347739688 9.999999974752427e-07 178
1753347753953 9.999999974752427e-07 179
1753347768494 9.999999974752427e-07 180
1753347782795 9.999999974752427e-07 181
1753347797145 9.999999974752427e-07 182
1753347811472 9.999999974752427e-07 183
1753347825813 9.999999974752427e-07 184
1753347840440 9.999999974752427e-07 185
1753347854752 9.999999974752427e-07 186
1753347869372 9.999999974752427e-07 187
1753347883970 9.999999974752427e-07 188
1753347898581 9.999999974752427e-07 189
1753347912941 9.999999974752427e-07 190
1753347927324 9.999999974752427e-07 191
1753347941686 9.999999974752427e-07 192
1753347956081 9.999999974752427e-07 193
1753347970432 9.999999974752427e-07 194
1753347985036 9.999999974752427e-07 195
1753347999451 9.999999974752427e-07 196
1753348014399 9.999999974752427e-07 197
1753348028872 9.999999974752427e-07 198
1753348043238 9.999999974752427e-07 199
1753348057577 9.999999974752427e-07 200
1753348071953 9.999999974752427e-07 201
1753348086333 9.999999974752427e-07 202
1753348100697 9.999999974752427e-07 203
1753348115102 9.999999974752427e-07 204
1753348129631 9.999999974752427e-07 205
1753348144067 9.999999974752427e-07 206
1753348158386 9.999999974752427e-07 207
1753348173048 9.999999974752427e-07 208
1753348187353 9.999999974752427e-07 209
1753348201647 9.999999974752427e-07 210
1753348215980 9.999999974752427e-07 211
1753348230621 9.999999974752427e-07 212
1753348245039 9.999999974752427e-07 213
1753348259627 9.999999974752427e-07 214
1753348273995 9.999999974752427e-07 215
1753348288397 9.999999974752427e-07 216
1753348302774 9.999999974752427e-07 217
1753348317300 9.999999974752427e-07 218
1753348331658 9.999999974752427e-07 219
1753348346213 9.999999974752427e-07 220
1753348360841 9.999999974752427e-07 221
1753348375358 9.999999974752427e-07 222
1753348389776 9.999999974752427e-07 223
1753348404341 9.999999974752427e-07 224
1753348418685 9.999999974752427e-07 225
1753348433008 9.999999974752427e-07 226
1753348447605 9.999999974752427e-07 227
1753348462145 9.999999974752427e-07 228
1753348476782 9.999999974752427e-07 229
1753348491175 9.999999974752427e-07 230
1753348505527 9.999999974752427e-07 231
1753348519939 9.999999974752427e-07 232
1753348534602 9.999999974752427e-07 233
1753348548994 9.999999974752427e-07 234
1753348563394 9.999999974752427e-07 235
1753348577936 9.999999974752427e-07 236
1753348592477 9.999999974752427e-07 237
1753348607140 9.999999974752427e-07 238
1753348621417 9.999999974752427e-07 239
1753348635720 9.999999974752427e-07 240
1753348650125 9.999999974752427e-07 241
1753348664496 9.999999974752427e-07 242
1753348678877 9.999999974752427e-07 243
1753348693486 9.999999974752427e-07 244
1753348707792 9.999999974752427e-07 245
1753348722289 9.999999974752427e-07 246
1753348736596 9.999999974752427e-07 247
1753348751170 9.999999974752427e-07 248
1753348765544 9.999999974752427e-07 249
1753348779892 9.999999974752427e-07 250
1753348794252 9.999999974752427e-07 251
1753348808624 9.999999974752427e-07 252
1753348823254 9.999999974752427e-07 253
1753348837786 9.999999974752427e-07 254
1753348852105 9.999999974752427e-07 255
1753348866407 9.999999974752427e-07 256
1753348881130 9.999999974752427e-07 257
1753348895530 9.999999974752427e-07 258
1753348909908 9.999999974752427e-07 259
1753348924251 9.999999974752427e-07 260
1753348938872 9.999999974752427e-07 261
1753348953242 9.999999974752427e-07 262
1753348967790 9.999999974752427e-07 263
1753348982118 9.999999974752427e-07 264
1753348996449 9.999999974752427e-07 265
1753349010822 9.999999974752427e-07 266
1753349025212 9.999999974752427e-07 267
1753349039603 9.999999974752427e-07 268
1753349054122 9.999999974752427e-07 269
1753349068712 9.999999974752427e-07 270
1753349083157 9.999999974752427e-07 271
1753349097553 9.999999974752427e-07 272
1753349112168 9.999999974752427e-07 273
1753349126628 9.999999974752427e-07 274
1753349140964 9.999999974752427e-07 275
1753349155322 9.999999974752427e-07 276
1753349169708 9.999999974752427e-07 277
1753349184371 9.999999974752427e-07 278
1753349198790 9.999999974752427e-07 279
1753349213247 9.999999974752427e-07 280
1753349227634 9.999999974752427e-07 281
1753349242289 9.999999974752427e-07 282
1753349256692 9.999999974752427e-07 283
1753349271001 9.999999974752427e-07 284
1753349285560 9.999999974752427e-07 285
1753349300128 9.999999974752427e-07 286
1753349314795 9.999999974752427e-07 287
1753349329075 9.999999974752427e-07 288
1753349343467 9.999999974752427e-07 289
1753349357772 9.999999974752427e-07 290
1753349372413 9.999999974752427e-07 291
1753349386996 9.999999974752427e-07 292
1753349401541 9.999999974752427e-07 293
1753349415867 9.999999974752427e-07 294
1753349430480 9.999999974752427e-07 295
1753349444982 9.999999974752427e-07 296
1753349459644 9.999999974752427e-07 297
1753349474050 9.999999974752427e-07 298
1753349488422 9.999999974752427e-07 299
1753349502789 9.999999974752427e-07 300
