1753387185701 1.0 0
1753387222145 2.0 0
1753387258835 3.0 0
1753387295369 4.0 0
1753387332654 5.0 0
1753387369760 6.0 0
1753387405857 7.0 0
1753387442020 8.0 0
1753387478322 9.0 0
1753387514447 10.0 0
1753387551159 11.0 0
1753387587377 12.0 0
1753387623532 13.0 0
1753387660319 14.0 0
1753387696768 15.0 0
1753387734382 16.0 0
1753387771985 17.0 0
1753387809409 18.0 0
1753387845806 19.0 0
1753387883035 20.0 0
1753387920445 21.0 0
1753387956960 22.0 0
1753387994424 23.0 0
1753388031760 24.0 0
1753388068912 25.0 0
1753388106195 26.0 0
1753388142509 27.0 0
1753388178697 28.0 0
1753388288042 31.0 0
1753388324255 32.0 0
1753388434068 35.0 0
1753388471060 36.0 0
1753388507201 37.0 0
1753388581430 39.0 0
1753388656765 41.0 0
1753388694441 42.0 0
