1753387167231 0.63978 1
1753387204840 0.47892 2
1753387241285 0.36641 3
1753387277989 0.27718 4
1753387314490 0.21109 5
1753387351782 0.16313 6
1753387388804 0.12872 7
1753387424881 0.10398 8
1753387461194 0.08596 9
1753387497443 0.07268 10
1753387533548 0.0627 11
1753387570323 0.05505 12
1753387606452 0.04918 13
1753387642658 0.04449 14
1753387679444 0.04079 15
1753387716057 0.03776 16
1753387753693 0.03525 17
1753387791394 0.0332 18
1753387828782 0.03147 19
1753387865167 0.03003 20
1753387902429 0.02878 21
1753387939802 0.0277 22
1753387976471 0.02677 23
1753388013860 0.02582 24
1753388051234 0.02494 25
1753388088278 0.02433 26
1753388125305 0.0238 27
1753388161766 0.0233 28
1753388197997 0.02292 29
1753388234520 0.02251 30
1753388270785 0.0222 31
1753388307258 0.02186 32
1753388343396 0.0216 33
1753388380149 0.02131 34
1753388416283 0.0211 35
1753388453341 0.02089 36
1753388490139 0.0207 37
1753388526387 0.02052 38
1753388563711 0.02038 39
1753388600639 0.02015 40
1753388638290 0.02005 41
1753388675987 0.01993 42
1753388713609 0.0198 43
1753388751126 0.01969 44
1753388789111 0.01957 45
1753388826621 0.01949 46
1753388864303 0.01935 47
1753388901350 0.01926 48
1753388938410 0.0192 49
1753388975993 0.01912 50
1753389013001 0.01904 51
1753389050117 0.01883 52
1753389087695 0.01878 53
1753389125294 0.01872 54
1753389163205 0.01872 55
1753389200717 0.01867 56
1753389237562 0.01865 57
1753389273703 0.0186 58
1753389310942 0.01859 59
1753389347913 0.01859 60
1753389385782 0.01851 61
1753389422001 0.01852 62
1753389459659 0.01849 63
1753389496409 0.01849 64
1753389533437 0.0185 65
1753389570494 0.01848 66
1753389607358 0.01846 67
1753389644552 0.01845 68
1753389682286 0.01846 69
1753389719283 0.01846 70
1753389756533 0.01844 71
1753389792955 0.01844 72
1753389830855 0.01844 73
1753389868255 0.01845 74
1753389905595 0.01842 75
1753389941954 0.01845 76
1753389978909 0.01843 77
1753390015981 0.0184 78
1753390052948 0.0184 79
1753390089204 0.01844 80
1753390125537 0.01841 81
1753390162405 0.01841 82
1753390199547 0.01842 83
1753390236361 0.01842 84
1753390273380 0.01842 85
1753390310262 0.01843 86
1753390347296 0.01843 87
1753390383981 0.01843 88
1753390421507 0.01842 89
1753390458532 0.01841 90
1753390495325 0.01842 91
1753390532258 0.01841 92
1753390569857 0.01841 93
1753390606627 0.01843 94
1753390643455 0.01842 95
1753390680310 0.01841 96
1753390716474 0.01842 97
1753390753300 0.01842 98
1753390790491 0.01839 99
1753390828127 0.01842 100
1753390864553 0.01842 101
1753390901938 0.01842 102
1753390938339 0.01843 103
1753390975208 0.01842 104
1753391011864 0.01843 105
1753391047973 0.0184 106
1753391084875 0.01839 107
1753391122407 0.01841 108
1753391158786 0.01843 109
1753391195435 0.01842 110
1753391231461 0.01843 111
1753391268037 0.01842 112
1753391304479 0.01841 113
1753391340730 0.01846 114
1753391377606 0.01842 115
1753391414542 0.01842 116
1753391450767 0.01842 117
1753391487915 0.01843 118
1753391526092 0.01841 119
1753391562917 0.01843 120
1753391599956 0.01841 121
1753391637558 0.01839 122
1753391674458 0.01838 123
1753391711584 0.01842 124
1753391748463 0.01839 125
1753391785558 0.01841 126
1753391822635 0.0184 127
1753391859027 0.01839 128
1753391895517 0.01841 129
1753391932516 0.01839 130
1753391969492 0.01842 131
1753392006535 0.01841 132
1753392044135 0.0184 133
1753392081571 0.01839 134
1753392119111 0.0184 135
1753392156953 0.01839 136
1753392193909 0.01841 137
1753392230814 0.0184 138
1753392267133 0.0184 139
1753392304004 0.01841 140
1753392341065 0.0184 141
1753392377940 0.01838 142
1753392415041 0.01837 143
1753392451984 0.0184 144
1753392488683 0.01839 145
1753392525788 0.01842 146
1753392562931 0.01838 147
1753392599956 0.01838 148
1753392636999 0.01838 149
1753392673192 0.01837 150
1753392710259 0.01839 151
1753392747387 0.0184 152
1753392785218 0.01837 153
1753392822018 0.01839 154
1753392859444 0.01839 155
1753392896581 0.0184 156
1753392933563 0.01839 157
1753392971206 0.0184 158
1753393007560 0.01838 159
1753393044911 0.0184 160
1753393082058 0.01839 161
1753393118695 0.0184 162
1753393155069 0.01838 163
1753393192095 0.01839 164
1753393229102 0.01839 165
1753393267007 0.01838 166
1753393303947 0.01838 167
1753393341044 0.0184 168
1753393378189 0.01838 169
1753393415759 0.0184 170
1753393452947 0.01837 171
1753393490409 0.01838 172
1753393526656 0.01836 173
1753393564215 0.01838 174
1753393601778 0.01837 175
1753393638826 0.01838 176
1753393675581 0.01837 177
1753393711584 0.01837 178
1753393748227 0.01839 179
1753393785398 0.01838 180
1753393822494 0.01838 181
1753393859825 0.01839 182
1753393896925 0.01838 183
1753393933901 0.01838 184
1753393971401 0.01835 185
1753394008599 0.01839 186
1753394045688 0.01835 187
1753394083379 0.01836 188
1753394120084 0.01838 189
1753394157848 0.01836 190
1753394194838 0.01837 191
1753394231140 0.01836 192
1753394268073 0.01836 193
1753394305698 0.01835 194
1753394343208 0.01837 195
1753394379777 0.01835 196
1753394417102 0.01836 197
1753394454368 0.01835 198
1753394491440 0.01836 199
1753394527655 0.01834 200
1753394565094 0.01836 201
1753394602062 0.01835 202
1753394638519 0.01836 203
1753394674817 0.01837 204
1753394710993 0.01835 205
1753394747842 0.01835 206
1753394784451 0.01834 207
1753394821555 0.01836 208
1753394858696 0.01836 209
1753394895471 0.01837 210
1753394932785 0.01834 211
1753394969734 0.01835 212
1753395006725 0.01837 213
1753395043677 0.01832 214
1753395080511 0.01837 215
1753395118803 0.01835 216
1753395155644 0.01832 217
1753395192549 0.01836 218
1753395229642 0.01833 219
1753395266554 0.01837 220
1753395303622 0.01832 221
1753395340532 0.01834 222
1753395376690 0.01834 223
1753395413657 0.01836 224
1753395450184 0.01834 225
1753395488730 0.01835 226
1753395525800 0.01835 227
1753395562774 0.01833 228
1753395599581 0.01833 229
1753395636617 0.01835 230
1753395673827 0.01834 231
1753395710617 0.01834 232
1753395747691 0.01832 233
1753395784886 0.01835 234
1753395822026 0.01835 235
1753395859331 0.01835 236
1753395895738 0.01834 237
1753395932143 0.01834 238
1753395968836 0.01832 239
1753396005700 0.01835 240
1753396042734 0.01833 241
1753396079619 0.01835 242
1753396117309 0.01835 243
1753396154397 0.01832 244
1753396191458 0.01833 245
1753396228708 0.01832 246
1753396265020 0.01832 247
1753396302221 0.01833 248
1753396339851 0.01834 249
1753396376723 0.01831 250
1753396414239 0.0183 251
1753396451497 0.01833 252
1753396488154 0.01831 253
1753396525150 0.01833 254
1753396561568 0.01831 255
1753396597822 0.0183 256
1753396634669 0.01831 257
1753396671914 0.01834 258
1753396708978 0.0183 259
1753396746308 0.01833 260
1753396783600 0.01831 261
1753396821092 0.01832 262
1753396858255 0.01831 263
1753396895271 0.01828 264
1753396932098 0.01833 265
1753396969175 0.01831 266
1753397005949 0.01831 267
1753397042909 0.01832 268
1753397079909 0.01831 269
1753397116899 0.0183 270
1753397153931 0.01833 271
1753397190887 0.01831 272
1753397227915 0.0183 273
1753397265895 0.01832 274
1753397303111 0.01834 275
1753397339593 0.01833 276
1753397376544 0.01831 277
1753397414066 0.01832 278
1753397450946 0.01829 279
1753397488743 0.01832 280
1753397526447 0.01831 281
1753397563328 0.01831 282
1753397600887 0.01832 283
1753397638488 0.01832 284
1753397676579 0.01831 285
1753397714243 0.01829 286
1753397751796 0.01828 287
1753397789261 0.01828 288
1753397826207 0.01828 289
