1753387185709 0.0010000000474974513 1
1753387222152 0.0010000000474974513 2
1753387258841 0.0010000000474974513 3
1753387295377 0.0010000000474974513 4
1753387332663 0.0010000000474974513 5
1753387369766 0.0010000000474974513 6
1753387405864 0.0010000000474974513 7
1753387442029 0.0010000000474974513 8
1753387478329 0.0010000000474974513 9
1753387514453 0.0010000000474974513 10
1753387551168 0.0010000000474974513 11
1753387587386 0.0010000000474974513 12
1753387623539 0.0010000000474974513 13
1753387660325 0.0010000000474974513 14
1753387696774 0.0010000000474974513 15
1753387734393 0.0010000000474974513 16
1753387771994 0.0010000000474974513 17
1753387809416 0.0010000000474974513 18
1753387845812 0.0010000000474974513 19
1753387883054 0.0010000000474974513 20
1753387920454 0.0010000000474974513 21
1753387956967 0.0010000000474974513 22
1753387994431 0.0010000000474974513 23
1753388031768 0.0010000000474974513 24
1753388068921 0.0010000000474974513 25
1753388106203 0.0010000000474974513 26
1753388142517 0.0010000000474974513 27
1753388178704 0.0010000000474974513 28
1753388215412 0.0010000000474974513 29
1753388251502 0.0010000000474974513 30
1753388288050 0.0010000000474974513 31
1753388324262 0.0010000000474974513 32
1753388360860 0.0010000000474974513 33
1753388397085 0.0010000000474974513 34
1753388434075 0.0010000000474974513 35
1753388471066 0.0010000000474974513 36
1753388507209 0.0010000000474974513 37
1753388544404 0.0010000000474974513 38
1753388581436 0.0010000000474974513 39
1753388619094 0.0010000000474974513 40
1753388656774 0.0010000000474974513 41
1753388694447 0.0010000000474974513 42
1753388732029 0.0010000000474974513 43
1753388770078 0.0010000000474974513 44
1753388807565 0.0010000000474974513 45
1753388845087 0.0010000000474974513 46
1753388881973 0.0010000000474974513 47
1753388919187 0.0010000000474974513 48
1753388956878 0.0010000000474974513 49
1753388993842 0.0010000000474974513 50
1753389030929 0.00020000000949949026 51
1753389068564 0.00020000000949949026 52
1753389106133 0.00020000000949949026 53
1753389144117 0.00020000000949949026 54
1753389181640 0.00020000000949949026 55
1753389218301 0.00020000000949949026 56
1753389254492 0.00020000000949949026 57
1753389291573 0.00020000000949949026 58
1753389328773 0.00020000000949949026 59
1753389366366 4.0000002627493814e-05 60
1753389402765 4.0000002627493814e-05 61
1753389440493 4.0000002627493814e-05 62
1753389477268 4.0000002627493814e-05 63
1753389514267 4.0000002627493814e-05 64
1753389551351 4.0000002627493814e-05 65
1753389588184 4.0000002627493814e-05 66
1753389625232 4.0000002627493814e-05 67
1753389662995 4.0000002627493814e-05 68
1753389699990 8.000000889296643e-06 69
1753389737014 8.000000889296643e-06 70
1753389773793 8.000000889296643e-06 71
1753389811180 8.000000889296643e-06 72
1753389848768 8.000000889296643e-06 73
1753389886163 8.000000889296643e-06 74
1753389922813 8.000000889296643e-06 75
1753389959627 8.000000889296643e-06 76
1753389996765 8.000000889296643e-06 77
1753390033920 1.6000001323845936e-06 78
1753390069938 1.6000001323845936e-06 79
1753390106301 1.6000001323845936e-06 80
1753390143230 1.6000001323845936e-06 81
1753390180556 1.6000001323845936e-06 82
1753390217239 1.6000001323845936e-06 83
1753390254119 1.6000001323845936e-06 84
1753390291168 1.6000001323845936e-06 85
1753390328038 1.6000001323845936e-06 86
1753390365005 9.999999974752427e-07 87
1753390402385 9.999999974752427e-07 88
1753390439347 9.999999974752427e-07 89
1753390476189 9.999999974752427e-07 90
1753390513103 9.999999974752427e-07 91
1753390550677 9.999999974752427e-07 92
1753390587571 9.999999974752427e-07 93
1753390624365 9.999999974752427e-07 94
1753390661243 9.999999974752427e-07 95
1753390697321 9.999999974752427e-07 96
1753390734277 9.999999974752427e-07 97
1753390771497 9.999999974752427e-07 98
1753390808954 9.999999974752427e-07 99
1753390845203 9.999999974752427e-07 100
1753390882943 9.999999974752427e-07 101
1753390919133 9.999999974752427e-07 102
1753390956060 9.999999974752427e-07 103
1753390992578 9.999999974752427e-07 104
1753391028783 9.999999974752427e-07 105
1753391065661 9.999999974752427e-07 106
1753391103330 9.999999974752427e-07 107
1753391139604 9.999999974752427e-07 108
1753391176208 9.999999974752427e-07 109
1753391212350 9.999999974752427e-07 110
1753391248848 9.999999974752427e-07 111
1753391285262 9.999999974752427e-07 112
1753391321597 9.999999974752427e-07 113
1753391358277 9.999999974752427e-07 114
1753391395349 9.999999974752427e-07 115
1753391431646 9.999999974752427e-07 116
1753391468605 9.999999974752427e-07 117
1753391506853 9.999999974752427e-07 118
1753391543793 9.999999974752427e-07 119
1753391580650 9.999999974752427e-07 120
1753391618459 9.999999974752427e-07 121
1753391655332 9.999999974752427e-07 122
1753391692515 9.999999974752427e-07 123
1753391729443 9.999999974752427e-07 124
1753391766222 9.999999974752427e-07 125
1753391803444 9.999999974752427e-07 126
1753391839929 9.999999974752427e-07 127
1753391876337 9.999999974752427e-07 128
1753391913392 9.999999974752427e-07 129
1753391950197 9.999999974752427e-07 130
1753391987340 9.999999974752427e-07 131
1753392025030 9.999999974752427e-07 132
1753392062601 9.999999974752427e-07 133
1753392100072 9.999999974752427e-07 134
1753392137592 9.999999974752427e-07 135
1753392174711 9.999999974752427e-07 136
1753392211700 9.999999974752427e-07 137
1753392247892 9.999999974752427e-07 138
1753392284907 9.999999974752427e-07 139
1753392321816 9.999999974752427e-07 140
1753392358840 9.999999974752427e-07 141
1753392395812 9.999999974752427e-07 142
1753392432861 9.999999974752427e-07 143
1753392469647 9.999999974752427e-07 144
1753392506663 9.999999974752427e-07 145
1753392543735 9.999999974752427e-07 146
1753392580869 9.999999974752427e-07 147
1753392617725 9.999999974752427e-07 148
1753392654013 9.999999974752427e-07 149
1753392691143 9.999999974752427e-07 150
1753392728261 9.999999974752427e-07 151
1753392765919 9.999999974752427e-07 152
1753392802779 9.999999974752427e-07 153
1753392840448 9.999999974752427e-07 154
1753392877314 9.999999974752427e-07 155
1753392914478 9.999999974752427e-07 156
1753392951970 9.999999974752427e-07 157
1753392988378 9.999999974752427e-07 158
1753393025822 9.999999974752427e-07 159
1753393062847 9.999999974752427e-07 160
1753393099548 9.999999974752427e-07 161
1753393135806 9.999999974752427e-07 162
1753393172913 9.999999974752427e-07 163
1753393209970 9.999999974752427e-07 164
1753393247822 9.999999974752427e-07 165
1753393284836 9.999999974752427e-07 166
1753393321878 9.999999974752427e-07 167
1753393358939 9.999999974752427e-07 168
1753393396644 9.999999974752427e-07 169
1753393433682 9.999999974752427e-07 170
1753393471396 9.999999974752427e-07 171
1753393507486 9.999999974752427e-07 172
1753393545133 9.999999974752427e-07 173
1753393582642 9.999999974752427e-07 174
1753393619611 9.999999974752427e-07 175
1753393656447 9.999999974752427e-07 176
1753393692577 9.999999974752427e-07 177
1753393728988 9.999999974752427e-07 178
1753393766221 9.999999974752427e-07 179
1753393803309 9.999999974752427e-07 180
1753393840745 9.999999974752427e-07 181
1753393877590 9.999999974752427e-07 182
1753393914754 9.999999974752427e-07 183
1753393952109 9.999999974752427e-07 184
1753393989247 9.999999974752427e-07 185
1753394026443 9.999999974752427e-07 186
1753394064177 9.999999974752427e-07 187
1753394100855 9.999999974752427e-07 188
1753394138547 9.999999974752427e-07 189
1753394175564 9.999999974752427e-07 190
1753394212114 9.999999974752427e-07 191
1753394248835 9.999999974752427e-07 192
1753394286532 9.999999974752427e-07 193
1753394324154 9.999999974752427e-07 194
1753394360441 9.999999974752427e-07 195
1753394397959 9.999999974752427e-07 196
1753394435159 9.999999974752427e-07 197
1753394472278 9.999999974752427e-07 198
1753394508401 9.999999974752427e-07 199
1753394545874 9.999999974752427e-07 200
1753394582931 9.999999974752427e-07 201
1753394619322 9.999999974752427e-07 202
1753394655495 9.999999974752427e-07 203
1753394691923 9.999999974752427e-07 204
1753394728821 9.999999974752427e-07 205
1753394765201 9.999999974752427e-07 206
1753394802441 9.999999974752427e-07 207
1753394839462 9.999999974752427e-07 208
1753394876384 9.999999974752427e-07 209
1753394913707 9.999999974752427e-07 210
1753394950468 9.999999974752427e-07 211
1753394987597 9.999999974752427e-07 212
1753395024300 9.999999974752427e-07 213
1753395061312 9.999999974752427e-07 214
1753395099694 9.999999974752427e-07 215
1753395136549 9.999999974752427e-07 216
1753395173358 9.999999974752427e-07 217
1753395210467 9.999999974752427e-07 218
1753395247391 9.999999974752427e-07 219
1753395284300 9.999999974752427e-07 220
1753395321348 9.999999974752427e-07 221
1753395357630 9.999999974752427e-07 222
1753395394436 9.999999974752427e-07 223
1753395431033 9.999999974752427e-07 224
1753395469472 9.999999974752427e-07 225
1753395506647 9.999999974752427e-07 226
1753395543679 9.999999974752427e-07 227
1753395580533 9.999999974752427e-07 228
1753395617433 9.999999974752427e-07 229
1753395654497 9.999999974752427e-07 230
1753395691514 9.999999974752427e-07 231
1753395728502 9.999999974752427e-07 232
1753395765581 9.999999974752427e-07 233
1753395802806 9.999999974752427e-07 234
1753395839977 9.999999974752427e-07 235
1753395876475 9.999999974752427e-07 236
1753395912825 9.999999974752427e-07 237
1753395949578 9.999999974752427e-07 238
1753395986492 9.999999974752427e-07 239
1753396023509 9.999999974752427e-07 240
1753396060475 9.999999974752427e-07 241
1753396098111 9.999999974752427e-07 242
1753396135213 9.999999974752427e-07 243
1753396172302 9.999999974752427e-07 244
1753396209402 9.999999974752427e-07 245
1753396245746 9.999999974752427e-07 246
1753396283042 9.999999974752427e-07 247
1753396320693 9.999999974752427e-07 248
1753396357553 9.999999974752427e-07 249
1753396395198 9.999999974752427e-07 250
1753396432313 9.999999974752427e-07 251
1753396468863 9.999999974752427e-07 252
1753396505931 9.999999974752427e-07 253
1753396542207 9.999999974752427e-07 254
1753396578500 9.999999974752427e-07 255
1753396615645 9.999999974752427e-07 256
1753396652578 9.999999974752427e-07 257
1753396689790 9.999999974752427e-07 258
1753396726887 9.999999974752427e-07 259
1753396764254 9.999999974752427e-07 260
1753396801860 9.999999974752427e-07 261
1753396839024 9.999999974752427e-07 262
1753396876013 9.999999974752427e-07 263
1753396912951 9.999999974752427e-07 264
1753396949803 9.999999974752427e-07 265
1753396986758 9.999999974752427e-07 266
1753397023676 9.999999974752427e-07 267
1753397060605 9.999999974752427e-07 268
1753397097555 9.999999974752427e-07 269
1753397134691 9.999999974752427e-07 270
1753397171696 9.999999974752427e-07 271
1753397208708 9.999999974752427e-07 272
1753397246880 9.999999974752427e-07 273
1753397283666 9.999999974752427e-07 274
1753397320268 9.999999974752427e-07 275
1753397357412 9.999999974752427e-07 276
1753397394947 9.999999974752427e-07 277
1753397431849 9.999999974752427e-07 278
1753397469335 9.999999974752427e-07 279
1753397507248 9.999999974752427e-07 280
1753397544121 9.999999974752427e-07 281
1753397581772 9.999999974752427e-07 282
1753397619322 9.999999974752427e-07 283
1753397657494 9.999999974752427e-07 284
1753397695023 9.999999974752427e-07 285
1753397732672 9.999999974752427e-07 286
1753397770219 9.999999974752427e-07 287
1753397806973 9.999999974752427e-07 288
1753397844000 9.999999974752427e-07 289
