1753431170880 0.46111 1
1753431213211 0.32243 2
1753431253677 0.2361 3
1753431294195 0.17272 4
1753431334703 0.12853 5
1753431375194 0.09841 6
1753431415539 0.07796 7
1753431456012 0.06332 8
1753431498197 0.05225 9
1753431539875 0.0443 10
1753431580706 0.03849 11
1753431621218 0.03431 12
1753431661875 0.0312 13
1753431702547 0.0289 14
1753431743275 0.02714 15
1753431783839 0.02578 16
1753431824521 0.02472 17
1753431865486 0.02387 18
1753431906006 0.02314 19
1753431946258 0.02254 20
1753431986677 0.02206 21
1753432027515 0.02163 22
1753432068415 0.02128 23
1753432109128 0.02098 24
1753432150640 0.02071 25
1753432192844 0.02046 26
1753432234570 0.02024 27
1753432275634 0.02006 28
1753432316524 0.01988 29
1753432357505 0.01974 30
1753432399036 0.01959 31
1753432440535 0.01944 32
1753432482070 0.01938 33
1753432523415 0.01923 34
1753432564288 0.01912 35
1753432605208 0.01893 36
1753432646390 0.01886 37
1753432687393 0.01882 38
1753432728112 0.01879 39
1753432769655 0.01876 40
1753432810874 0.01873 41
1753432852724 0.01868 42
1753432894455 0.01867 43
1753432935313 0.01866 44
1753432977036 0.01861 45
1753433018243 0.01858 46
1753433059145 0.01856 47
1753433100826 0.01856 48
1753433142489 0.01857 49
1753433183228 0.01855 50
1753433224814 0.01853 51
1753433265812 0.01853 52
1753433307448 0.01851 53
1753433349274 0.01851 54
1753433390164 0.01851 55
1753433431743 0.0185 56
1753433473508 0.0185 57
1753433515220 0.0185 58
1753433556287 0.01851 59
1753433597904 0.01852 60
1753433638558 0.01849 61
1753433680465 0.01849 62
1753433721326 0.01849 63
1753433763082 0.01849 64
1753433804005 0.0185 65
1753433845597 0.01848 66
1753433886694 0.01849 67
1753433928025 0.01849 68
1753433969565 0.01849 69
1753434010917 0.0185 70
1753434052587 0.0185 71
1753434094472 0.01849 72
1753434136469 0.01849 73
1753434177778 0.01849 74
1753434218903 0.01849 75
1753434260486 0.0185 76
1753434301596 0.01849 77
1753434343527 0.01847 78
1753434385168 0.01848 79
1753434426257 0.0185 80
1753434468178 0.01849 81
1753434509923 0.0185 82
1753434551813 0.0185 83
1753434593736 0.01848 84
1753434635069 0.01851 85
1753434676887 0.01848 86
1753434718817 0.01848 87
1753434760430 0.0185 88
1753434801901 0.01847 89
1753434843921 0.01849 90
1753434886770 0.01848 91
1753434928745 0.01847 92
1753434970007 0.01848 93
1753435011513 0.01851 94
1753435053300 0.01847 95
1753435095333 0.01846 96
1753435137455 0.01849 97
1753435178719 0.01847 98
1753435220733 0.01849 99
1753435262592 0.01847 100
1753435305223 0.0185 101
1753435347866 0.01847 102
1753435390279 0.01846 103
1753435431977 0.01848 104
1753435473975 0.01848 105
1753435515755 0.0185 106
1753435557669 0.01848 107
1753435600147 0.01847 108
1753435642067 0.01846 109
1753435684494 0.01846 110
1753435725880 0.01846 111
1753435767607 0.01849 112
1753435810263 0.01847 113
1753435851905 0.01847 114
1753435893905 0.01846 115
1753435936558 0.01848 116
1753435978807 0.01848 117
1753436021308 0.01849 118
1753436063170 0.01844 119
1753436105465 0.01845 120
1753436147709 0.01845 121
1753436189723 0.01849 122
1753436231484 0.01846 123
1753436273609 0.01846 124
1753436315407 0.01846 125
1753436356456 0.01847 126
1753436398372 0.01848 127
1753436440549 0.01846 128
1753436481662 0.01845 129
1753436523531 0.01847 130
1753436565468 0.01844 131
1753436606927 0.01845 132
1753436647997 0.01845 133
1753436689093 0.01845 134
1753436730707 0.01846 135
1753436772058 0.01847 136
1753436814284 0.01845 137
1753436856360 0.01845 138
1753436897512 0.01845 139
1753436938934 0.01844 140
1753436981331 0.01844 141
1753437022658 0.01845 142
1753437064417 0.01845 143
1753437106131 0.01845 144
1753437147940 0.01846 145
1753437190401 0.01846 146
1753437232630 0.01848 147
1753437274384 0.01845 148
1753437315940 0.01846 149
1753437357338 0.01846 150
1753437398831 0.01844 151
1753437440405 0.01842 152
1753437481745 0.01846 153
1753437523784 0.01844 154
1753437565327 0.01844 155
1753437607464 0.01842 156
1753437648452 0.01844 157
1753437689870 0.01841 158
1753437730964 0.01845 159
1753437772524 0.01843 160
1753437813971 0.01843 161
1753437855499 0.01842 162
1753437896831 0.01844 163
1753437938265 0.01843 164
1753437979645 0.01845 165
1753438021123 0.01844 166
1753438062522 0.01847 167
1753438104630 0.01843 168
1753438145883 0.01842 169
1753438187383 0.01843 170
1753438228901 0.01844 171
1753438270589 0.01843 172
1753438311961 0.01841 173
1753438353629 0.01845 174
1753438395725 0.01841 175
1753438437383 0.01843 176
1753438478911 0.01842 177
1753438519956 0.01843 178
1753438561725 0.01843 179
1753438603846 0.01844 180
1753438646388 0.01843 181
1753438688286 0.01844 182
1753438730132 0.01843 183
1753438772591 0.01841 184
1753438814320 0.01843 185
1753438856134 0.01843 186
1753438898030 0.01841 187
1753438939699 0.01843 188
1753438981707 0.01841 189
1753439023447 0.01842 190
1753439064562 0.01842 191
1753439106568 0.01843 192
1753439148411 0.01842 193
1753439190300 0.01842 194
1753439232152 0.01842 195
1753439273923 0.01841 196
1753439315631 0.01843 197
1753439357428 0.01843 198
1753439398448 0.01841 199
1753439439970 0.01843 200
1753439481938 0.0184 201
1753439523843 0.01841 202
1753439565772 0.01841 203
1753439608564 0.01841 204
1753439650818 0.01841 205
1753439692126 0.01841 206
1753439734202 0.01842 207
1753439775904 0.01842 208
1753439817480 0.01839 209
1753439859626 0.01841 210
1753439901670 0.0184 211
1753439942979 0.01839 212
1753439984574 0.0184 213
1753440026675 0.0184 214
1753440068031 0.0184 215
1753440110273 0.01842 216
1753440152404 0.0184 217
1753440194391 0.01839 218
1753440235838 0.0184 219
1753440277859 0.0184 220
1753440319231 0.01841 221
1753440359626 0.01839 222
1753440401117 0.01841 223
1753440442450 0.0184 224
1753440484014 0.01841 225
1753440525276 0.01841 226
1753440567383 0.01839 227
1753440608795 0.01841 228
1753440650933 0.0184 229
1753440692970 0.01839 230
1753440735021 0.01838 231
1753440777204 0.0184 232
1753440819417 0.01839 233
1753440861128 0.01837 234
1753440903108 0.01839 235
1753440944521 0.01841 236
1753440986859 0.01838 237
1753441028845 0.01839 238
1753441069821 0.01837 239
1753441111389 0.01841 240
1753441153768 0.01837 241
1753441195830 0.01839 242
1753441237658 0.01837 243
1753441279486 0.01839 244
1753441321217 0.01837 245
1753441362896 0.01839 246
1753441404802 0.01836 247
1753441445979 0.01838 248
1753441487889 0.01838 249
1753441529897 0.01837 250
1753441571681 0.0184 251
1753441612512 0.01838 252
1753441655461 0.01838 253
1753441696561 0.01838 254
1753441738368 0.01839 255
1753441780803 0.01836 256
1753441822472 0.01837 257
1753441864492 0.01839 258
1753441905462 0.01837 259
1753441947772 0.01839 260
1753441988911 0.01838 261
1753442031912 0.0184 262
1753442072614 0.01836 263
1753442114706 0.01835 264
1753442156761 0.01835 265
1753442199005 0.01836 266
1753442241137 0.01838 267
1753442282112 0.01839 268
1753442324111 0.01836 269
1753442365474 0.01837 270
1753442406417 0.01837 271
1753442448962 0.01837 272
1753442490410 0.01838 273
1753442532345 0.01838 274
1753442574066 0.01838 275
1753442615892 0.01836 276
1753442658711 0.01838 277
1753442701341 0.01837 278
1753442743404 0.01838 279
1753442785590 0.01834 280
1753442828314 0.01836 281
1753442870707 0.01838 282
1753442912702 0.01834 283
1753442954551 0.01834 284
1753442995544 0.01835 285
1753443038448 0.01836 286
1753443080229 0.01836 287
1753443122082 0.01834 288
1753443163661 0.01837 289
1753443206005 0.01836 290
1753443248414 0.01833 291
1753443289779 0.01835 292
1753443332271 0.01835 293
1753443374665 0.01836 294
1753443417050 0.01837 295
1753443459513 0.01834 296
1753443501386 0.01834 297
1753443543244 0.01835 298
1753443584702 0.01833 299
1753443626760 0.01836 300
