1753431189486 0.0010000000474974513 1
1753431229949 0.0010000000474974513 2
1753431270386 0.0010000000474974513 3
1753431310998 0.0010000000474974513 4
1753431351457 0.0010000000474974513 5
1753431391696 0.0010000000474974513 6
1753431432306 0.0010000000474974513 7
1753431474450 0.0010000000474974513 8
1753431516189 0.0010000000474974513 9
1753431556927 0.0010000000474974513 10
1753431597497 0.0010000000474974513 11
1753431637999 0.0010000000474974513 12
1753431678732 0.0010000000474974513 13
1753431719417 0.0010000000474974513 14
1753431760085 0.0010000000474974513 15
1753431800739 0.0010000000474974513 16
1753431841709 0.0010000000474974513 17
1753431882238 0.0010000000474974513 18
1753431922531 0.0010000000474974513 19
1753431962662 0.0010000000474974513 20
1753432003435 0.0010000000474974513 21
1753432044346 0.0010000000474974513 22
1753432084845 0.0010000000474974513 23
1753432126425 0.0010000000474974513 24
1753432168786 0.0010000000474974513 25
1753432210421 0.0010000000474974513 26
1753432251420 0.0010000000474974513 27
1753432292420 0.0010000000474974513 28
1753432333402 0.0010000000474974513 29
1753432374819 0.0010000000474974513 30
1753432416420 0.0010000000474974513 31
1753432457663 0.0010000000474974513 32
1753432499142 0.0010000000474974513 33
1753432540101 0.0010000000474974513 34
1753432580892 0.00020000000949949026 35
1753432622004 0.00020000000949949026 36
1753432663344 0.00020000000949949026 37
1753432703852 0.00020000000949949026 38
1753432745418 0.00020000000949949026 39
1753432786619 0.00020000000949949026 40
1753432828283 0.00020000000949949026 41
1753432870415 0.00020000000949949026 42
1753432911227 0.00020000000949949026 43
1753432952710 4.0000002627493814e-05 44
1753432994042 4.0000002627493814e-05 45
1753433034872 4.0000002627493814e-05 46
1753433076599 4.0000002627493814e-05 47
1753433118298 4.0000002627493814e-05 48
1753433158939 4.0000002627493814e-05 49
1753433200628 4.0000002627493814e-05 50
1753433241658 4.0000002627493814e-05 51
1753433283301 4.0000002627493814e-05 52
1753433324922 8.000000889296643e-06 53
1753433365937 8.000000889296643e-06 54
1753433407691 8.000000889296643e-06 55
1753433449241 8.000000889296643e-06 56
1753433491119 8.000000889296643e-06 57
1753433532185 8.000000889296643e-06 58
1753433573868 8.000000889296643e-06 59
1753433614544 8.000000889296643e-06 60
1753433656316 8.000000889296643e-06 61
1753433697173 1.6000001323845936e-06 62
1753433738997 1.6000001323845936e-06 63
1753433780088 1.6000001323845936e-06 64
1753433821566 1.6000001323845936e-06 65
1753433862731 1.6000001323845936e-06 66
1753433904235 1.6000001323845936e-06 67
1753433945494 1.6000001323845936e-06 68
1753433986947 1.6000001323845936e-06 69
1753434028460 1.6000001323845936e-06 70
1753434070162 9.999999974752427e-07 71
1753434112134 9.999999974752427e-07 72
1753434153458 9.999999974752427e-07 73
1753434194493 9.999999974752427e-07 74
1753434236405 9.999999974752427e-07 75
1753434277292 9.999999974752427e-07 76
1753434319233 9.999999974752427e-07 77
1753434360385 9.999999974752427e-07 78
1753434401848 9.999999974752427e-07 79
1753434443916 9.999999974752427e-07 80
1753434485652 9.999999974752427e-07 81
1753434527419 9.999999974752427e-07 82
1753434569468 9.999999974752427e-07 83
1753434610590 9.999999974752427e-07 84
1753434652511 9.999999974752427e-07 85
1753434694675 9.999999974752427e-07 86
1753434735978 9.999999974752427e-07 87
1753434777599 9.999999974752427e-07 88
1753434819589 9.999999974752427e-07 89
1753434862489 9.999999974752427e-07 90
1753434904331 9.999999974752427e-07 91
1753434945762 9.999999974752427e-07 92
1753434987066 9.999999974752427e-07 93
1753435028867 9.999999974752427e-07 94
1753435070954 9.999999974752427e-07 95
1753435113001 9.999999974752427e-07 96
1753435154353 9.999999974752427e-07 97
1753435196406 9.999999974752427e-07 98
1753435238420 9.999999974752427e-07 99
1753435280802 9.999999974752427e-07 100
1753435323491 9.999999974752427e-07 101
1753435366024 9.999999974752427e-07 102
1753435407934 9.999999974752427e-07 103
1753435449617 9.999999974752427e-07 104
1753435491598 9.999999974752427e-07 105
1753435533343 9.999999974752427e-07 106
1753435575831 9.999999974752427e-07 107
1753435617672 9.999999974752427e-07 108
1753435660262 9.999999974752427e-07 109
1753435701583 9.999999974752427e-07 110
1753435743397 9.999999974752427e-07 111
1753435785792 9.999999974752427e-07 112
1753435827723 9.999999974752427e-07 113
1753435869465 9.999999974752427e-07 114
1753435912475 9.999999974752427e-07 115
1753435954740 9.999999974752427e-07 116
1753435996897 9.999999974752427e-07 117
1753436038853 9.999999974752427e-07 118
1753436081312 9.999999974752427e-07 119
1753436123339 9.999999974752427e-07 120
1753436165383 9.999999974752427e-07 121
1753436207115 9.999999974752427e-07 122
1753436249344 9.999999974752427e-07 123
1753436290761 9.999999974752427e-07 124
1753436331917 9.999999974752427e-07 125
1753436374012 9.999999974752427e-07 126
1753436416011 9.999999974752427e-07 127
1753436457202 9.999999974752427e-07 128
1753436499105 9.999999974752427e-07 129
1753436540987 9.999999974752427e-07 130
1753436582852 9.999999974752427e-07 131
1753436623634 9.999999974752427e-07 132
1753436664553 9.999999974752427e-07 133
1753436706483 9.999999974752427e-07 134
1753436747728 9.999999974752427e-07 135
1753436789629 9.999999974752427e-07 136
1753436832107 9.999999974752427e-07 137
1753436873068 9.999999974752427e-07 138
1753436914573 9.999999974752427e-07 139
1753436957098 9.999999974752427e-07 140
1753436997951 9.999999974752427e-07 141
1753437040221 9.999999974752427e-07 142
1753437081776 9.999999974752427e-07 143
1753437123638 9.999999974752427e-07 144
1753437166072 9.999999974752427e-07 145
1753437208057 9.999999974752427e-07 146
1753437250071 9.999999974752427e-07 147
1753437291822 9.999999974752427e-07 148
1753437333337 9.999999974752427e-07 149
1753437374791 9.999999974752427e-07 150
1753437416417 9.999999974752427e-07 151
1753437457974 9.999999974752427e-07 152
1753437499859 9.999999974752427e-07 153
1753437541363 9.999999974752427e-07 154
1753437583509 9.999999974752427e-07 155
1753437624492 9.999999974752427e-07 156
1753437665955 9.999999974752427e-07 157
1753437707045 9.999999974752427e-07 158
1753437748635 9.999999974752427e-07 159
1753437789969 9.999999974752427e-07 160
1753437831575 9.999999974752427e-07 161
1753437872912 9.999999974752427e-07 162
1753437914380 9.999999974752427e-07 163
1753437955716 9.999999974752427e-07 164
1753437997121 9.999999974752427e-07 165
1753438038574 9.999999974752427e-07 166
1753438080696 9.999999974752427e-07 167
1753438122052 9.999999974752427e-07 168
1753438163504 9.999999974752427e-07 169
1753438204854 9.999999974752427e-07 170
1753438246368 9.999999974752427e-07 171
1753438287554 9.999999974752427e-07 172
1753438329558 9.999999974752427e-07 173
1753438371264 9.999999974752427e-07 174
1753438413231 9.999999974752427e-07 175
1753438454641 9.999999974752427e-07 176
1753438495562 9.999999974752427e-07 177
1753438537374 9.999999974752427e-07 178
1753438579594 9.999999974752427e-07 179
1753438621956 9.999999974752427e-07 180
1753438663949 9.999999974752427e-07 181
1753438705792 9.999999974752427e-07 182
1753438748324 9.999999974752427e-07 183
1753438790279 9.999999974752427e-07 184
1753438831824 9.999999974752427e-07 185
1753438873688 9.999999974752427e-07 186
1753438915361 9.999999974752427e-07 187
1753438957496 9.999999974752427e-07 188
1753438999154 9.999999974752427e-07 189
1753439040067 9.999999974752427e-07 190
1753439082203 9.999999974752427e-07 191
1753439124153 9.999999974752427e-07 192
1753439165903 9.999999974752427e-07 193
1753439207742 9.999999974752427e-07 194
1753439249567 9.999999974752427e-07 195
1753439291347 9.999999974752427e-07 196
1753439333197 9.999999974752427e-07 197
1753439374108 9.999999974752427e-07 198
1753439415574 9.999999974752427e-07 199
1753439457674 9.999999974752427e-07 200
1753439499550 9.999999974752427e-07 201
1753439541389 9.999999974752427e-07 202
1753439584461 9.999999974752427e-07 203
1753439626641 9.999999974752427e-07 204
1753439667985 9.999999974752427e-07 205
1753439709537 9.999999974752427e-07 206
1753439751533 9.999999974752427e-07 207
1753439793303 9.999999974752427e-07 208
1753439835603 9.999999974752427e-07 209
1753439877823 9.999999974752427e-07 210
1753439919145 9.999999974752427e-07 211
1753439960604 9.999999974752427e-07 212
1753440002748 9.999999974752427e-07 213
1753440044175 9.999999974752427e-07 214
1753440086228 9.999999974752427e-07 215
1753440128517 9.999999974752427e-07 216
1753440170573 9.999999974752427e-07 217
1753440211894 9.999999974752427e-07 218
1753440254020 9.999999974752427e-07 219
1753440295285 9.999999974752427e-07 220
1753440335643 9.999999974752427e-07 221
1753440377061 9.999999974752427e-07 222
1753440418499 9.999999974752427e-07 223
1753440459983 9.999999974752427e-07 224
1753440501496 9.999999974752427e-07 225
1753440543464 9.999999974752427e-07 226
1753440584845 9.999999974752427e-07 227
1753440626997 9.999999974752427e-07 228
1753440669097 9.999999974752427e-07 229
1753440711177 9.999999974752427e-07 230
1753440753195 9.999999974752427e-07 231
1753440795418 9.999999974752427e-07 232
1753440836996 9.999999974752427e-07 233
1753440878923 9.999999974752427e-07 234
1753440920275 9.999999974752427e-07 235
1753440962679 9.999999974752427e-07 236
1753441004543 9.999999974752427e-07 237
1753441045470 9.999999974752427e-07 238
1753441087330 9.999999974752427e-07 239
1753441129323 9.999999974752427e-07 240
1753441171565 9.999999974752427e-07 241
1753441213325 9.999999974752427e-07 242
1753441255124 9.999999974752427e-07 243
1753441296918 9.999999974752427e-07 244
1753441338566 9.999999974752427e-07 245
1753441380501 9.999999974752427e-07 246
1753441421471 9.999999974752427e-07 247
1753441463505 9.999999974752427e-07 248
1753441505540 9.999999974752427e-07 249
1753441547258 9.999999974752427e-07 250
1753441588304 9.999999974752427e-07 251
1753441631060 9.999999974752427e-07 252
1753441672173 9.999999974752427e-07 253
1753441714000 9.999999974752427e-07 254
1753441756568 9.999999974752427e-07 255
1753441798344 9.999999974752427e-07 256
1753441840587 9.999999974752427e-07 257
1753441881674 9.999999974752427e-07 258
1753441923705 9.999999974752427e-07 259
1753441964592 9.999999974752427e-07 260
1753442007613 9.999999974752427e-07 261
1753442048607 9.999999974752427e-07 262
1753442090774 9.999999974752427e-07 263
1753442132799 9.999999974752427e-07 264
1753442174975 9.999999974752427e-07 265
1753442217202 9.999999974752427e-07 266
1753442258186 9.999999974752427e-07 267
1753442300291 9.999999974752427e-07 268
1753442341607 9.999999974752427e-07 269
1753442382255 9.999999974752427e-07 270
1753442424563 9.999999974752427e-07 271
1753442466128 9.999999974752427e-07 272
1753442507959 9.999999974752427e-07 273
1753442549838 9.999999974752427e-07 274
1753442591594 9.999999974752427e-07 275
1753442634451 9.999999974752427e-07 276
1753442677039 9.999999974752427e-07 277
1753442719036 9.999999974752427e-07 278
1753442761564 9.999999974752427e-07 279
1753442803828 9.999999974752427e-07 280
1753442846484 9.999999974752427e-07 281
1753442888199 9.999999974752427e-07 282
1753442930236 9.999999974752427e-07 283
1753442971203 9.999999974752427e-07 284
1753443014232 9.999999974752427e-07 285
1753443055987 9.999999974752427e-07 286
1753443097725 9.999999974752427e-07 287
1753443139541 9.999999974752427e-07 288
1753443181563 9.999999974752427e-07 289
1753443224166 9.999999974752427e-07 290
1753443265241 9.999999974752427e-07 291
1753443307960 9.999999974752427e-07 292
1753443350424 9.999999974752427e-07 293
1753443392775 9.999999974752427e-07 294
1753443435232 9.999999974752427e-07 295
1753443477105 9.999999974752427e-07 296
1753443518883 9.999999974752427e-07 297
1753443560465 9.999999974752427e-07 298
1753443602340 9.999999974752427e-07 299
1753443644292 9.999999974752427e-07 300
