1752945508808 1.0 0
1752945522314 2.0 0
1752945535740 3.0 0
1752945549067 4.0 0
1752945562382 5.0 0
1752945576063 6.0 0
1752945589397 7.0 0
1752945604023 8.0 0
1752945618504 9.0 0
1752945631903 10.0 0
1752945645229 11.0 0
1752945660033 12.0 0
1752945673421 13.0 0
1752945686795 14.0 0
1752945700130 15.0 0
1752945713601 16.0 0
1752945727029 17.0 0
1752945740480 18.0 0
1752945753836 19.0 0
1752945767158 20.0 0
1752945780511 21.0 0
1752945794365 22.0 0
1752945808043 23.0 0
1752945822268 24.0 0
1752945835550 25.0 0
1752945848864 26.0 0
1752945876028 28.0 0
1752945889519 29.0 0
1752945902893 30.0 0
1752945916261 31.0 0
1752945943056 33.0 0
1752945956504 34.0 0
1752945969867 35.0 0
1752946024338 39.0 0
1752946077771 43.0 0
1752946131307 47.0 0
