1752945496550 0.48111 1
1752945511393 0.33807 2
1752945524867 0.268 3
1752945538256 0.21735 4
1752945551588 0.17774 5
1752945564903 0.1468 6
1752945578584 0.12068 7
1752945591904 0.09185 8
1752945606575 0.07705 9
1752945621038 0.06652 10
1752945634370 0.0585 11
1752945647707 0.05224 12
1752945662544 0.04725 13
1752945675901 0.04322 14
1752945689254 0.03997 15
1752945702710 0.03732 16
1752945716180 0.03503 17
1752945729519 0.03321 18
1752945742985 0.03159 19
1752945756292 0.03027 20
1752945769653 0.02907 21
1752945783031 0.02808 22
1752945796850 0.02726 23
1752945810540 0.02642 24
1752945824726 0.02569 25
1752945838018 0.02511 26
1752945851330 0.02455 27
1752945864712 0.02411 28
1752945878620 0.02365 29
1752945892037 0.02323 30
1752945905413 0.02294 31
1752945918859 0.02259 32
1752945932185 0.02228 33
1752945945629 0.02202 34
1752945958960 0.02176 35
1752945972361 0.02155 36
1752945985848 0.02135 37
1752945999273 0.02114 38
1752946012625 0.02093 39
1752946026851 0.02077 40
1752946040283 0.02061 41
1752946053665 0.02047 42
1752946066995 0.02034 43
1752946080301 0.02017 44
1752946093578 0.02005 45
1752946106849 0.01999 46
1752946120178 0.01989 47
1752946133777 0.01976 48
1752946147141 0.0197 49
1752946160375 0.01958 50
1752946173768 0.01949 51
1752946187121 0.01936 52
1752946200355 0.01932 53
1752946214139 0.01921 54
1752946227983 0.01922 55
1752946241235 0.01914 56
1752946255311 0.01906 57
1752946268609 0.01901 58
1752946282027 0.01889 59
1752946295297 0.01886 60
1752946308708 0.01879 61
1752946322072 0.0188 62
1752946335533 0.01873 63
1752946348905 0.01868 64
1752946362207 0.01862 65
1752946375826 0.0186 66
1752946389433 0.01854 67
1752946402787 0.01848 68
1752946416746 0.01845 69
1752946430071 0.01842 70
1752946444347 0.01838 71
1752946457820 0.01829 72
1752946471179 0.01827 73
1752946484521 0.0183 74
1752946497830 0.01824 75
1752946511271 0.01819 76
1752946524666 0.01826 77
1752946538025 0.0181 78
1752946551360 0.01811 79
1752946564731 0.0181 80
1752946578213 0.01801 81
1752946591545 0.018 82
1752946604966 0.01801 83
1752946618553 0.01795 84
1752946632296 0.018 85
1752946646708 0.01794 86
1752946659895 0.01786 87
1752946673540 0.01786 88
1752946686806 0.01787 89
1752946700032 0.0178 90
1752946713272 0.01782 91
1752946726625 0.0178 92
1752946739946 0.01783 93
1752946753270 0.01775 94
1752946766528 0.01769 95
1752946779934 0.01771 96
1752946793266 0.0177 97
1752946806531 0.0177 98
1752946820219 0.01762 99
1752946833727 0.01763 100
1752946847070 0.01758 101
1752946861371 0.0176 102
1752946875031 0.01757 103
1752946888854 0.01757 104
1752946902245 0.01751 105
1752946915500 0.01753 106
1752946928803 0.01751 107
1752946942070 0.01752 108
1752946955366 0.01748 109
1752946968738 0.01745 110
1752946981948 0.01741 111
1752946995212 0.01745 112
1752947008504 0.01743 113
1752947021821 0.01743 114
1752947035440 0.01737 115
1752947048809 0.01737 116
1752947063345 0.01739 117
1752947076715 0.01733 118
1752947090144 0.01736 119
1752947103921 0.01736 120
1752947117540 0.01734 121
1752947130869 0.01729 122
1752947144085 0.01732 123
1752947157553 0.01724 124
1752947170956 0.01731 125
1752947184437 0.01722 126
1752947197741 0.01728 127
1752947211085 0.01724 128
1752947224424 0.01725 129
1752947237811 0.01718 130
1752947251777 0.01721 131
1752947265711 0.01719 132
1752947279307 0.01722 133
1752947292603 0.01719 134
1752947306516 0.01715 135
1752947320507 0.01714 136
1752947333841 0.01714 137
1752947347229 0.01711 138
1752947360715 0.01712 139
1752947374612 0.01712 140
1752947388030 0.01716 141
1752947401354 0.01707 142
1752947414753 0.0171 143
1752947428061 0.01707 144
1752947441310 0.0171 145
1752947454841 0.01705 146
1752947468109 0.01703 147
1752947482511 0.01705 148
1752947495858 0.01703 149
1752947509138 0.01708 150
1752947522539 0.017 151
1752947536166 0.0171 152
1752947549471 0.01704 153
1752947562706 0.017 154
1752947576013 0.01703 155
1752947589260 0.01702 156
1752947603190 0.017 157
1752947616471 0.01701 158
1752947629823 0.017 159
1752947643126 0.01703 160
1752947656347 0.01693 161
1752947670596 0.017 162
1752947684567 0.01699 163
1752947698160 0.01693 164
1752947711472 0.01692 165
1752947724818 0.01693 166
1752947738415 0.01689 167
1752947752123 0.0169 168
1752947765554 0.01692 169
1752947778805 0.01693 170
1752947792207 0.01689 171
1752947805586 0.01688 172
1752947818922 0.01686 173
1752947832300 0.01687 174
1752947845640 0.01686 175
1752947859302 0.01692 176
1752947873040 0.01689 177
1752947886544 0.01684 178
1752947900762 0.01685 179
1752947914105 0.01685 180
1752947927608 0.01686 181
1752947940852 0.01687 182
1752947954697 0.01686 183
1752947968098 0.01682 184
1752947981393 0.01683 185
1752947994718 0.01681 186
1752948008141 0.01682 187
1752948021465 0.01677 188
1752948034745 0.01681 189
1752948048032 0.01686 190
1752948061288 0.01681 191
1752948074557 0.0168 192
1752948087911 0.0168 193
1752948102708 0.01679 194
1752948116460 0.01674 195
1752948129870 0.01678 196
1752948143236 0.01676 197
1752948156536 0.01674 198
1752948170423 0.01682 199
1752948183786 0.01678 200
1752948197065 0.01676 201
1752948210421 0.01678 202
1752948223645 0.01677 203
1752948236960 0.01675 204
1752948250205 0.01676 205
1752948263534 0.01674 206
1752948276788 0.01676 207
1752948290343 0.01673 208
1752948303995 0.01672 209
1752948318511 0.01671 210
1752948331784 0.01676 211
1752948344999 0.01675 212
1752948358519 0.0167 213
1752948371910 0.01672 214
1752948385721 0.01665 215
1752948398989 0.0167 216
1752948412201 0.01669 217
1752948425412 0.01668 218
1752948438670 0.01665 219
1752948452090 0.01666 220
1752948465396 0.01668 221
1752948478667 0.01671 222
1752948491979 0.01668 223
1752948505629 0.01671 224
1752948520800 0.01668 225
1752948534027 0.01664 226
1752948547315 0.01666 227
1752948560460 0.01661 228
1752948573795 0.01667 229
1752948587128 0.01666 230
1752948601071 0.01665 231
1752948614376 0.01664 232
1752948627727 0.01667 233
1752948641047 0.01665 234
1752948654415 0.01665 235
1752948667791 0.01663 236
1752948681095 0.01664 237
1752948694433 0.01666 238
1752948708002 0.01661 239
1752948722041 0.01663 240
1752948736085 0.01667 241
1752948749245 0.01661 242
1752948762866 0.01661 243
1752948776056 0.01665 244
1752948789309 0.01663 245
1752948803140 0.01664 246
1752948816766 0.01659 247
1752948830081 0.01658 248
1752948843331 0.01662 249
1752948856785 0.01656 250
1752948870055 0.01662 251
1752948883258 0.01662 252
1752948896467 0.01662 253
1752948909753 0.01658 254
1752948923328 0.01658 255
1752948937914 0.01661 256
1752948951365 0.01656 257
1752948964683 0.0166 258
1752948977953 0.01657 259
1752948991218 0.01658 260
1752949004569 0.01658 261
1752949018422 0.01659 262
1752949031834 0.01657 263
1752949045142 0.01655 264
1752949058505 0.01657 265
1752949071893 0.01652 266
1752949085203 0.01651 267
1752949098855 0.01653 268
1752949112134 0.01654 269
1752949125860 0.01655 270
1752949140024 0.0165 271
1752949153793 0.01655 272
1752949167318 0.01656 273
1752949180651 0.01656 274
1752949193940 0.01655 275
1752949207194 0.01656 276
1752949220633 0.0165 277
1752949234330 0.01652 278
1752949247634 0.01655 279
1752949260926 0.01657 280
1752949274224 0.01654 281
1752949287577 0.01652 282
1752949300951 0.01651 283
1752949314296 0.01652 284
1752949327746 0.01652 285
1752949341426 0.01656 286
1752949355593 0.01654 287
1752949368797 0.01652 288
1752949382320 0.01653 289
1752949395614 0.01653 290
1752949409055 0.0165 291
1752949422421 0.01647 292
1752949435833 0.01653 293
1752949449688 0.01647 294
1752949462963 0.0165 295
1752949476277 0.01651 296
1752949489650 0.01647 297
1752949502956 0.01652 298
1752949516297 0.0165 299
1752949529612 0.01649 300
