1753329101240 1.0 0
1753329141852 2.0 0
1753329182227 3.0 0
1753329222608 4.0 0
1753329262907 5.0 0
1753329303910 6.0 0
1753329345083 7.0 0
1753329386235 8.0 0
1753329427679 9.0 0
1753329469115 10.0 0
1753329509693 11.0 0
1753329551640 12.0 0
1753329593122 13.0 0
1753329635359 14.0 0
1753329677891 15.0 0
1753329721400 16.0 0
1753329764261 17.0 0
1753329806740 18.0 0
1753329848722 19.0 0
1753329890658 20.0 0
1753329932540 21.0 0
1753330061112 24.0 0
1753330145875 26.0 0
1753330315657 30.0 0
1753330401062 32.0 0
1753330528717 35.0 0
