1753329082401 0.52944 1
1753329125199 0.36582 2
1753329165708 0.25023 3
1753329206051 0.17045 4
1753329246359 0.11874 5
1753329286574 0.08576 6
1753329327670 0.06586 7
1753329368911 0.05324 8
1753329409985 0.04486 9
1753329451442 0.03911 10
1753329492972 0.03494 11
1753329533437 0.03192 12
1753329575421 0.02967 13
1753329617653 0.02788 14
1753329659651 0.02648 15
1753329702723 0.02538 16
1753329746035 0.02448 17
1753329789204 0.02373 18
1753329831414 0.02311 19
1753329873745 0.02259 20
1753329915668 0.02214 21
1753329957474 0.02173 22
1753330000189 0.02137 23
1753330042875 0.02108 24
1753330085737 0.02083 25
1753330128061 0.0206 26
1753330170961 0.0204 27
1753330213548 0.02022 28
1753330255679 0.02005 29
1753330298175 0.0199 30
1753330340543 0.01976 31
1753330383503 0.01963 32
1753330426134 0.01953 33
1753330469362 0.01945 34
1753330511217 0.01935 35
1753330553636 0.01922 36
1753330596690 0.01913 37
1753330639297 0.01909 38
1753330682284 0.01902 39
1753330724237 0.01893 40
1753330767235 0.01887 41
1753330810447 0.01882 42
1753330853519 0.01879 43
1753330896112 0.01873 44
1753330938547 0.01851 45
1753330981060 0.0184 46
1753331023537 0.01841 47
1753331066363 0.01837 48
1753331109013 0.01836 49
1753331151319 0.01833 50
1753331194674 0.01833 51
1753331237903 0.0183 52
1753331280342 0.01828 53
1753331322963 0.01822 54
1753331365469 0.01821 55
1753331408216 0.01818 56
1753331450737 0.01819 57
1753331493334 0.01818 58
1753331535580 0.01816 59
1753331578020 0.01818 60
1753331620482 0.01814 61
1753331662113 0.01816 62
1753331704717 0.01816 63
1753331747164 0.01817 64
1753331789273 0.01815 65
1753331832344 0.01814 66
1753331874986 0.01813 67
1753331917669 0.01815 68
1753331960150 0.01814 69
1753332002437 0.01817 70
1753332044435 0.01814 71
1753332086633 0.01816 72
1753332128968 0.01814 73
1753332171129 0.01814 74
1753332213335 0.01812 75
1753332255455 0.01812 76
1753332297529 0.01815 77
1753332340223 0.01814 78
1753332382631 0.01815 79
1753332425083 0.01813 80
1753332467862 0.01813 81
1753332510083 0.01813 82
1753332553181 0.01815 83
1753332595557 0.01812 84
1753332638465 0.01813 85
1753332680558 0.01813 86
1753332723344 0.01812 87
1753332764806 0.01813 88
1753332806415 0.01813 89
1753332847968 0.01813 90
1753332889265 0.01813 91
1753332930546 0.01814 92
1753332972273 0.01813 93
1753333014164 0.01813 94
1753333055478 0.01813 95
1753333097189 0.01814 96
1753333139465 0.01813 97
1753333181816 0.01811 98
1753333223658 0.01812 99
1753333265479 0.01811 100
1753333307010 0.01814 101
1753333349638 0.01812 102
1753333391497 0.01813 103
1753333433827 0.01812 104
1753333475549 0.01811 105
1753333516944 0.01811 106
1753333559080 0.01813 107
1753333600583 0.01812 108
1753333642122 0.01814 109
1753333684647 0.01813 110
1753333725618 0.01814 111
1753333766673 0.01812 112
1753333808536 0.01812 113
1753333850936 0.01813 114
1753333892526 0.01812 115
1753333934566 0.01814 116
1753333976912 0.01815 117
1753334019297 0.01811 118
1753334060912 0.01813 119
1753334102680 0.01812 120
1753334145187 0.0181 121
1753334186792 0.01811 122
1753334229101 0.0181 123
1753334271804 0.01813 124
1753334314118 0.01811 125
1753334357158 0.01811 126
1753334398872 0.01811 127
1753334442106 0.01814 128
1753334485191 0.01812 129
1753334528303 0.01812 130
1753334570403 0.01811 131
1753334612772 0.01813 132
1753334655615 0.01811 133
1753334697988 0.01811 134
1753334740933 0.01812 135
1753334783949 0.01811 136
1753334827376 0.01812 137
1753334869680 0.01812 138
1753334911998 0.01812 139
1753334955291 0.01814 140
1753334998370 0.0181 141
1753335040909 0.01811 142
1753335083168 0.01811 143
1753335126578 0.01812 144
1753335169122 0.01812 145
1753335211750 0.01812 146
1753335254636 0.01814 147
1753335297069 0.0181 148
1753335339664 0.01812 149
1753335382428 0.01812 150
1753335425041 0.0181 151
1753335467099 0.01809 152
1753335509145 0.01808 153
1753335550952 0.01811 154
1753335593291 0.01811 155
1753335634826 0.01811 156
1753335676676 0.01808 157
1753335718222 0.01808 158
1753335759703 0.01812 159
1753335801734 0.01808 160
1753335843449 0.0181 161
1753335885660 0.01811 162
1753335927681 0.01809 163
1753335969341 0.01813 164
1753336011240 0.0181 165
1753336052809 0.0181 166
1753336094765 0.0181 167
1753336136695 0.0181 168
1753336178773 0.0181 169
1753336221272 0.0181 170
1753336262683 0.01808 171
1753336303805 0.0181 172
1753336345489 0.01808 173
1753336387194 0.01809 174
1753336428266 0.01808 175
1753336469300 0.01813 176
1753336510571 0.01813 177
1753336551986 0.01808 178
1753336592920 0.01811 179
1753336634669 0.0181 180
1753336677015 0.01809 181
1753336718311 0.01809 182
1753336760831 0.0181 183
1753336802457 0.01811 184
1753336844369 0.0181 185
1753336886178 0.0181 186
1753336927672 0.01811 187
1753336970529 0.01811 188
1753337012312 0.01809 189
1753337053982 0.01811 190
1753337096353 0.01808 191
1753337138353 0.01808 192
1753337180832 0.01808 193
1753337223113 0.01812 194
1753337265125 0.0181 195
1753337307053 0.01807 196
1753337349935 0.01809 197
1753337392287 0.01808 198
1753337434030 0.0181 199
1753337476579 0.0181 200
1753337518511 0.0181 201
1753337560591 0.01808 202
1753337602260 0.0181 203
1753337644684 0.01809 204
1753337686664 0.01808 205
1753337728431 0.01807 206
1753337769601 0.01807 207
1753337811357 0.0181 208
1753337854017 0.01809 209
1753337895966 0.01809 210
1753337938462 0.01808 211
1753337980254 0.01808 212
1753338023366 0.01807 213
1753338065526 0.01809 214
1753338107461 0.01809 215
1753338150134 0.01809 216
1753338192611 0.01808 217
1753338234909 0.01808 218
1753338277213 0.0181 219
1753338319008 0.01809 220
1753338360656 0.01806 221
1753338402760 0.01806 222
1753338444821 0.01808 223
1753338487407 0.01806 224
1753338529702 0.01808 225
1753338571652 0.01808 226
1753338613980 0.01809 227
1753338655861 0.01808 228
1753338698261 0.01806 229
1753338740183 0.01807 230
1753338781997 0.01809 231
1753338824468 0.01807 232
1753338866351 0.01806 233
1753338908739 0.01806 234
1753338950501 0.01806 235
1753338992551 0.01805 236
1753339035050 0.01807 237
1753339077788 0.01806 238
1753339120307 0.01806 239
1753339162372 0.01809 240
1753339204151 0.01808 241
1753339246077 0.01806 242
1753339288218 0.01808 243
1753339330796 0.01805 244
1753339372165 0.01808 245
1753339413679 0.01808 246
1753339455002 0.01806 247
1753339497400 0.01807 248
1753339539399 0.01805 249
1753339580617 0.01806 250
1753339623163 0.01806 251
1753339664328 0.01807 252
1753339706247 0.01806 253
1753339747984 0.01807 254
1753339788964 0.01806 255
1753339831215 0.01806 256
1753339873164 0.01804 257
1753339915553 0.01806 258
1753339957429 0.01806 259
1753339999393 0.01805 260
1753340041822 0.01805 261
1753340084470 0.01806 262
1753340127592 0.01806 263
1753340170039 0.01806 264
1753340213077 0.01805 265
1753340255055 0.01804 266
1753340298024 0.01807 267
1753340340812 0.01806 268
1753340382769 0.01806 269
1753340425080 0.01805 270
1753340468205 0.01805 271
1753340510625 0.01805 272
1753340552671 0.01804 273
1753340595412 0.01804 274
1753340637779 0.01806 275
1753340680632 0.01805 276
1753340723997 0.01805 277
1753340767404 0.01803 278
1753340810010 0.01804 279
1753340853147 0.01805 280
1753340895984 0.01807 281
1753340938727 0.01805 282
1753340981650 0.01806 283
1753341024610 0.01805 284
1753341067240 0.01804 285
1753341110006 0.01804 286
1753341153302 0.01804 287
1753341196583 0.01807 288
1753341239011 0.01804 289
1753341282237 0.01806 290
1753341325007 0.01805 291
1753341367584 0.01804 292
1753341410342 0.01802 293
1753341453445 0.01804 294
1753341494979 0.01804 295
1753341537807 0.01804 296
1753341579596 0.01803 297
1753341622545 0.01803 298
1753341665056 0.018 299
1753341707587 0.01802 300
