1753329101249 0.0010000000474974513 1
1753329141862 0.0010000000474974513 2
1753329182240 0.0010000000474974513 3
1753329222615 0.0010000000474974513 4
1753329262912 0.0010000000474974513 5
1753329303918 0.0010000000474974513 6
1753329345092 0.0010000000474974513 7
1753329386241 0.0010000000474974513 8
1753329427686 0.0010000000474974513 9
1753329469124 0.0010000000474974513 10
1753329509698 0.0010000000474974513 11
1753329551647 0.0010000000474974513 12
1753329593128 0.0010000000474974513 13
1753329635368 0.0010000000474974513 14
1753329677898 0.0010000000474974513 15
1753329721406 0.0010000000474974513 16
1753329764272 0.0010000000474974513 17
1753329806748 0.0010000000474974513 18
1753329848729 0.0010000000474974513 19
1753329890665 0.0010000000474974513 20
1753329932549 0.0010000000474974513 21
1753329975178 0.0010000000474974513 22
1753330017718 0.0010000000474974513 23
1753330061118 0.0010000000474974513 24
1753330103179 0.0010000000474974513 25
1753330145883 0.0010000000474974513 26
1753330188484 0.0010000000474974513 27
1753330230617 0.0010000000474974513 28
1753330273175 0.0010000000474974513 29
1753330315665 0.0010000000474974513 30
1753330358733 0.0010000000474974513 31
1753330401070 0.0010000000474974513 32
1753330444318 0.0010000000474974513 33
1753330486033 0.0010000000474974513 34
1753330528725 0.0010000000474974513 35
1753330571866 0.0010000000474974513 36
1753330614183 0.0010000000474974513 37
1753330657420 0.0010000000474974513 38
1753330699459 0.0010000000474974513 39
1753330741862 0.0010000000474974513 40
1753330785349 0.0010000000474974513 41
1753330828632 0.0010000000474974513 42
1753330871023 0.0010000000474974513 43
1753330913460 0.00020000000949949026 44
1753330956100 0.00020000000949949026 45
1753330998579 0.00020000000949949026 46
1753331041720 0.00020000000949949026 47
1753331083904 0.00020000000949949026 48
1753331126557 0.00020000000949949026 49
1753331169883 0.00020000000949949026 50
1753331212790 0.00020000000949949026 51
1753331255554 0.00020000000949949026 52
1753331298180 4.0000002627493814e-05 53
1753331340438 4.0000002627493814e-05 54
1753331383110 4.0000002627493814e-05 55
1753331425757 4.0000002627493814e-05 56
1753331468317 4.0000002627493814e-05 57
1753331510787 4.0000002627493814e-05 58
1753331552956 4.0000002627493814e-05 59
1753331595601 4.0000002627493814e-05 60
1753331637155 4.0000002627493814e-05 61
1753331679780 8.000000889296643e-06 62
1753331722331 8.000000889296643e-06 63
1753331764681 8.000000889296643e-06 64
1753331807302 8.000000889296643e-06 65
1753331850048 8.000000889296643e-06 66
1753331893184 8.000000889296643e-06 67
1753331935227 8.000000889296643e-06 68
1753331977574 8.000000889296643e-06 69
1753332019485 8.000000889296643e-06 70
1753332061903 1.6000001323845936e-06 71
1753332104256 1.6000001323845936e-06 72
1753332146092 1.6000001323845936e-06 73
1753332188209 1.6000001323845936e-06 74
1753332230486 1.6000001323845936e-06 75
1753332272743 1.6000001323845936e-06 76
1753332315121 1.6000001323845936e-06 77
1753332357820 1.6000001323845936e-06 78
1753332400024 1.6000001323845936e-06 79
1753332442745 9.999999974752427e-07 80
1753332485341 9.999999974752427e-07 81
1753332528441 9.999999974752427e-07 82
1753332570819 9.999999974752427e-07 83
1753332613206 9.999999974752427e-07 84
1753332655878 9.999999974752427e-07 85
1753332698110 9.999999974752427e-07 86
1753332739976 9.999999974752427e-07 87
1753332781556 9.999999974752427e-07 88
1753332823682 9.999999974752427e-07 89
1753332864691 9.999999974752427e-07 90
1753332906029 9.999999974752427e-07 91
1753332948025 9.999999974752427e-07 92
1753332989979 9.999999974752427e-07 93
1753333031300 9.999999974752427e-07 94
1753333072843 9.999999974752427e-07 95
1753333115366 9.999999974752427e-07 96
1753333157641 9.999999974752427e-07 97
1753333199263 9.999999974752427e-07 98
1753333241106 9.999999974752427e-07 99
1753333282852 9.999999974752427e-07 100
1753333325171 9.999999974752427e-07 101
1753333367099 9.999999974752427e-07 102
1753333409649 9.999999974752427e-07 103
1753333451344 9.999999974752427e-07 104
1753333492492 9.999999974752427e-07 105
1753333534779 9.999999974752427e-07 106
1753333576117 9.999999974752427e-07 107
1753333617555 9.999999974752427e-07 108
1753333660304 9.999999974752427e-07 109
1753333701426 9.999999974752427e-07 110
1753333742241 9.999999974752427e-07 111
1753333784239 9.999999974752427e-07 112
1753333826426 9.999999974752427e-07 113
1753333868475 9.999999974752427e-07 114
1753333910104 9.999999974752427e-07 115
1753333952730 9.999999974752427e-07 116
1753333995026 9.999999974752427e-07 117
1753334036661 9.999999974752427e-07 118
1753334078446 9.999999974752427e-07 119
1753334120516 9.999999974752427e-07 120
1753334161995 9.999999974752427e-07 121
1753334204215 9.999999974752427e-07 122
1753334247031 9.999999974752427e-07 123
1753334289430 9.999999974752427e-07 124
1753334331649 9.999999974752427e-07 125
1753334373866 9.999999974752427e-07 126
1753334417026 9.999999974752427e-07 127
1753334460321 9.999999974752427e-07 128
1753334502999 9.999999974752427e-07 129
1753334545476 9.999999974752427e-07 130
1753334587918 9.999999974752427e-07 131
1753334630474 9.999999974752427e-07 132
1753334673162 9.999999974752427e-07 133
1753334715683 9.999999974752427e-07 134
1753334759175 9.999999974752427e-07 135
1753334802328 9.999999974752427e-07 136
1753334844346 9.999999974752427e-07 137
1753334887073 9.999999974752427e-07 138
1753334930260 9.999999974752427e-07 139
1753334973472 9.999999974752427e-07 140
1753335015931 9.999999974752427e-07 141
1753335058409 9.999999974752427e-07 142
1753335101296 9.999999974752427e-07 143
1753335144172 9.999999974752427e-07 144
1753335186682 9.999999974752427e-07 145
1753335229894 9.999999974752427e-07 146
1753335272182 9.999999974752427e-07 147
1753335314593 9.999999974752427e-07 148
1753335357231 9.999999974752427e-07 149
1753335399953 9.999999974752427e-07 150
1753335442250 9.999999974752427e-07 151
1753335484909 9.999999974752427e-07 152
1753335526733 9.999999974752427e-07 153
1753335568903 9.999999974752427e-07 154
1753335610872 9.999999974752427e-07 155
1753335652415 9.999999974752427e-07 156
1753335694119 9.999999974752427e-07 157
1753335735636 9.999999974752427e-07 158
1753335777294 9.999999974752427e-07 159
1753335819231 9.999999974752427e-07 160
1753335861464 9.999999974752427e-07 161
1753335903162 9.999999974752427e-07 162
1753335945165 9.999999974752427e-07 163
1753335986760 9.999999974752427e-07 164
1753336028764 9.999999974752427e-07 165
1753336070273 9.999999974752427e-07 166
1753336112336 9.999999974752427e-07 167
1753336154412 9.999999974752427e-07 168
1753336196952 9.999999974752427e-07 169
1753336238335 9.999999974752427e-07 170
1753336279338 9.999999974752427e-07 171
1753336321302 9.999999974752427e-07 172
1753336362866 9.999999974752427e-07 173
1753336403769 9.999999974752427e-07 174
1753336445070 9.999999974752427e-07 175
1753336485924 9.999999974752427e-07 176
1753336527743 9.999999974752427e-07 177
1753336568618 9.999999974752427e-07 178
1753336610198 9.999999974752427e-07 179
1753336652836 9.999999974752427e-07 180
1753336693774 9.999999974752427e-07 181
1753336736508 9.999999974752427e-07 182
1753336778186 9.999999974752427e-07 183
1753336820080 9.999999974752427e-07 184
1753336861900 9.999999974752427e-07 185
1753336903115 9.999999974752427e-07 186
1753336946313 9.999999974752427e-07 187
1753336987916 9.999999974752427e-07 188
1753337029757 9.999999974752427e-07 189
1753337072181 9.999999974752427e-07 190
1753337113869 9.999999974752427e-07 191
1753337156541 9.999999974752427e-07 192
1753337199043 9.999999974752427e-07 193
1753337240787 9.999999974752427e-07 194
1753337282722 9.999999974752427e-07 195
1753337325727 9.999999974752427e-07 196
1753337368072 9.999999974752427e-07 197
1753337409775 9.999999974752427e-07 198
1753337452188 9.999999974752427e-07 199
1753337494135 9.999999974752427e-07 200
1753337536104 9.999999974752427e-07 201
1753337578143 9.999999974752427e-07 202
1753337620379 9.999999974752427e-07 203
1753337662200 9.999999974752427e-07 204
1753337704176 9.999999974752427e-07 205
1753337745280 9.999999974752427e-07 206
1753337787110 9.999999974752427e-07 207
1753337829664 9.999999974752427e-07 208
1753337871740 9.999999974752427e-07 209
1753337914150 9.999999974752427e-07 210
1753337956028 9.999999974752427e-07 211
1753337999158 9.999999974752427e-07 212
1753338041312 9.999999974752427e-07 213
1753338083231 9.999999974752427e-07 214
1753338125824 9.999999974752427e-07 215
1753338168374 9.999999974752427e-07 216
1753338210831 9.999999974752427e-07 217
1753338253043 9.999999974752427e-07 218
1753338294454 9.999999974752427e-07 219
1753338336392 9.999999974752427e-07 220
1753338378633 9.999999974752427e-07 221
1753338420591 9.999999974752427e-07 222
1753338462951 9.999999974752427e-07 223
1753338505574 9.999999974752427e-07 224
1753338547240 9.999999974752427e-07 225
1753338589839 9.999999974752427e-07 226
1753338631519 9.999999974752427e-07 227
1753338674053 9.999999974752427e-07 228
1753338715818 9.999999974752427e-07 229
1753338757677 9.999999974752427e-07 230
1753338800197 9.999999974752427e-07 231
1753338842018 9.999999974752427e-07 232
1753338884564 9.999999974752427e-07 233
1753338926360 9.999999974752427e-07 234
1753338968080 9.999999974752427e-07 235
1753339010636 9.999999974752427e-07 236
1753339053405 9.999999974752427e-07 237
1753339095948 9.999999974752427e-07 238
1753339138097 9.999999974752427e-07 239
1753339179901 9.999999974752427e-07 240
1753339221699 9.999999974752427e-07 241
1753339263502 9.999999974752427e-07 242
1753339306398 9.999999974752427e-07 243
1753339347809 9.999999974752427e-07 244
1753339389460 9.999999974752427e-07 245
1753339430365 9.999999974752427e-07 246
1753339473222 9.999999974752427e-07 247
1753339514825 9.999999974752427e-07 248
1753339556274 9.999999974752427e-07 249
1753339598751 9.999999974752427e-07 250
1753339639901 9.999999974752427e-07 251
1753339681757 9.999999974752427e-07 252
1753339723299 9.999999974752427e-07 253
1753339764648 9.999999974752427e-07 254
1753339806487 9.999999974752427e-07 255
1753339848652 9.999999974752427e-07 256
1753339891123 9.999999974752427e-07 257
1753339933122 9.999999974752427e-07 258
1753339974918 9.999999974752427e-07 259
1753340016880 9.999999974752427e-07 260
1753340059310 9.999999974752427e-07 261
1753340102690 9.999999974752427e-07 262
1753340145187 9.999999974752427e-07 263
1753340187693 9.999999974752427e-07 264
1753340230120 9.999999974752427e-07 265
1753340272694 9.999999974752427e-07 266
1753340315614 9.999999974752427e-07 267
1753340357812 9.999999974752427e-07 268
1753340400284 9.999999974752427e-07 269
1753340442631 9.999999974752427e-07 270
1753340485629 9.999999974752427e-07 271
1753340528030 9.999999974752427e-07 272
1753340570084 9.999999974752427e-07 273
1753340612864 9.999999974752427e-07 274
1753340655375 9.999999974752427e-07 275
1753340699199 9.999999974752427e-07 276
1753340742168 9.999999974752427e-07 277
1753340784948 9.999999974752427e-07 278
1753340828213 9.999999974752427e-07 279
1753340870758 9.999999974752427e-07 280
1753340913492 9.999999974752427e-07 281
1753340956139 9.999999974752427e-07 282
1753340999387 9.999999974752427e-07 283
1753341042097 9.999999974752427e-07 284
1753341084757 9.999999974752427e-07 285
1753341128208 9.999999974752427e-07 286
1753341171519 9.999999974752427e-07 287
1753341214108 9.999999974752427e-07 288
1753341257197 9.999999974752427e-07 289
1753341299967 9.999999974752427e-07 290
1753341342693 9.999999974752427e-07 291
1753341385245 9.999999974752427e-07 292
1753341428032 9.999999974752427e-07 293
1753341470169 9.999999974752427e-07 294
1753341512598 9.999999974752427e-07 295
1753341554485 9.999999974752427e-07 296
1753341597273 9.999999974752427e-07 297
1753341640232 9.999999974752427e-07 298
1753341682734 9.999999974752427e-07 299
1753341725271 9.999999974752427e-07 300
