1753346829423 1.0 0
1753346845175 2.0 0
1753346860818 3.0 0
1753346876418 4.0 0
1753346891872 5.0 0
1753346908499 6.0 0
1753346923889 7.0 0
1753346939355 8.0 0
1753346954907 9.0 0
1753346970298 10.0 0
1753346986068 11.0 0
1753347001654 12.0 0
1753347017163 13.0 0
1753347032914 14.0 0
1753347048415 15.0 0
1753347063987 16.0 0
1753347079571 17.0 0
1753347095259 18.0 0
1753347111061 19.0 0
1753347126695 20.0 0
1753347142686 21.0 0
1753347158106 22.0 0
1753347173618 23.0 0
1753347189241 24.0 0
1753347204695 25.0 0
1753347220542 26.0 0
1753347236177 27.0 0
1753347267447 29.0 0
1753347283164 30.0 0
1753347298716 31.0 0
1753347330259 33.0 0
1753347361277 35.0 0
1753347377124 36.0 0
1753347408227 38.0 0
1753347423809 39.0 0
