1753346816872 0.50469 1
1753346833899 0.37247 2
1753346849778 0.29939 3
1753346865318 0.24247 4
1753346880891 0.19536 5
1753346896314 0.15583 6
1753346912893 0.12534 7
1753346928380 0.10229 8
1753346943819 0.08505 9
1753346959342 0.07208 10
1753346974786 0.06229 11
1753346990531 0.05477 12
1753347006133 0.04892 13
1753347021655 0.04431 14
1753347037428 0.04063 15
1753347052924 0.03764 16
1753347068514 0.03526 17
1753347084007 0.03323 18
1753347099784 0.03157 19
1753347115508 0.03012 20
1753347131243 0.02889 21
1753347147067 0.02781 22
1753347162599 0.02696 23
1753347178167 0.02615 24
1753347193682 0.02547 25
1753347209264 0.02469 26
1753347225085 0.02385 27
1753347240738 0.02337 28
1753347256178 0.02298 29
1753347271985 0.02261 30
1753347287629 0.02232 31
1753347303224 0.02201 32
1753347318885 0.02175 33
1753347334727 0.02152 34
1753347350207 0.02139 35
1753347365755 0.02112 36
1753347381533 0.02094 37
1753347397257 0.02077 38
1753347412706 0.02062 39
1753347428331 0.02046 40
1753347443973 0.02032 41
1753347459671 0.02018 42
1753347475108 0.02016 43
1753347490668 0.02 44
1753347506304 0.01987 45
1753347522118 0.01981 46
1753347537742 0.01971 47
1753347553425 0.01958 48
1753347569154 0.01939 49
1753347584609 0.01933 50
1753347600129 0.01933 51
1753347615830 0.01929 52
1753347631529 0.01924 53
1753347646950 0.01927 54
1753347662340 0.01924 55
1753347677945 0.01918 56
1753347693735 0.01918 57
1753347709081 0.01912 58
1753347724531 0.01912 59
1753347740305 0.0191 60
1753347756252 0.0191 61
1753347771797 0.01911 62
1753347787233 0.01912 63
1753347802982 0.01909 64
1753347818368 0.0191 65
1753347833775 0.01908 66
1753347849579 0.01908 67
1753347865278 0.01905 68
1753347880714 0.01905 69
1753347896234 0.01905 70
1753347912007 0.01905 71
1753347927499 0.01903 72
1753347942935 0.01907 73
1753347958557 0.01903 74
1753347974294 0.01908 75
1753347989992 0.01904 76
1753348005433 0.01903 77
1753348021136 0.01905 78
1753348036729 0.01905 79
1753348052141 0.01905 80
1753348067625 0.01904 81
1753348083389 0.01905 82
1753348098948 0.01905 83
1753348114421 0.01903 84
1753348129843 0.01902 85
1753348145617 0.01906 86
1753348161094 0.01905 87
1753348176823 0.01905 88
1753348192261 0.01904 89
1753348207792 0.01904 90
1753348223511 0.01904 91
1753348238958 0.01902 92
1753348254848 0.01907 93
1753348270317 0.01902 94
1753348285754 0.01903 95
1753348301219 0.01906 96
1753348316874 0.01904 97
1753348332777 0.01905 98
1753348348254 0.01902 99
1753348363705 0.01903 100
1753348379799 0.01903 101
1753348395183 0.01904 102
1753348410763 0.01902 103
1753348426214 0.01904 104
1753348441794 0.01907 105
1753348457685 0.01902 106
1753348473019 0.01905 107
1753348488586 0.01903 108
1753348503917 0.01903 109
1753348519408 0.01903 110
1753348534899 0.01904 111
1753348550367 0.01907 112
1753348566141 0.01907 113
1753348581551 0.01902 114
1753348597000 0.01904 115
1753348612646 0.01904 116
1753348628203 0.01901 117
1753348643623 0.01902 118
1753348659177 0.01904 119
1753348674776 0.01903 120
1753348690759 0.01903 121
1753348706220 0.01903 122
1753348722093 0.01908 123
1753348737654 0.01902 124
1753348753044 0.01904 125
1753348768537 0.01905 126
1753348784021 0.01903 127
1753348800157 0.01902 128
1753348815783 0.01906 129
1753348831320 0.01904 130
1753348847117 0.01902 131
1753348862934 0.01903 132
1753348878355 0.01903 133
1753348893798 0.01907 134
1753348909508 0.01905 135
1753348925364 0.01902 136
1753348940852 0.01904 137
1753348956478 0.01903 138
1753348972113 0.01905 139
1753348987597 0.01905 140
1753349003073 0.01904 141
1753349018808 0.01903 142
1753349034528 0.01906 143
1753349049904 0.01902 144
1753349065378 0.01902 145
1753349080992 0.01906 146
1753349096746 0.01906 147
1753349112145 0.01902 148
1753349127674 0.01901 149
1753349143222 0.01902 150
1753349159036 0.01903 151
1753349174473 0.01902 152
1753349190258 0.01901 153
1753349206145 0.01903 154
1753349221849 0.01902 155
1753349237180 0.01902 156
1753349252746 0.01903 157
1753349268540 0.01901 158
1753349283851 0.01903 159
1753349299281 0.01901 160
1753349314907 0.01901 161
1753349330614 0.01901 162
1753349346111 0.01902 163
1753349361676 0.01899 164
1753349377247 0.01902 165
1753349392979 0.01902 166
1753349408554 0.01902 167
1753349424195 0.019 168
1753349439843 0.01901 169
1753349455418 0.019 170
1753349470703 0.01905 171
1753349486204 0.019 172
1753349502225 0.01902 173
1753349517702 0.01901 174
1753349533199 0.01903 175
1753349548858 0.019 176
1753349564393 0.01901 177
1753349579798 0.01902 178
1753349595297 0.01902 179
1753349611188 0.01903 180
1753349627196 0.01902 181
1753349642968 0.019 182
1753349658905 0.01901 183
1753349674506 0.01901 184
1753349689991 0.01901 185
1753349705448 0.01898 186
1753349721151 0.01898 187
1753349737064 0.01901 188
1753349752556 0.01899 189
1753349768169 0.01902 190
1753349783866 0.019 191
1753349799585 0.01901 192
1753349815174 0.01901 193
1753349830713 0.01901 194
1753349846366 0.01898 195
1753349862305 0.01901 196
1753349878199 0.019 197
1753349893902 0.019 198
1753349909588 0.01901 199
1753349925186 0.019 200
1753349940692 0.01898 201
1753349956314 0.01901 202
1753349971971 0.01902 203
1753349987402 0.01898 204
1753350002913 0.01901 205
1753350018837 0.01899 206
1753350034744 0.01901 207
1753350050282 0.019 208
1753350066305 0.01897 209
1753350081981 0.01898 210
1753350097387 0.01898 211
1753350112854 0.01897 212
1753350128280 0.01902 213
1753350144112 0.01898 214
1753350159535 0.01901 215
1753350175151 0.01896 216
1753350191153 0.01898 217
1753350206676 0.01902 218
1753350222207 0.01898 219
1753350237623 0.019 220
1753350253376 0.01896 221
1753350269112 0.01899 222
1753350284553 0.01898 223
1753350300122 0.01901 224
1753350315767 0.01902 225
1753350331256 0.01897 226
1753350346768 0.01899 227
1753350362176 0.01896 228
1753350377939 0.01897 229
1753350393394 0.01896 230
1753350408857 0.01898 231
1753350424645 0.01895 232
1753350440158 0.01896 233
1753350455539 0.01896 234
1753350471078 0.019 235
1753350486905 0.01899 236
1753350502911 0.01899 237
1753350518454 0.01895 238
1753350534158 0.01899 239
1753350549767 0.01899 240
1753350565318 0.01897 241
1753350580613 0.01897 242
1753350596349 0.01897 243
1753350612157 0.01896 244
1753350627626 0.01895 245
1753350643078 0.01898 246
1753350658816 0.01898 247
1753350674323 0.01893 248
1753350689929 0.01897 249
1753350705518 0.01894 250
1753350720936 0.01896 251
1753350736810 0.01895 252
1753350752191 0.01897 253
1753350767979 0.01898 254
1753350783627 0.01897 255
1753350799157 0.01895 256
1753350814631 0.01895 257
1753350830204 0.01895 258
1753350845974 0.01896 259
1753350861421 0.01896 260
1753350876959 0.01898 261
1753350892849 0.01895 262
1753350908647 0.01894 263
1753350924228 0.01896 264
1753350939690 0.01892 265
1753350955294 0.01897 266
1753350970978 0.01895 267
1753350986453 0.01896 268
1753351002265 0.01893 269
1753351018048 0.01891 270
1753351033449 0.01894 271
1753351048870 0.01893 272
1753351064533 0.01895 273
1753351080362 0.01895 274
1753351095918 0.01896 275
1753351111546 0.01897 276
1753351127305 0.01894 277
1753351142953 0.01894 278
1753351158557 0.01893 279
1753351174073 0.01894 280
1753351189563 0.01896 281
1753351205489 0.01894 282
1753351220972 0.01895 283
1753351236890 0.01892 284
1753351252707 0.01898 285
1753351268373 0.01893 286
1753351283977 0.01893 287
1753351299834 0.01898 288
1753351315487 0.01892 289
1753351331720 0.01892 290
1753351347070 0.01892 291
1753351362731 0.01892 292
1753351378543 0.01895 293
1753351394136 0.01893 294
1753351409406 0.01891 295
1753351425119 0.01891 296
1753351440760 0.01891 297
1753351456295 0.01893 298
1753351471709 0.01896 299
1753351487708 0.01891 300
