1753346829430 0.0010000000474974513 1
1753346845179 0.0010000000474974513 2
1753346860822 0.0010000000474974513 3
1753346876427 0.0010000000474974513 4
1753346891879 0.0010000000474974513 5
1753346908507 0.0010000000474974513 6
1753346923899 0.0010000000474974513 7
1753346939361 0.0010000000474974513 8
1753346954913 0.0010000000474974513 9
1753346970303 0.0010000000474974513 10
1753346986073 0.0010000000474974513 11
1753347001659 0.0010000000474974513 12
1753347017168 0.0010000000474974513 13
1753347032921 0.0010000000474974513 14
1753347048423 0.0010000000474974513 15
1753347063996 0.0010000000474974513 16
1753347079581 0.0010000000474974513 17
1753347095264 0.0010000000474974513 18
1753347111065 0.0010000000474974513 19
1753347126699 0.0010000000474974513 20
1753347142690 0.0010000000474974513 21
1753347158110 0.0010000000474974513 22
1753347173623 0.0010000000474974513 23
1753347189249 0.0010000000474974513 24
1753347204702 0.0010000000474974513 25
1753347220548 0.0010000000474974513 26
1753347236184 0.0010000000474974513 27
1753347251696 0.0010000000474974513 28
1753347267452 0.0010000000474974513 29
1753347283170 0.0010000000474974513 30
1753347298721 0.0010000000474974513 31
1753347314343 0.0010000000474974513 32
1753347330267 0.0010000000474974513 33
1753347345680 0.0010000000474974513 34
1753347361287 0.0010000000474974513 35
1753347377131 0.0010000000474974513 36
1753347392721 0.0010000000474974513 37
1753347408232 0.0010000000474974513 38
1753347423813 0.0010000000474974513 39
1753347439454 0.0010000000474974513 40
1753347455167 0.0010000000474974513 41
1753347470621 0.0010000000474974513 42
1753347486084 0.0010000000474974513 43
1753347501877 0.0010000000474974513 44
1753347517490 0.0010000000474974513 45
1753347533206 0.0010000000474974513 46
1753347548841 0.0010000000474974513 47
1753347564713 0.00020000000949949026 48
1753347580112 0.00020000000949949026 49
1753347595628 0.00020000000949949026 50
1753347611378 0.00020000000949949026 51
1753347627171 0.00020000000949949026 52
1753347642499 0.00020000000949949026 53
1753347657894 0.00020000000949949026 54
1753347673468 0.00020000000949949026 55
1753347689208 0.00020000000949949026 56
1753347704578 4.0000002627493814e-05 57
1753347720050 4.0000002627493814e-05 58
1753347735818 4.0000002627493814e-05 59
1753347751703 4.0000002627493814e-05 60
1753347767299 4.0000002627493814e-05 61
1753347782864 4.0000002627493814e-05 62
1753347798548 4.0000002627493814e-05 63
1753347813857 4.0000002627493814e-05 64
1753347829391 4.0000002627493814e-05 65
1753347845039 8.000000889296643e-06 66
1753347860839 8.000000889296643e-06 67
1753347876198 8.000000889296643e-06 68
1753347891722 8.000000889296643e-06 69
1753347907524 8.000000889296643e-06 70
1753347923108 8.000000889296643e-06 71
1753347938447 8.000000889296643e-06 72
1753347953825 8.000000889296643e-06 73
1753347969798 8.000000889296643e-06 74
1753347985549 1.6000001323845936e-06 75
1753348000924 1.6000001323845936e-06 76
1753348016695 1.6000001323845936e-06 77
1753348032273 1.6000001323845936e-06 78
1753348047753 1.6000001323845936e-06 79
1753348063102 1.6000001323845936e-06 80
1753348078886 1.6000001323845936e-06 81
1753348094540 1.6000001323845936e-06 82
1753348110027 1.6000001323845936e-06 83
1753348125417 9.999999974752427e-07 84
1753348141191 9.999999974752427e-07 85
1753348156644 9.999999974752427e-07 86
1753348172151 9.999999974752427e-07 87
1753348187812 9.999999974752427e-07 88
1753348203427 9.999999974752427e-07 89
1753348218982 9.999999974752427e-07 90
1753348234577 9.999999974752427e-07 91
1753348250501 9.999999974752427e-07 92
1753348265856 9.999999974752427e-07 93
1753348281240 9.999999974752427e-07 94
1753348296824 9.999999974752427e-07 95
1753348312398 9.999999974752427e-07 96
1753348328355 9.999999974752427e-07 97
1753348343779 9.999999974752427e-07 98
1753348359237 9.999999974752427e-07 99
1753348375033 9.999999974752427e-07 100
1753348390714 9.999999974752427e-07 101
1753348406190 9.999999974752427e-07 102
1753348421679 9.999999974752427e-07 103
1753348437362 9.999999974752427e-07 104
1753348453247 9.999999974752427e-07 105
1753348468624 9.999999974752427e-07 106
1753348484141 9.999999974752427e-07 107
1753348499481 9.999999974752427e-07 108
1753348514964 9.999999974752427e-07 109
1753348530373 9.999999974752427e-07 110
1753348545982 9.999999974752427e-07 111
1753348561686 9.999999974752427e-07 112
1753348577069 9.999999974752427e-07 113
1753348592525 9.999999974752427e-07 114
1753348608242 9.999999974752427e-07 115
1753348623707 9.999999974752427e-07 116
1753348639265 9.999999974752427e-07 117
1753348654644 9.999999974752427e-07 118
1753348670325 9.999999974752427e-07 119
1753348686230 9.999999974752427e-07 120
1753348701764 9.999999974752427e-07 121
1753348717601 9.999999974752427e-07 122
1753348733189 9.999999974752427e-07 123
1753348748662 9.999999974752427e-07 124
1753348764024 9.999999974752427e-07 125
1753348779639 9.999999974752427e-07 126
1753348795561 9.999999974752427e-07 127
1753348811197 9.999999974752427e-07 128
1753348826763 9.999999974752427e-07 129
1753348842545 9.999999974752427e-07 130
1753348858434 9.999999974752427e-07 131
1753348873899 9.999999974752427e-07 132
1753348889347 9.999999974752427e-07 133
1753348905132 9.999999974752427e-07 134
1753348920997 9.999999974752427e-07 135
1753348936347 9.999999974752427e-07 136
1753348952065 9.999999974752427e-07 137
1753348967654 9.999999974752427e-07 138
1753348983059 9.999999974752427e-07 139
1753348998652 9.999999974752427e-07 140
1753349014302 9.999999974752427e-07 141
1753349030021 9.999999974752427e-07 142
1753349045506 9.999999974752427e-07 143
1753349060871 9.999999974752427e-07 144
1753349076542 9.999999974752427e-07 145
1753349092293 9.999999974752427e-07 146
1753349107738 9.999999974752427e-07 147
1753349123187 9.999999974752427e-07 148
1753349138890 9.999999974752427e-07 149
1753349154575 9.999999974752427e-07 150
1753349170054 9.999999974752427e-07 151
1753349185876 9.999999974752427e-07 152
1753349201694 9.999999974752427e-07 153
1753349217251 9.999999974752427e-07 154
1753349232734 9.999999974752427e-07 155
1753349248322 9.999999974752427e-07 156
1753349264010 9.999999974752427e-07 157
1753349279499 9.999999974752427e-07 158
1753349294863 9.999999974752427e-07 159
1753349310516 9.999999974752427e-07 160
1753349326105 9.999999974752427e-07 161
1753349341709 9.999999974752427e-07 162
1753349357247 9.999999974752427e-07 163
1753349372781 9.999999974752427e-07 164
1753349388535 9.999999974752427e-07 165
1753349404048 9.999999974752427e-07 166
1753349419700 9.999999974752427e-07 167
1753349435412 9.999999974752427e-07 168
1753349450837 9.999999974752427e-07 169
1753349466317 9.999999974752427e-07 170
1753349481737 9.999999974752427e-07 171
1753349497767 9.999999974752427e-07 172
1753349513285 9.999999974752427e-07 173
1753349528759 9.999999974752427e-07 174
1753349544415 9.999999974752427e-07 175
1753349559990 9.999999974752427e-07 176
1753349575339 9.999999974752427e-07 177
1753349590844 9.999999974752427e-07 178
1753349606619 9.999999974752427e-07 179
1753349622785 9.999999974752427e-07 180
1753349638382 9.999999974752427e-07 181
1753349654427 9.999999974752427e-07 182
1753349670081 9.999999974752427e-07 183
1753349685585 9.999999974752427e-07 184
1753349700999 9.999999974752427e-07 185
1753349716638 9.999999974752427e-07 186
1753349732684 9.999999974752427e-07 187
1753349748057 9.999999974752427e-07 188
1753349763637 9.999999974752427e-07 189
1753349779362 9.999999974752427e-07 190
1753349795161 9.999999974752427e-07 191
1753349810603 9.999999974752427e-07 192
1753349826176 9.999999974752427e-07 193
1753349841929 9.999999974752427e-07 194
1753349857771 9.999999974752427e-07 195
1753349873661 9.999999974752427e-07 196
1753349889488 9.999999974752427e-07 197
1753349905039 9.999999974752427e-07 198
1753349920659 9.999999974752427e-07 199
1753349936158 9.999999974752427e-07 200
1753349951836 9.999999974752427e-07 201
1753349967544 9.999999974752427e-07 202
1753349982944 9.999999974752427e-07 203
1753349998368 9.999999974752427e-07 204
1753350014366 9.999999974752427e-07 205
1753350030254 9.999999974752427e-07 206
1753350045763 9.999999974752427e-07 207
1753350061609 9.999999974752427e-07 208
1753350077478 9.999999974752427e-07 209
1753350092901 9.999999974752427e-07 210
1753350108368 9.999999974752427e-07 211
1753350123776 9.999999974752427e-07 212
1753350139590 9.999999974752427e-07 213
1753350155140 9.999999974752427e-07 214
1753350170671 9.999999974752427e-07 215
1753350186684 9.999999974752427e-07 216
1753350202233 9.999999974752427e-07 217
1753350217668 9.999999974752427e-07 218
1753350233187 9.999999974752427e-07 219
1753350248835 9.999999974752427e-07 220
1753350264605 9.999999974752427e-07 221
1753350280025 9.999999974752427e-07 222
1753350295699 9.999999974752427e-07 223
1753350311422 9.999999974752427e-07 224
1753350326752 9.999999974752427e-07 225
1753350342340 9.999999974752427e-07 226
1753350357738 9.999999974752427e-07 227
1753350373326 9.999999974752427e-07 228
1753350388884 9.999999974752427e-07 229
1753350404388 9.999999974752427e-07 230
1753350420054 9.999999974752427e-07 231
1753350435649 9.999999974752427e-07 232
1753350451116 9.999999974752427e-07 233
1753350466631 9.999999974752427e-07 234
1753350482311 9.999999974752427e-07 235
1753350498454 9.999999974752427e-07 236
1753350513862 9.999999974752427e-07 237
1753350529694 9.999999974752427e-07 238
1753350545406 9.999999974752427e-07 239
1753350560801 9.999999974752427e-07 240
1753350576188 9.999999974752427e-07 241
1753350591861 9.999999974752427e-07 242
1753350607708 9.999999974752427e-07 243
1753350623194 9.999999974752427e-07 244
1753350638529 9.999999974752427e-07 245
1753350654414 9.999999974752427e-07 246
1753350669860 9.999999974752427e-07 247
1753350685398 9.999999974752427e-07 248
1753350700851 9.999999974752427e-07 249
1753350716576 9.999999974752427e-07 250
1753350732265 9.999999974752427e-07 251
1753350747729 9.999999974752427e-07 252
1753350763544 9.999999974752427e-07 253
1753350779129 9.999999974752427e-07 254
1753350794632 9.999999974752427e-07 255
1753350810207 9.999999974752427e-07 256
1753350825733 9.999999974752427e-07 257
1753350841498 9.999999974752427e-07 258
1753350857002 9.999999974752427e-07 259
1753350872423 9.999999974752427e-07 260
1753350888413 9.999999974752427e-07 261
1753350904070 9.999999974752427e-07 262
1753350919678 9.999999974752427e-07 263
1753350935234 9.999999974752427e-07 264
1753350950866 9.999999974752427e-07 265
1753350966520 9.999999974752427e-07 266
1753350981936 9.999999974752427e-07 267
1753350997858 9.999999974752427e-07 268
1753351013457 9.999999974752427e-07 269
1753351028979 9.999999974752427e-07 270
1753351044507 9.999999974752427e-07 271
1753351060115 9.999999974752427e-07 272
1753351075972 9.999999974752427e-07 273
1753351091459 9.999999974752427e-07 274
1753351107046 9.999999974752427e-07 275
1753351122803 9.999999974752427e-07 276
1753351138514 9.999999974752427e-07 277
1753351154010 9.999999974752427e-07 278
1753351169601 9.999999974752427e-07 279
1753351185088 9.999999974752427e-07 280
1753351200817 9.999999974752427e-07 281
1753351216442 9.999999974752427e-07 282
1753351232466 9.999999974752427e-07 283
1753351248145 9.999999974752427e-07 284
1753351263879 9.999999974752427e-07 285
1753351279489 9.999999974752427e-07 286
1753351295403 9.999999974752427e-07 287
1753351311050 9.999999974752427e-07 288
1753351326649 9.999999974752427e-07 289
1753351342631 9.999999974752427e-07 290
1753351358195 9.999999974752427e-07 291
1753351374027 9.999999974752427e-07 292
1753351389626 9.999999974752427e-07 293
1753351404994 9.999999974752427e-07 294
1753351420685 9.999999974752427e-07 295
1753351436185 9.999999974752427e-07 296
1753351451819 9.999999974752427e-07 297
1753351467308 9.999999974752427e-07 298
1753351483185 9.999999974752427e-07 299
1753351498835 9.999999974752427e-07 300
