1752708441105 1.0 0
1752708475710 2.0 0
1752708510464 3.0 0
1752708545496 4.0 0
1752708580218 5.0 0
1752708614797 6.0 0
1752708649330 7.0 0
1752708684494 8.0 0
1752708719056 9.0 0
1752708753790 10.0 0
1752708789054 11.0 0
1752708823799 12.0 0
1752708858576 13.0 0
1752708893813 14.0 0
1752708929086 15.0 0
1752708963854 16.0 0
1752708998908 17.0 0
1752709033713 18.0 0
1752709068704 19.0 0
1752709103945 20.0 0
1752709139042 21.0 0
1752709173826 22.0 0
1752709210066 23.0 0
1752709245248 24.0 0
1752709280099 25.0 0
1752709315112 26.0 0
1752709349970 27.0 0
1752709385025 28.0 0
1752709420110 29.0 0
1752709455143 30.0 0
1752709524879 32.0 0
1752709595224 34.0 0
1752709700693 37.0 0
1752709806692 40.0 0
1752709876351 42.0 0
1752709946934 44.0 0
1752709981684 45.0 0
1752710016973 46.0 0
1752710156401 50.0 0
1752710298047 54.0 0
1752710368892 56.0 0
