1752708414479 0.52042 1
1752708451799 0.40549 2
1752708486380 0.31694 3
1752708521147 0.24767 4
1752708556269 0.1939 5
1752708590859 0.15319 6
1752708625517 0.12314 7
1752708660143 0.10067 8
1752708695333 0.08512 9
1752708729789 0.07317 10
1752708764579 0.06431 11
1752708799878 0.05766 12
1752708834419 0.05232 13
1752708869465 0.04816 14
1752708904745 0.04482 15
1752708939871 0.04214 16
1752708974783 0.04005 17
1752709009806 0.03822 18
1752709044562 0.03674 19
1752709079646 0.03534 20
1752709114852 0.03419 21
1752709149928 0.03343 22
1752709184695 0.03243 23
1752709220964 0.03172 24
1752709256089 0.03102 25
1752709291034 0.03045 26
1752709326022 0.02994 27
1752709360883 0.02965 28
1752709395889 0.02923 29
1752709430963 0.02875 30
1752709466152 0.02845 31
1752709501122 0.02816 32
1752709535683 0.02791 33
1752709570575 0.02765 34
1752709605935 0.02741 35
1752709641523 0.02728 36
1752709676255 0.02703 37
1752709711575 0.02682 38
1752709747647 0.02656 39
1752709782369 0.02672 40
1752709817641 0.02638 41
1752709852589 0.02629 42
1752709887085 0.02623 43
1752709922503 0.02598 44
1752709957725 0.0258 45
1752709992568 0.02566 46
1752710027915 0.02567 47
1752710062823 0.02554 48
1752710097409 0.02535 49
1752710131907 0.02526 50
1752710167327 0.02521 51
1752710202471 0.02521 52
1752710238350 0.02507 53
1752710273578 0.02493 54
1752710308928 0.02492 55
1752710344303 0.02491 56
1752710379640 0.02492 57
1752710414642 0.0247 58
1752710449170 0.02464 59
1752710485053 0.02458 60
1752710519795 0.02466 61
1752710554581 0.02456 62
1752710590499 0.02454 63
1752710624841 0.02437 64
1752710659690 0.02419 65
1752710695658 0.02417 66
