1753322475670 1.0 0
1753322492763 2.0 0
1753322509980 3.0 0
1753322526777 4.0 0
1753322543865 5.0 0
1753322561921 6.0 0
1753322578985 7.0 0
1753322596605 8.0 0
1753322613730 9.0 0
1753322631203 10.0 0
1753322648416 11.0 0
1753322665938 12.0 0
1753322683327 13.0 0
1753322700248 14.0 0
1753322717842 15.0 0
1753322735119 16.0 0
1753322752805 17.0 0
1753322770072 18.0 0
1753322786991 19.0 0
1753322804163 20.0 0
1753322821518 21.0 0
1753322839388 22.0 0
1753322873679 24.0 0
1753322907647 26.0 0
1753322942082 28.0 0
1753322993627 31.0 0
1753323010631 32.0 0
1753323079409 36.0 0
1753323097185 37.0 0
1753323234996 45.0 0
