1753322460026 0.51197 1
1753322478908 0.37073 2
1753322496049 0.27943 3
1753322513221 0.21517 4
1753322530031 0.16738 5
1753322547147 0.13227 6
1753322565170 0.10671 7
1753322582219 0.08808 8
1753322599839 0.07411 9
1753322616958 0.06387 10
1753322634415 0.05591 11
1753322651648 0.04982 12
1753322669173 0.04503 13
1753322686543 0.04137 14
1753322703434 0.03824 15
1753322721105 0.0357 16
1753322738378 0.03366 17
1753322756052 0.03196 18
1753322773307 0.03053 19
1753322790194 0.02933 20
1753322807361 0.02826 21
1753322824710 0.02739 22
1753322842620 0.0266 23
1753322859896 0.0259 24
1753322876882 0.02531 25
1753322894056 0.02479 26
1753322910831 0.02426 27
1753322927853 0.02381 28
1753322945291 0.02343 29
1753322962291 0.02312 30
1753322979500 0.02277 31
1753322996838 0.02252 32
1753323013804 0.0222 33
1753323031014 0.02204 34
1753323048157 0.02177 35
1753323065552 0.02151 36
1753323082615 0.0214 37
1753323100332 0.02121 38
1753323117826 0.02109 39
1753323135325 0.02094 40
1753323152458 0.02078 41
1753323169650 0.02064 42
1753323186641 0.02054 43
1753323204030 0.02042 44
1753323221278 0.02025 45
1753323238179 0.02018 46
1753323255272 0.01989 47
1753323272304 0.01982 48
1753323289350 0.01975 49
1753323306652 0.01978 50
1753323324018 0.01971 51
1753323341272 0.01966 52
1753323358091 0.01963 53
1753323375284 0.01961 54
1753323392570 0.01955 55
1753323409640 0.01953 56
1753323426761 0.01948 57
1753323443930 0.01946 58
1753323460955 0.01947 59
1753323478206 0.0195 60
1753323495262 0.01946 61
1753323512633 0.01945 62
1753323530003 0.01946 63
1753323547457 0.01943 64
1753323564836 0.01942 65
1753323582057 0.01938 66
1753323599385 0.01939 67
1753323616580 0.01941 68
1753323633882 0.01936 69
1753323651139 0.01938 70
1753323668256 0.01938 71
1753323685514 0.01938 72
1753323702582 0.01938 73
1753323719723 0.0194 74
1753323736725 0.01939 75
1753323753823 0.01939 76
1753323770922 0.01938 77
1753323787946 0.01938 78
1753323805202 0.01941 79
1753323822462 0.0194 80
1753323839679 0.01942 81
1753323856831 0.0194 82
1753323873883 0.01939 83
1753323891423 0.01938 84
1753323908760 0.01939 85
1753323926032 0.01939 86
1753323943182 0.01939 87
1753323960403 0.01938 88
1753323977521 0.01938 89
1753323994626 0.01941 90
1753324011676 0.01939 91
1753324028858 0.01944 92
1753324046069 0.0194 93
1753324063385 0.01938 94
1753324080503 0.01939 95
1753324097463 0.01939 96
1753324114603 0.01937 97
1753324131628 0.01937 98
1753324148515 0.01936 99
1753324166027 0.0194 100
1753324183497 0.0194 101
1753324200637 0.01939 102
1753324217805 0.01938 103
1753324234986 0.01938 104
1753324252102 0.0194 105
1753324269208 0.01938 106
1753324286193 0.01938 107
1753324303065 0.01937 108
1753324320293 0.01939 109
1753324337449 0.01936 110
1753324354576 0.01939 111
1753324371746 0.01939 112
1753324388713 0.01935 113
1753324405965 0.01936 114
1753324423355 0.01938 115
1753324440562 0.01936 116
1753324457921 0.01939 117
1753324474874 0.01934 118
1753324491897 0.0194 119
1753324509038 0.01936 120
1753324526131 0.01939 121
1753324543282 0.01938 122
1753324560513 0.01937 123
1753324577707 0.01935 124
1753324594606 0.01935 125
1753324611738 0.01936 126
1753324628905 0.01939 127
1753324645744 0.01938 128
1753324662862 0.01937 129
1753324680252 0.01941 130
1753324697200 0.01938 131
1753324714816 0.01939 132
1753324731563 0.01936 133
1753324748704 0.01937 134
1753324766056 0.01936 135
1753324783108 0.01938 136
1753324800421 0.01933 137
1753324817181 0.01938 138
1753324834425 0.01939 139
1753324851450 0.01938 140
1753324868536 0.01935 141
1753324885630 0.01936 142
1753324902635 0.01935 143
1753324919849 0.01936 144
1753324936923 0.01937 145
1753324954239 0.01937 146
1753324971217 0.01936 147
1753324988542 0.01938 148
1753325005908 0.01939 149
1753325023244 0.01939 150
1753325040383 0.01935 151
1753325057321 0.01935 152
1753325074602 0.01939 153
1753325091509 0.01936 154
1753325108808 0.01937 155
1753325126169 0.01937 156
1753325143425 0.01933 157
1753325160724 0.01934 158
1753325178056 0.01935 159
1753325195090 0.01933 160
1753325212828 0.01936 161
1753325230058 0.01936 162
1753325247348 0.01934 163
1753325264632 0.01935 164
1753325281590 0.01937 165
1753325298829 0.01934 166
1753325316193 0.01934 167
1753325333204 0.0193 168
1753325350243 0.01934 169
1753325367478 0.01933 170
1753325384560 0.01935 171
1753325401512 0.01933 172
1753325418624 0.01937 173
1753325435838 0.01931 174
1753325452967 0.01935 175
1753325470165 0.01933 176
1753325487288 0.01931 177
1753325504756 0.01936 178
1753325522420 0.01934 179
1753325539599 0.01931 180
1753325556768 0.01934 181
1753325573931 0.01931 182
1753325591107 0.01934 183
1753325608099 0.01933 184
1753325625397 0.01935 185
1753325642634 0.01935 186
1753325659668 0.01929 187
1753325676830 0.01931 188
1753325693909 0.01933 189
1753325711007 0.01931 190
1753325728039 0.01933 191
1753325745296 0.01933 192
1753325762479 0.01931 193
1753325779809 0.01932 194
1753325797044 0.01934 195
1753325814143 0.01932 196
1753325831285 0.01933 197
1753325848833 0.01931 198
1753325866052 0.01932 199
1753325883351 0.01931 200
1753325900632 0.01929 201
1753325917801 0.01932 202
1753325935035 0.01934 203
1753325952000 0.01931 204
1753325969039 0.01935 205
1753325986143 0.01929 206
1753326003349 0.01934 207
1753326020430 0.01931 208
1753326037757 0.01931 209
1753326055285 0.01934 210
1753326072279 0.01933 211
1753326089276 0.01931 212
1753326106203 0.01932 213
1753326123595 0.01932 214
1753326140708 0.01933 215
1753326157950 0.0193 216
1753326174896 0.0193 217
1753326192075 0.01931 218
1753326209187 0.01929 219
1753326226118 0.01931 220
1753326243171 0.0193 221
1753326260127 0.01929 222
1753326277691 0.01929 223
1753326295021 0.01931 224
1753326312288 0.01927 225
1753326329077 0.01932 226
1753326346399 0.0193 227
1753326363727 0.01927 228
1753326380973 0.01931 229
1753326398196 0.01929 230
1753326415441 0.01928 231
1753326432394 0.01932 232
1753326449397 0.0193 233
1753326466330 0.0193 234
1753326483202 0.01931 235
1753326499950 0.0193 236
1753326517295 0.01929 237
1753326534796 0.01925 238
1753326552027 0.0193 239
1753326569374 0.01929 240
1753326586723 0.01932 241
1753326603743 0.01929 242
1753326620790 0.0193 243
1753326637709 0.01926 244
1753326654637 0.01929 245
1753326671449 0.01926 246
1753326688305 0.01927 247
1753326705319 0.01922 248
1753326722499 0.01927 249
1753326739447 0.0193 250
1753326756610 0.01926 251
1753326773994 0.01931 252
1753326791235 0.01926 253
1753326808421 0.01923 254
1753326825459 0.01925 255
1753326842897 0.01929 256
1753326859991 0.01926 257
1753326876957 0.01927 258
1753326893945 0.01927 259
1753326911219 0.01925 260
1753326928582 0.01928 261
1753326945724 0.01925 262
1753326962727 0.01925 263
1753326979982 0.01925 264
1753326996847 0.01926 265
1753327014337 0.01923 266
1753327031626 0.01925 267
1753327048617 0.01923 268
1753327066229 0.01926 269
1753327083081 0.01924 270
1753327100220 0.01927 271
1753327117292 0.01927 272
1753327134355 0.01925 273
1753327151333 0.01927 274
1753327168298 0.01928 275
1753327185584 0.01925 276
1753327202624 0.01923 277
1753327220007 0.01928 278
1753327237030 0.01927 279
1753327253984 0.01924 280
1753327271118 0.01924 281
1753327288405 0.01922 282
1753327305742 0.01924 283
1753327322855 0.01925 284
1753327340013 0.01922 285
1753327357278 0.01924 286
1753327374696 0.01926 287
1753327392037 0.01921 288
1753327409025 0.01925 289
1753327426293 0.01922 290
1753327443517 0.01922 291
1753327460640 0.01924 292
1753327477592 0.01924 293
1753327494786 0.01921 294
1753327511735 0.01925 295
1753327528887 0.01921 296
1753327546104 0.01923 297
1753327563499 0.01922 298
1753327580554 0.01922 299
1753327597667 0.01924 300
