1753322475679 0.0010000000474974513 1
1753322492768 0.0010000000474974513 2
1753322509985 0.0010000000474974513 3
1753322526783 0.0010000000474974513 4
1753322543870 0.0010000000474974513 5
1753322561926 0.0010000000474974513 6
1753322578989 0.0010000000474974513 7
1753322596613 0.0010000000474974513 8
1753322613738 0.0010000000474974513 9
1753322631210 0.0010000000474974513 10
1753322648421 0.0010000000474974513 11
1753322665944 0.0010000000474974513 12
1753322683332 0.0010000000474974513 13
1753322700254 0.0010000000474974513 14
1753322717847 0.0010000000474974513 15
1753322735125 0.0010000000474974513 16
1753322752814 0.0010000000474974513 17
1753322770082 0.0010000000474974513 18
1753322786995 0.0010000000474974513 19
1753322804170 0.0010000000474974513 20
1753322821523 0.0010000000474974513 21
1753322839394 0.0010000000474974513 22
1753322856672 0.0010000000474974513 23
1753322873684 0.0010000000474974513 24
1753322890863 0.0010000000474974513 25
1753322907653 0.0010000000474974513 26
1753322924662 0.0010000000474974513 27
1753322942086 0.0010000000474974513 28
1753322959085 0.0010000000474974513 29
1753322976291 0.0010000000474974513 30
1753322993631 0.0010000000474974513 31
1753323010636 0.0010000000474974513 32
1753323027822 0.0010000000474974513 33
1753323044943 0.0010000000474974513 34
1753323062340 0.0010000000474974513 35
1753323079418 0.0010000000474974513 36
1753323097189 0.0010000000474974513 37
1753323114580 0.0010000000474974513 38
1753323132132 0.0010000000474974513 39
1753323149259 0.0010000000474974513 40
1753323166491 0.0010000000474974513 41
1753323183443 0.0010000000474974513 42
1753323200853 0.0010000000474974513 43
1753323218089 0.0010000000474974513 44
1753323235003 0.0010000000474974513 45
1753323252052 0.00020000000949949026 46
1753323269146 0.00020000000949949026 47
1753323286178 0.00020000000949949026 48
1753323303457 0.00020000000949949026 49
1753323320797 0.00020000000949949026 50
1753323338079 0.00020000000949949026 51
1753323354934 0.00020000000949949026 52
1753323372067 0.00020000000949949026 53
1753323389341 0.00020000000949949026 54
1753323406461 4.0000002627493814e-05 55
1753323423569 4.0000002627493814e-05 56
1753323440697 4.0000002627493814e-05 57
1753323457735 4.0000002627493814e-05 58
1753323475011 4.0000002627493814e-05 59
1753323492045 4.0000002627493814e-05 60
1753323509384 4.0000002627493814e-05 61
1753323526798 4.0000002627493814e-05 62
1753323544225 4.0000002627493814e-05 63
1753323561635 8.000000889296643e-06 64
1753323578877 8.000000889296643e-06 65
1753323596212 8.000000889296643e-06 66
1753323613410 8.000000889296643e-06 67
1753323630693 8.000000889296643e-06 68
1753323647966 8.000000889296643e-06 69
1753323665092 8.000000889296643e-06 70
1753323682347 8.000000889296643e-06 71
1753323699415 8.000000889296643e-06 72
1753323716522 1.6000001323845936e-06 73
1753323733517 1.6000001323845936e-06 74
1753323750605 1.6000001323845936e-06 75
1753323767752 1.6000001323845936e-06 76
1753323784731 1.6000001323845936e-06 77
1753323801980 1.6000001323845936e-06 78
1753323819286 1.6000001323845936e-06 79
1753323836464 1.6000001323845936e-06 80
1753323853663 1.6000001323845936e-06 81
1753323870647 9.999999974752427e-07 82
1753323888206 9.999999974752427e-07 83
1753323905553 9.999999974752427e-07 84
1753323922890 9.999999974752427e-07 85
1753323939987 9.999999974752427e-07 86
1753323957193 9.999999974752427e-07 87
1753323974315 9.999999974752427e-07 88
1753323991412 9.999999974752427e-07 89
1753324008492 9.999999974752427e-07 90
1753324025619 9.999999974752427e-07 91
1753324042894 9.999999974752427e-07 92
1753324060190 9.999999974752427e-07 93
1753324077317 9.999999974752427e-07 94
1753324094277 9.999999974752427e-07 95
1753324111418 9.999999974752427e-07 96
1753324128486 9.999999974752427e-07 97
1753324145329 9.999999974752427e-07 98
1753324162866 9.999999974752427e-07 99
1753324180306 9.999999974752427e-07 100
1753324197456 9.999999974752427e-07 101
1753324214596 9.999999974752427e-07 102
1753324231852 9.999999974752427e-07 103
1753324248924 9.999999974752427e-07 104
1753324266030 9.999999974752427e-07 105
1753324283048 9.999999974752427e-07 106
1753324299879 9.999999974752427e-07 107
1753324317100 9.999999974752427e-07 108
1753324334284 9.999999974752427e-07 109
1753324351361 9.999999974752427e-07 110
1753324368537 9.999999974752427e-07 111
1753324385485 9.999999974752427e-07 112
1753324402745 9.999999974752427e-07 113
1753324420153 9.999999974752427e-07 114
1753324437395 9.999999974752427e-07 115
1753324454714 9.999999974752427e-07 116
1753324471693 9.999999974752427e-07 117
1753324488734 9.999999974752427e-07 118
1753324505872 9.999999974752427e-07 119
1753324522996 9.999999974752427e-07 120
1753324540114 9.999999974752427e-07 121
1753324557330 9.999999974752427e-07 122
1753324574519 9.999999974752427e-07 123
1753324591420 9.999999974752427e-07 124
1753324608515 9.999999974752427e-07 125
1753324625743 9.999999974752427e-07 126
1753324642584 9.999999974752427e-07 127
1753324659625 9.999999974752427e-07 128
1753324677085 9.999999974752427e-07 129
1753324693997 9.999999974752427e-07 130
1753324711611 9.999999974752427e-07 131
1753324728356 9.999999974752427e-07 132
1753324745515 9.999999974752427e-07 133
1753324762832 9.999999974752427e-07 134
1753324779922 9.999999974752427e-07 135
1753324797213 9.999999974752427e-07 136
1753324813962 9.999999974752427e-07 137
1753324831200 9.999999974752427e-07 138
1753324848279 9.999999974752427e-07 139
1753324865333 9.999999974752427e-07 140
1753324882454 9.999999974752427e-07 141
1753324899474 9.999999974752427e-07 142
1753324916647 9.999999974752427e-07 143
1753324933699 9.999999974752427e-07 144
1753324951068 9.999999974752427e-07 145
1753324968021 9.999999974752427e-07 146
1753324985346 9.999999974752427e-07 147
1753325002393 9.999999974752427e-07 148
1753325020111 9.999999974752427e-07 149
1753325037222 9.999999974752427e-07 150
1753325054154 9.999999974752427e-07 151
1753325071385 9.999999974752427e-07 152
1753325088283 9.999999974752427e-07 153
1753325105586 9.999999974752427e-07 154
1753325122969 9.999999974752427e-07 155
1753325140266 9.999999974752427e-07 156
1753325157544 9.999999974752427e-07 157
1753325174876 9.999999974752427e-07 158
1753325191866 9.999999974752427e-07 159
1753325209608 9.999999974752427e-07 160
1753325226859 9.999999974752427e-07 161
1753325244143 9.999999974752427e-07 162
1753325261429 9.999999974752427e-07 163
1753325278377 9.999999974752427e-07 164
1753325295609 9.999999974752427e-07 165
1753325312986 9.999999974752427e-07 166
1753325330015 9.999999974752427e-07 167
1753325347052 9.999999974752427e-07 168
1753325364278 9.999999974752427e-07 169
1753325381331 9.999999974752427e-07 170
1753325398340 9.999999974752427e-07 171
1753325415402 9.999999974752427e-07 172
1753325432650 9.999999974752427e-07 173
1753325449819 9.999999974752427e-07 174
1753325466955 9.999999974752427e-07 175
1753325484098 9.999999974752427e-07 176
1753325501533 9.999999974752427e-07 177
1753325519005 9.999999974752427e-07 178
1753325536376 9.999999974752427e-07 179
1753325553600 9.999999974752427e-07 180
1753325570757 9.999999974752427e-07 181
1753325587890 9.999999974752427e-07 182
1753325604912 9.999999974752427e-07 183
1753325622182 9.999999974752427e-07 184
1753325639454 9.999999974752427e-07 185
1753325656478 9.999999974752427e-07 186
1753325673612 9.999999974752427e-07 187
1753325690738 9.999999974752427e-07 188
1753325707823 9.999999974752427e-07 189
1753325724843 9.999999974752427e-07 190
1753325742136 9.999999974752427e-07 191
1753325759299 9.999999974752427e-07 192
1753325776644 9.999999974752427e-07 193
1753325793863 9.999999974752427e-07 194
1753325810973 9.999999974752427e-07 195
1753325828087 9.999999974752427e-07 196
1753325845656 9.999999974752427e-07 197
1753325862814 9.999999974752427e-07 198
1753325880151 9.999999974752427e-07 199
1753325897427 9.999999974752427e-07 200
1753325914625 9.999999974752427e-07 201
1753325931797 9.999999974752427e-07 202
1753325948827 9.999999974752427e-07 203
1753325965882 9.999999974752427e-07 204
1753325982987 9.999999974752427e-07 205
1753326000117 9.999999974752427e-07 206
1753326017248 9.999999974752427e-07 207
1753326034531 9.999999974752427e-07 208
1753326052140 9.999999974752427e-07 209
1753326069118 9.999999974752427e-07 210
1753326086116 9.999999974752427e-07 211
1753326103022 9.999999974752427e-07 212
1753326120396 9.999999974752427e-07 213
1753326137543 9.999999974752427e-07 214
1753326154763 9.999999974752427e-07 215
1753326171668 9.999999974752427e-07 216
1753326188827 9.999999974752427e-07 217
1753326205969 9.999999974752427e-07 218
1753326222956 9.999999974752427e-07 219
1753326240013 9.999999974752427e-07 220
1753326256950 9.999999974752427e-07 221
1753326274469 9.999999974752427e-07 222
1753326291798 9.999999974752427e-07 223
1753326309059 9.999999974752427e-07 224
1753326325879 9.999999974752427e-07 225
1753326343235 9.999999974752427e-07 226
1753326360529 9.999999974752427e-07 227
1753326377745 9.999999974752427e-07 228
1753326394969 9.999999974752427e-07 229
1753326412264 9.999999974752427e-07 230
1753326429240 9.999999974752427e-07 231
1753326446234 9.999999974752427e-07 232
1753326463187 9.999999974752427e-07 233
1753326480028 9.999999974752427e-07 234
1753326496765 9.999999974752427e-07 235
1753326514110 9.999999974752427e-07 236
1753326531626 9.999999974752427e-07 237
1753326548872 9.999999974752427e-07 238
1753326566186 9.999999974752427e-07 239
1753326583560 9.999999974752427e-07 240
1753326600555 9.999999974752427e-07 241
1753326617545 9.999999974752427e-07 242
1753326634519 9.999999974752427e-07 243
1753326651454 9.999999974752427e-07 244
1753326668279 9.999999974752427e-07 245
1753326685110 9.999999974752427e-07 246
1753326702123 9.999999974752427e-07 247
1753326719319 9.999999974752427e-07 248
1753326736277 9.999999974752427e-07 249
1753326753447 9.999999974752427e-07 250
1753326770827 9.999999974752427e-07 251
1753326787998 9.999999974752427e-07 252
1753326805248 9.999999974752427e-07 253
1753326822312 9.999999974752427e-07 254
1753326839731 9.999999974752427e-07 255
1753326856771 9.999999974752427e-07 256
1753326873792 9.999999974752427e-07 257
1753326890763 9.999999974752427e-07 258
1753326908010 9.999999974752427e-07 259
1753326925397 9.999999974752427e-07 260
1753326942533 9.999999974752427e-07 261
1753326959573 9.999999974752427e-07 262
1753326976792 9.999999974752427e-07 263
1753326993689 9.999999974752427e-07 264
1753327011178 9.999999974752427e-07 265
1753327028444 9.999999974752427e-07 266
1753327045443 9.999999974752427e-07 267
1753327063062 9.999999974752427e-07 268
1753327079928 9.999999974752427e-07 269
1753327097063 9.999999974752427e-07 270
1753327114129 9.999999974752427e-07 271
1753327131181 9.999999974752427e-07 272
1753327148129 9.999999974752427e-07 273
1753327165075 9.999999974752427e-07 274
1753327182427 9.999999974752427e-07 275
1753327199462 9.999999974752427e-07 276
1753327216499 9.999999974752427e-07 277
1753327233805 9.999999974752427e-07 278
1753327250781 9.999999974752427e-07 279
1753327267885 9.999999974752427e-07 280
1753327285206 9.999999974752427e-07 281
1753327302548 9.999999974752427e-07 282
1753327319655 9.999999974752427e-07 283
1753327336833 9.999999974752427e-07 284
1753327354071 9.999999974752427e-07 285
1753327371539 9.999999974752427e-07 286
1753327388817 9.999999974752427e-07 287
1753327405837 9.999999974752427e-07 288
1753327423074 9.999999974752427e-07 289
1753327440344 9.999999974752427e-07 290
1753327457428 9.999999974752427e-07 291
1753327474425 9.999999974752427e-07 292
1753327491586 9.999999974752427e-07 293
1753327508565 9.999999974752427e-07 294
1753327525712 9.999999974752427e-07 295
1753327542906 9.999999974752427e-07 296
1753327560279 9.999999974752427e-07 297
1753327577412 9.999999974752427e-07 298
1753327594444 9.999999974752427e-07 299
1753327611559 9.999999974752427e-07 300
