1751309036457 1.0 0
1751309050064 2.0 0
1751309063202 3.0 0
1751309077896 4.0 0
1751309092847 5.0 0
1751309107888 6.0 0
1751309123177 7.0 0
1751309138277 8.0 0
1751309152870 9.0 0
1751309166046 10.0 0
1751309179556 11.0 0
1751309193351 12.0 0
1751309206355 13.0 0
1751309221601 14.0 0
1751309235414 15.0 0
1751309249651 16.0 0
1751309264684 17.0 0
1751309280854 18.0 0
1751309298445 19.0 0
1751309314477 20.0 0
1751309329265 21.0 0
1751309343165 22.0 0
1751309355956 23.0 0
1751309368747 24.0 0
1751309381849 25.0 0
1751309394591 26.0 0
1751309407367 27.0 0
1751309420111 28.0 0
1751309433733 29.0 0
1751309448109 30.0 0
1751309462406 31.0 0
1751309477066 32.0 0
1751309491697 33.0 0
1751309504514 34.0 0
1751309517274 35.0 0
1751309530103 36.0 0
1751309542812 37.0 0
1751309555571 38.0 0
1751309568627 39.0 0
1751309581505 40.0 0
1751309595197 41.0 0
1751309609867 42.0 0
1751309624241 43.0 0
1751309668051 46.0 0
1751309680751 47.0 0
1751309693480 48.0 0
1751309706321 49.0 0
1751309732183 51.0 0
1751309758870 53.0 0
1751309787685 55.0 0
1751309802216 56.0 0
1751309828971 58.0 0
1751309880421 62.0 0
1751309905883 64.0 0
1751309948713 67.0 0
1751309963212 68.0 0
1751309976794 69.0 0
1751309989487 70.0 0
1751310002277 71.0 0
1751310027656 73.0 0
1751310040450 74.0 0
1751310163686 83.0 0
1751310215404 87.0 0
1751310256914 90.0 0
