1751309025703 0.62953 1
1751309046906 0.50495 2
1751309060053 0.42539 3
1751309074173 0.36287 4
1751309089139 0.31288 5
1751309104245 0.27 6
1751309119464 0.23316 7
1751309134735 0.20196 8
1751309149604 0.17559 9
1751309162925 0.1536 10
1751309176043 0.13473 11
1751309190149 0.11705 12
1751309202945 0.1021 13
1751309217928 0.09034 14
1751309231886 0.08092 15
1751309245789 0.07321 16
1751309261084 0.06682 17
1751309276605 0.06157 18
1751309294118 0.05705 19
1751309310721 0.05313 20
1751309325764 0.04987 21
1751309339806 0.04698 22
1751309352852 0.04433 23
1751309365692 0.04221 24
1751309378684 0.04021 25
1751309391523 0.03857 26
1751309404268 0.03704 27
1751309417022 0.03583 28
1751309430210 0.0344 29
1751309444578 0.03323 30
1751309458928 0.03242 31
1751309473442 0.03141 32
1751309487911 0.03063 33
1751309501418 0.02978 34
1751309514188 0.02915 35
1751309527038 0.02849 36
1751309539747 0.02803 37
1751309552456 0.02736 38
1751309565558 0.02692 39
1751309578400 0.02654 40
1751309591689 0.02611 41
1751309606348 0.02576 42
1751309620731 0.02533 43
1751309635880 0.02503 44
1751309651039 0.02458 45
1751309664964 0.02454 46
1751309677679 0.02416 47
1751309690386 0.02385 48
1751309703220 0.02364 49
1751309716206 0.02341 50
1751309728957 0.02315 51
1751309741934 0.02286 52
1751309755447 0.02278 53
1751309769759 0.02261 54
1751309784040 0.02241 55
1751309798775 0.02199 56
1751309812999 0.02204 57
1751309825813 0.0219 58
1751309838897 0.02173 59
1751309851664 0.02154 60
1751309864464 0.02155 61
1751309877350 0.02134 62
1751309890127 0.02115 63
1751309902818 0.02103 64
1751309916465 0.02093 65
1751309930697 0.02097 66
1751309945159 0.02068 67
1751309959770 0.02061 68
1751309973744 0.02037 69
1751309986423 0.02052 70
1751309999208 0.02033 71
1751310011908 0.02028 72
1751310024523 0.02009 73
1751310037309 0.01996 74
1751310050375 0.02008 75
1751310063722 0.01979 76
1751310077305 0.0198 77
1751310091756 0.01963 78
1751310106035 0.01974 79
1751310120478 0.01965 80
1751310134941 0.01945 81
1751310147693 0.0195 82
1751310160610 0.01937 83
1751310173762 0.01923 84
1751310186661 0.01941 85
1751310199335 0.0192 86
1751310212207 0.01928 87
1751310225023 0.01896 88
1751310238731 0.01886 89
1751310253324 0.01893 90
1751310267701 0.01892 91
1751310282296 0.01881 92
1751310296721 0.01897 93
1751310309521 0.01893 94
1751310322194 0.01859 95
1751310334903 0.01865 96
1751310347679 0.01867 97
1751310360267 0.01855 98
1751310372937 0.01849 99
1751310385649 0.01851 100
