1753350938089 1.0 0
1753350955681 2.0 0
1753350973431 3.0 0
1753350990888 4.0 0
1753351008658 5.0 0
1753351026094 6.0 0
1753351043383 7.0 0
1753351060553 8.0 0
1753351078194 9.0 0
1753351096236 10.0 0
1753351113884 11.0 0
1753351131804 12.0 0
1753351149419 13.0 0
1753351167016 14.0 0
1753351185047 15.0 0
1753351202657 16.0 0
1753351220240 17.0 0
1753351238149 18.0 0
1753351255124 19.0 0
1753351272878 20.0 0
1753351290878 21.0 0
1753351308804 22.0 0
1753351326735 23.0 0
1753351344200 24.0 0
1753351362213 25.0 0
1753351379891 26.0 0
1753351397298 27.0 0
1753351414912 28.0 0
1753351432682 29.0 0
1753351449921 30.0 0
1753351467418 31.0 0
1753351484842 32.0 0
1753351502472 33.0 0
1753351519983 34.0 0
1753351537634 35.0 0
1753351554779 36.0 0
1753351572013 37.0 0
1753351589260 38.0 0
1753351607305 39.0 0
1753351624951 40.0 0
1753351642639 41.0 0
1753351660106 42.0 0
1753351678140 43.0 0
1753351696003 44.0 0
1753351713440 45.0 0
1753351730919 46.0 0
1753351748220 47.0 0
1753351765909 48.0 0
1753351783370 49.0 0
1753351800608 50.0 0
1753351835976 52.0 0
1753351853552 53.0 0
1753351871445 54.0 0
1753351889056 55.0 0
1753351906368 56.0 0
1753351941277 58.0 0
1753351958682 59.0 0
1753351976248 60.0 0
1753351993957 61.0 0
1753352011628 62.0 0
1753352029278 63.0 0
1753352046521 64.0 0
1753352064569 65.0 0
1753352099685 67.0 0
1753352117668 68.0 0
1753352152782 70.0 0
1753352205815 73.0 0
1753352240946 75.0 0
1753352293195 78.0 0
1753352328540 80.0 0
1753352380690 83.0 0
1753352433211 86.0 0
1753352450457 87.0 0
1753352591299 95.0 0
1753352679567 100.0 0
1753352697021 101.0 0
1753352731288 103.0 0
