1753350923960 0.7884 1
1753350941530 0.6673 2
1753350959153 0.60316 3
1753350976842 0.5646 4
1753350994259 0.52595 5
1753351012020 0.48826 6
1753351029473 0.44949 7
1753351046717 0.41301 8
1753351063880 0.37784 9
1753351081529 0.3456 10
1753351099515 0.31642 11
1753351117225 0.29314 12
1753351135105 0.26729 13
1753351152739 0.24388 14
1753351170364 0.22271 15
1753351188294 0.20396 16
1753351205962 0.18701 17
1753351223596 0.17181 18
1753351241476 0.1582 19
1753351258498 0.14601 20
1753351276207 0.1349 21
1753351294193 0.12533 22
1753351312053 0.11637 23
1753351330085 0.10829 24
1753351347548 0.10112 25
1753351365503 0.09471 26
1753351383144 0.08883 27
1753351400612 0.08348 28
1753351418254 0.07892 29
1753351435947 0.07452 30
1753351453325 0.0706 31
1753351470776 0.06699 32
1753351488205 0.06379 33
1753351505737 0.06088 34
1753351523285 0.05811 35
1753351540907 0.0557 36
1753351558162 0.05341 37
1753351575357 0.0513 38
1753351592676 0.04959 39
1753351610659 0.04779 40
1753351628279 0.04613 41
1753351645911 0.04461 42
1753351663457 0.04319 43
1753351681474 0.04198 44
1753351699341 0.04081 45
1753351716739 0.03964 46
1753351734209 0.03868 47
1753351751556 0.03765 48
1753351769189 0.03675 49
1753351786636 0.03588 50
1753351803892 0.03518 51
1753351821449 0.03438 52
1753351839226 0.03366 53
1753351856914 0.03296 54
1753351874799 0.03237 55
1753351892306 0.03183 56
1753351909720 0.03129 57
1753351927043 0.03074 58
1753351944632 0.0303 59
1753351961968 0.02986 60
1753351979611 0.02939 61
1753351997302 0.02894 62
1753352014942 0.02863 63
1753352032696 0.02816 64
1753352049824 0.02786 65
1753352067877 0.0275 66
1753352085524 0.02716 67
1753352102917 0.02685 68
1753352120941 0.02662 69
1753352138206 0.02628 70
1753352156041 0.02606 71
1753352173428 0.02578 72
1753352190914 0.02551 73
1753352209128 0.02533 74
1753352226796 0.02508 75
1753352244229 0.02484 76
1753352261591 0.02467 77
1753352278818 0.02447 78
1753352296540 0.02428 79
1753352314394 0.02412 80
1753352331905 0.024 81
1753352349533 0.0238 82
1753352366963 0.02359 83
1753352384058 0.02345 84
1753352401978 0.02338 85
1753352418939 0.02319 86
1753352436516 0.02306 87
1753352453802 0.02292 88
1753352471237 0.02272 89
1753352488930 0.02262 90
1753352506329 0.02249 91
1753352523476 0.02236 92
1753352541042 0.02228 93
1753352559171 0.02224 94
1753352576770 0.02214 95
1753352594665 0.02192 96
1753352612497 0.02183 97
1753352629715 0.02182 98
1753352647559 0.02166 99
1753352665340 0.02159 100
1753352682829 0.02146 101
1753352700285 0.02141 102
1753352717132 0.02141 103
1753352734558 0.02128 104
1753352752331 0.02117 105
1753352769700 0.02106 106
1753352787166 0.021 107
1753352804733 0.02085 108
1753352822093 0.02082 109
1753352839468 0.02085 110
1753352857386 0.02064 111
1753352875198 0.0205 112
1753352892791 0.02051 113
1753352910645 0.02045 114
1753352928352 0.02039 115
1753352946182 0.02038 116
1753352963947 0.02038 117
1753352981316 0.02031 118
1753352998407 0.0203 119
1753353016564 0.02028 120
1753353033844 0.02025 121
1753353051447 0.02027 122
1753353069223 0.02028 123
1753353086646 0.02021 124
1753353104285 0.0202 125
1753353121916 0.02025 126
1753353139470 0.02024 127
1753353157705 0.02021 128
1753353175419 0.02023 129
1753353192484 0.02022 130
1753353210216 0.0202 131
1753353227254 0.02018 132
1753353244563 0.02024 133
1753353261858 0.02017 134
1753353279436 0.0202 135
1753353297505 0.02019 136
1753353314735 0.02016 137
1753353332414 0.0202 138
1753353349632 0.0202 139
1753353366874 0.02015 140
1753353384271 0.02018 141
1753353401997 0.0202 142
1753353419571 0.02017 143
1753353437097 0.0202 144
1753353454521 0.0202 145
1753353472276 0.02017 146
1753353489544 0.02021 147
1753353507189 0.02013 148
1753353524619 0.0202 149
1753353541993 0.02018 150
1753353559686 0.02019 151
1753353577202 0.02016 152
1753353594780 0.02017 153
1753353612496 0.0202 154
1753353629779 0.02018 155
1753353647688 0.02018 156
1753353664957 0.02019 157
1753353682458 0.0202 158
1753353700120 0.02019 159
1753353717281 0.02017 160
1753353734622 0.02023 161
1753353752504 0.02018 162
1753353770072 0.02023 163
1753353787270 0.02019 164
1753353804683 0.02018 165
1753353821915 0.02019 166
1753353839479 0.02019 167
1753353856534 0.02017 168
1753353873688 0.02017 169
1753353891067 0.0202 170
1753353908477 0.0202 171
1753353926028 0.0202 172
1753353943481 0.02018 173
1753353961374 0.02016 174
1753353979042 0.02019 175
1753353996958 0.02018 176
1753354014638 0.02021 177
1753354032365 0.02016 178
1753354050229 0.02018 179
1753354067637 0.0202 180
1753354085472 0.02022 181
1753354102803 0.02016 182
1753354120123 0.02018 183
1753354138033 0.02017 184
1753354155732 0.0202 185
1753354173309 0.02017 186
1753354190544 0.02015 187
1753354208477 0.02018 188
1753354225676 0.02021 189
1753354242769 0.02015 190
1753354260003 0.02017 191
1753354277631 0.02021 192
1753354294781 0.02019 193
1753354312435 0.02017 194
1753354329784 0.02019 195
1753354347563 0.02017 196
1753354364983 0.02019 197
1753354382709 0.02022 198
1753354400297 0.02019 199
1753354417861 0.02019 200
1753354435490 0.02021 201
1753354453259 0.0202 202
1753354470578 0.0202 203
1753354487918 0.02017 204
1753354505554 0.0202 205
1753354522949 0.02019 206
1753354540253 0.02018 207
1753354557673 0.0202 208
1753354575333 0.02017 209
1753354592593 0.02018 210
1753354609631 0.0202 211
1753354627510 0.02017 212
1753354645183 0.02016 213
1753354662721 0.02022 214
1753354680686 0.02015 215
1753354698146 0.02016 216
1753354715806 0.02018 217
1753354733813 0.02018 218
1753354751255 0.02017 219
1753354768740 0.02021 220
1753354786125 0.02019 221
1753354804074 0.02017 222
1753354821424 0.0202 223
1753354838753 0.02019 224
1753354856865 0.02017 225
1753354874197 0.02018 226
1753354891786 0.02017 227
1753354908764 0.02018 228
1753354926676 0.02017 229
1753354944049 0.02018 230
1753354962291 0.02018 231
1753354979602 0.02019 232
1753354997234 0.02019 233
1753355014991 0.02019 234
1753355032568 0.02018 235
1753355050112 0.02016 236
1753355067595 0.02019 237
1753355085393 0.02017 238
1753355103177 0.02018 239
1753355120175 0.02017 240
1753355138212 0.02019 241
1753355155910 0.02015 242
1753355174012 0.0202 243
1753355191509 0.02019 244
1753355209157 0.02016 245
1753355226567 0.02017 246
1753355244064 0.02015 247
1753355261628 0.02015 248
1753355279534 0.02013 249
1753355296995 0.02015 250
1753355314439 0.02017 251
1753355332052 0.02018 252
1753355349684 0.02018 253
1753355367454 0.02014 254
1753355384728 0.02017 255
1753355402162 0.02017 256
1753355419300 0.02016 257
1753355436190 0.02017 258
1753355453755 0.02017 259
1753355471007 0.02018 260
1753355488879 0.02017 261
1753355506821 0.02017 262
1753355524495 0.02016 263
1753355542201 0.02017 264
1753355559767 0.02016 265
1753355577604 0.02017 266
1753355595314 0.02017 267
1753355613054 0.02016 268
1753355630373 0.02014 269
1753355647817 0.02018 270
1753355665851 0.02014 271
1753355683749 0.02017 272
1753355701528 0.02012 273
1753355719498 0.02019 274
1753355737016 0.02015 275
1753355754334 0.02014 276
1753355771489 0.02018 277
1753355789773 0.02019 278
1753355807269 0.02015 279
1753355825120 0.02018 280
1753355842812 0.02015 281
1753355860426 0.02017 282
1753355877816 0.02019 283
1753355895347 0.02016 284
1753355912713 0.02013 285
1753355930085 0.02013 286
1753355947753 0.02014 287
1753355965213 0.02016 288
1753355983066 0.02014 289
1753356000356 0.02014 290
1753356018195 0.02018 291
1753356036262 0.02018 292
1753356053281 0.02015 293
1753356071276 0.02017 294
1753356089489 0.02014 295
1753356106525 0.02015 296
1753356124548 0.02013 297
1753356142168 0.02015 298
1753356159422 0.02015 299
1753356176857 0.02017 300
