1753350938097 0.0010000000474974513 1
1753350955687 0.0010000000474974513 2
1753350973435 0.0010000000474974513 3
1753350990894 0.0010000000474974513 4
1753351008665 0.0010000000474974513 5
1753351026101 0.0010000000474974513 6
1753351043388 0.0010000000474974513 7
1753351060557 0.0010000000474974513 8
1753351078201 0.0010000000474974513 9
1753351096241 0.0010000000474974513 10
1753351113887 0.0010000000474974513 11
1753351131808 0.0010000000474974513 12
1753351149427 0.0010000000474974513 13
1753351167024 0.0010000000474974513 14
1753351185051 0.0010000000474974513 15
1753351202661 0.0010000000474974513 16
1753351220244 0.0010000000474974513 17
1753351238154 0.0010000000474974513 18
1753351255127 0.0010000000474974513 19
1753351272882 0.0010000000474974513 20
1753351290892 0.0010000000474974513 21
1753351308810 0.0010000000474974513 22
1753351326742 0.0010000000474974513 23
1753351344204 0.0010000000474974513 24
1753351362217 0.0010000000474974513 25
1753351379896 0.0010000000474974513 26
1753351397302 0.0010000000474974513 27
1753351414916 0.0010000000474974513 28
1753351432686 0.0010000000474974513 29
1753351449929 0.0010000000474974513 30
1753351467423 0.0010000000474974513 31
1753351484846 0.0010000000474974513 32
1753351502476 0.0010000000474974513 33
1753351519987 0.0010000000474974513 34
1753351537638 0.0010000000474974513 35
1753351554787 0.0010000000474974513 36
1753351572016 0.0010000000474974513 37
1753351589266 0.0010000000474974513 38
1753351607312 0.0010000000474974513 39
1753351624957 0.0010000000474974513 40
1753351642644 0.0010000000474974513 41
1753351660110 0.0010000000474974513 42
1753351678144 0.0010000000474974513 43
1753351696006 0.0010000000474974513 44
1753351713444 0.0010000000474974513 45
1753351730926 0.0010000000474974513 46
1753351748247 0.0010000000474974513 47
1753351765917 0.0010000000474974513 48
1753351783376 0.0010000000474974513 49
1753351800612 0.0010000000474974513 50
1753351818181 0.0010000000474974513 51
1753351835980 0.0010000000474974513 52
1753351853556 0.0010000000474974513 53
1753351871449 0.0010000000474974513 54
1753351889060 0.0010000000474974513 55
1753351906375 0.0010000000474974513 56
1753351923747 0.0010000000474974513 57
1753351941284 0.0010000000474974513 58
1753351958686 0.0010000000474974513 59
1753351976252 0.0010000000474974513 60
1753351993962 0.0010000000474974513 61
1753352011632 0.0010000000474974513 62
1753352029282 0.0010000000474974513 63
1753352046527 0.0010000000474974513 64
1753352064575 0.0010000000474974513 65
1753352082198 0.0010000000474974513 66
1753352099689 0.0010000000474974513 67
1753352117678 0.0010000000474974513 68
1753352134914 0.0010000000474974513 69
1753352152786 0.0010000000474974513 70
1753352170089 0.0010000000474974513 71
1753352187642 0.0010000000474974513 72
1753352205821 0.0010000000474974513 73
1753352223513 0.0010000000474974513 74
1753352240952 0.0010000000474974513 75
1753352258307 0.0010000000474974513 76
1753352275525 0.0010000000474974513 77
1753352293199 0.0010000000474974513 78
1753352311030 0.0010000000474974513 79
1753352328544 0.0010000000474974513 80
1753352346227 0.0010000000474974513 81
1753352363627 0.0010000000474974513 82
1753352380697 0.0010000000474974513 83
1753352398676 0.0010000000474974513 84
1753352415634 0.0010000000474974513 85
1753352433214 0.0010000000474974513 86
1753352450461 0.0010000000474974513 87
1753352467992 0.0010000000474974513 88
1753352485604 0.0010000000474974513 89
1753352503047 0.0010000000474974513 90
1753352520220 0.0010000000474974513 91
1753352537743 0.0010000000474974513 92
1753352555626 0.0010000000474974513 93
1753352573455 0.0010000000474974513 94
1753352591303 0.0010000000474974513 95
1753352609237 0.0010000000474974513 96
1753352626419 0.0010000000474974513 97
1753352644264 0.0010000000474974513 98
1753352662061 0.0010000000474974513 99
1753352679575 0.0010000000474974513 100
1753352697028 0.0010000000474974513 101
1753352713853 0.0010000000474974513 102
1753352731293 0.0010000000474974513 103
1753352749062 0.0010000000474974513 104
1753352766418 0.0010000000474974513 105
1753352783848 0.0010000000474974513 106
1753352801478 0.0010000000474974513 107
1753352818810 0.0010000000474974513 108
1753352836199 0.0010000000474974513 109
1753352854091 0.00020000000949949026 110
1753352871883 0.00020000000949949026 111
1753352889546 0.00020000000949949026 112
1753352907372 0.00020000000949949026 113
1753352925051 0.00020000000949949026 114
1753352942956 0.00020000000949949026 115
1753352960641 0.00020000000949949026 116
1753352978046 0.00020000000949949026 117
1753352995056 0.00020000000949949026 118
1753353013258 4.0000002627493814e-05 119
1753353030579 4.0000002627493814e-05 120
1753353048188 4.0000002627493814e-05 121
1753353065863 4.0000002627493814e-05 122
1753353083437 4.0000002627493814e-05 123
1753353101018 4.0000002627493814e-05 124
1753353118562 4.0000002627493814e-05 125
1753353136127 4.0000002627493814e-05 126
1753353154318 4.0000002627493814e-05 127
1753353172127 8.000000889296643e-06 128
1753353189168 8.000000889296643e-06 129
1753353206862 8.000000889296643e-06 130
1753353224014 8.000000889296643e-06 131
1753353241314 8.000000889296643e-06 132
1753353258582 8.000000889296643e-06 133
1753353276058 8.000000889296643e-06 134
1753353294234 8.000000889296643e-06 135
1753353311435 8.000000889296643e-06 136
1753353329143 1.6000001323845936e-06 137
1753353346319 1.6000001323845936e-06 138
1753353363584 1.6000001323845936e-06 139
1753353380979 1.6000001323845936e-06 140
1753353398652 1.6000001323845936e-06 141
1753353416318 1.6000001323845936e-06 142
1753353433807 1.6000001323845936e-06 143
1753353451186 1.6000001323845936e-06 144
1753353468943 1.6000001323845936e-06 145
1753353486266 9.999999974752427e-07 146
1753353503778 9.999999974752427e-07 147
1753353521360 9.999999974752427e-07 148
1753353538707 9.999999974752427e-07 149
1753353556406 9.999999974752427e-07 150
1753353573916 9.999999974752427e-07 151
1753353591536 9.999999974752427e-07 152
1753353609182 9.999999974752427e-07 153
1753353626556 9.999999974752427e-07 154
1753353644348 9.999999974752427e-07 155
1753353661679 9.999999974752427e-07 156
1753353679183 9.999999974752427e-07 157
1753353696797 9.999999974752427e-07 158
1753353714072 9.999999974752427e-07 159
1753353731360 9.999999974752427e-07 160
1753353749213 9.999999974752427e-07 161
1753353766820 9.999999974752427e-07 162
1753353784012 9.999999974752427e-07 163
1753353801430 9.999999974752427e-07 164
1753353818580 9.999999974752427e-07 165
1753353836173 9.999999974752427e-07 166
1753353853242 9.999999974752427e-07 167
1753353870382 9.999999974752427e-07 168
1753353887736 9.999999974752427e-07 169
1753353905130 9.999999974752427e-07 170
1753353922712 9.999999974752427e-07 171
1753353940181 9.999999974752427e-07 172
1753353958063 9.999999974752427e-07 173
1753353975733 9.999999974752427e-07 174
1753353993687 9.999999974752427e-07 175
1753354011285 9.999999974752427e-07 176
1753354029054 9.999999974752427e-07 177
1753354046888 9.999999974752427e-07 178
1753354064253 9.999999974752427e-07 179
1753354082105 9.999999974752427e-07 180
1753354099483 9.999999974752427e-07 181
1753354116833 9.999999974752427e-07 182
1753354134717 9.999999974752427e-07 183
1753354152393 9.999999974752427e-07 184
1753354170010 9.999999974752427e-07 185
1753354187261 9.999999974752427e-07 186
1753354205208 9.999999974752427e-07 187
1753354222345 9.999999974752427e-07 188
1753354239423 9.999999974752427e-07 189
1753354256715 9.999999974752427e-07 190
1753354274261 9.999999974752427e-07 191
1753354291512 9.999999974752427e-07 192
1753354309092 9.999999974752427e-07 193
1753354326497 9.999999974752427e-07 194
1753354344192 9.999999974752427e-07 195
1753354361618 9.999999974752427e-07 196
1753354379377 9.999999974752427e-07 197
1753354396958 9.999999974752427e-07 198
1753354414517 9.999999974752427e-07 199
1753354432234 9.999999974752427e-07 200
1753354449989 9.999999974752427e-07 201
1753354467271 9.999999974752427e-07 202
1753354484562 9.999999974752427e-07 203
1753354502182 9.999999974752427e-07 204
1753354519674 9.999999974752427e-07 205
1753354536911 9.999999974752427e-07 206
1753354554323 9.999999974752427e-07 207
1753354572026 9.999999974752427e-07 208
1753354589239 9.999999974752427e-07 209
1753354606313 9.999999974752427e-07 210
1753354624172 9.999999974752427e-07 211
1753354641832 9.999999974752427e-07 212
1753354659424 9.999999974752427e-07 213
1753354677362 9.999999974752427e-07 214
1753354694851 9.999999974752427e-07 215
1753354712437 9.999999974752427e-07 216
1753354730475 9.999999974752427e-07 217
1753354747936 9.999999974752427e-07 218
1753354765437 9.999999974752427e-07 219
1753354782782 9.999999974752427e-07 220
1753354800730 9.999999974752427e-07 221
1753354818121 9.999999974752427e-07 222
1753354835474 9.999999974752427e-07 223
1753354853587 9.999999974752427e-07 224
1753354870853 9.999999974752427e-07 225
1753354888520 9.999999974752427e-07 226
1753354905480 9.999999974752427e-07 227
1753354923382 9.999999974752427e-07 228
1753354940756 9.999999974752427e-07 229
1753354958975 9.999999974752427e-07 230
1753354976266 9.999999974752427e-07 231
1753354993976 9.999999974752427e-07 232
1753355011633 9.999999974752427e-07 233
1753355029197 9.999999974752427e-07 234
1753355046837 9.999999974752427e-07 235
1753355064298 9.999999974752427e-07 236
1753355082034 9.999999974752427e-07 237
1753355099961 9.999999974752427e-07 238
1753355116857 9.999999974752427e-07 239
1753355134835 9.999999974752427e-07 240
1753355152546 9.999999974752427e-07 241
1753355170740 9.999999974752427e-07 242
1753355188188 9.999999974752427e-07 243
1753355205936 9.999999974752427e-07 244
1753355223254 9.999999974752427e-07 245
1753355240767 9.999999974752427e-07 246
1753355258339 9.999999974752427e-07 247
1753355276272 9.999999974752427e-07 248
1753355293671 9.999999974752427e-07 249
1753355311132 9.999999974752427e-07 250
1753355328747 9.999999974752427e-07 251
1753355346414 9.999999974752427e-07 252
1753355364174 9.999999974752427e-07 253
1753355381453 9.999999974752427e-07 254
1753355398733 9.999999974752427e-07 255
1753355415915 9.999999974752427e-07 256
1753355432896 9.999999974752427e-07 257
1753355450505 9.999999974752427e-07 258
1753355467757 9.999999974752427e-07 259
1753355485607 9.999999974752427e-07 260
1753355503461 9.999999974752427e-07 261
1753355521280 9.999999974752427e-07 262
1753355538847 9.999999974752427e-07 263
1753355556520 9.999999974752427e-07 264
1753355574317 9.999999974752427e-07 265
1753355592067 9.999999974752427e-07 266
1753355609703 9.999999974752427e-07 267
1753355627018 9.999999974752427e-07 268
1753355644528 9.999999974752427e-07 269
1753355662475 9.999999974752427e-07 270
1753355680407 9.999999974752427e-07 271
1753355698211 9.999999974752427e-07 272
1753355716204 9.999999974752427e-07 273
1753355733728 9.999999974752427e-07 274
1753355751095 9.999999974752427e-07 275
1753355768141 9.999999974752427e-07 276
1753355786417 9.999999974752427e-07 277
1753355803961 9.999999974752427e-07 278
1753355821833 9.999999974752427e-07 279
1753355839447 9.999999974752427e-07 280
1753355857082 9.999999974752427e-07 281
1753355874532 9.999999974752427e-07 282
1753355892033 9.999999974752427e-07 283
1753355909457 9.999999974752427e-07 284
1753355926754 9.999999974752427e-07 285
1753355944399 9.999999974752427e-07 286
1753355961956 9.999999974752427e-07 287
1753355979735 9.999999974752427e-07 288
1753355996985 9.999999974752427e-07 289
1753356014846 9.999999974752427e-07 290
1753356032968 9.999999974752427e-07 291
1753356049995 9.999999974752427e-07 292
1753356068002 9.999999974752427e-07 293
1753356086216 9.999999974752427e-07 294
1753356103231 9.999999974752427e-07 295
1753356121187 9.999999974752427e-07 296
1753356138841 9.999999974752427e-07 297
1753356156116 9.999999974752427e-07 298
1753356173562 9.999999974752427e-07 299
1753356191201 9.999999974752427e-07 300
