1753329521368 1.0 0
1753329535094 2.0 0
1753329548565 3.0 0
1753329562570 4.0 0
1753329576510 5.0 0
1753329590084 6.0 0
1753329603686 7.0 0
1753329617671 8.0 0
1753329631352 9.0 0
1753329644814 10.0 0
1753329658483 11.0 0
1753329672570 12.0 0
1753329686062 13.0 0
1753329699463 14.0 0
1753329712960 15.0 0
1753329726911 16.0 0
1753329740503 17.0 0
1753329754291 18.0 0
1753329768170 19.0 0
1753329781868 20.0 0
1753329795386 21.0 0
1753329808980 22.0 0
1753329822673 23.0 0
1753329836481 24.0 0
1753329850057 25.0 0
1753329863750 26.0 0
1753329877678 27.0 0
1753329891295 28.0 0
1753329904970 29.0 0
1753329918661 30.0 0
1753329932447 31.0 0
1753329945981 32.0 0
1753329959572 33.0 0
1753329973286 34.0 0
1753329987058 35.0 0
1753330014253 37.0 0
1753330028126 38.0 0
1753330041880 39.0 0
1753330055538 40.0 0
1753330069102 41.0 0
1753330082969 42.0 0
1753330137878 46.0 0
1753330165199 48.0 0
1753330192712 50.0 0
1753330206306 51.0 0
1753330233641 53.0 0
1753330261114 55.0 0
1753330302670 58.0 0
1753330316331 59.0 0
1753330357517 62.0 0
1753330466636 70.0 0
