1753329508304 0.54582 1
1753329524032 0.4563 2
1753329537752 0.40306 3
1753329551594 0.35831 4
1753329565290 0.31802 5
1753329579137 0.28115 6
1753329592827 0.24825 7
1753329606405 0.21879 8
1753329620330 0.19351 9
1753329633951 0.17186 10
1753329647378 0.15327 11
1753329660993 0.13732 12
1753329675137 0.12345 13
1753329688614 0.1116 14
1753329702022 0.10136 15
1753329715511 0.09251 16
1753329729484 0.08483 17
1753329743051 0.07818 18
1753329756880 0.07239 19
1753329770841 0.06734 20
1753329784359 0.06291 21
1753329797992 0.05903 22
1753329811571 0.05562 23
1753329825262 0.05249 24
1753329839081 0.04984 25
1753329852705 0.04742 26
1753329866420 0.04521 27
1753329880250 0.04329 28
1753329893886 0.04151 29
1753329907677 0.03996 30
1753329921283 0.03852 31
1753329935038 0.0372 32
1753329948609 0.03604 33
1753329962173 0.03498 34
1753329975953 0.03398 35
1753329989588 0.03308 36
1753330003160 0.03225 37
1753330016943 0.03145 38
1753330030682 0.03076 39
1753330044572 0.03011 40
1753330058075 0.02949 41
1753330071720 0.02894 42
1753330085651 0.02842 43
1753330099113 0.02775 44
1753330112738 0.02696 45
1753330126515 0.02637 46
1753330140485 0.02588 47
1753330154119 0.02546 48
1753330167889 0.02503 49
1753330181820 0.02463 50
1753330195322 0.02434 51
1753330208958 0.02408 52
1753330222602 0.0238 53
1753330236240 0.0235 54
1753330250137 0.02328 55
1753330263692 0.02308 56
1753330277391 0.02285 57
1753330291689 0.02267 58
1753330305322 0.02255 59
1753330319193 0.02232 60
1753330332660 0.02218 61
1753330346580 0.02204 62
1753330360180 0.02187 63
1753330373771 0.02174 64
1753330387712 0.0216 65
1753330401248 0.02144 66
1753330414812 0.02135 67
1753330428325 0.02125 68
1753330441958 0.02112 69
1753330455674 0.02107 70
1753330469217 0.02093 71
1753330482841 0.0208 72
1753330496879 0.0207 73
1753330510395 0.02061 74
1753330523850 0.0205 75
1753330537472 0.02045 76
1753330551277 0.02036 77
1753330564748 0.02024 78
1753330578236 0.02021 79
1753330592438 0.02004 80
1753330606030 0.01991 81
1753330619476 0.01988 82
1753330633116 0.01981 83
1753330646950 0.01983 84
1753330660741 0.01977 85
1753330674313 0.01977 86
1753330687850 0.01978 87
1753330701836 0.01973 88
1753330715389 0.0197 89
1753330729063 0.01967 90
1753330742687 0.01966 91
1753330756669 0.01964 92
1753330770208 0.01965 93
1753330783805 0.01963 94
1753330797545 0.01963 95
1753330811389 0.01964 96
1753330824993 0.01963 97
1753330838631 0.01963 98
1753330852322 0.01961 99
1753330866207 0.0196 100
1753330879732 0.0196 101
1753330893416 0.01959 102
1753330907366 0.01957 103
1753330921021 0.0196 104
1753330934558 0.0196 105
1753330948179 0.01963 106
1753330962093 0.01958 107
1753330975494 0.0196 108
1753330989274 0.01958 109
1753331003212 0.01959 110
1753331016790 0.01964 111
1753331030628 0.01961 112
1753331044057 0.0196 113
1753331057706 0.01959 114
1753331071764 0.01958 115
1753331085328 0.01962 116
1753331098984 0.0196 117
1753331112889 0.01961 118
1753331126495 0.01959 119
1753331139960 0.01957 120
1753331153598 0.0196 121
1753331167496 0.0196 122
1753331181157 0.01958 123
1753331194998 0.0196 124
1753331209053 0.01961 125
1753331222678 0.01959 126
1753331236227 0.01959 127
1753331249754 0.01957 128
1753331263384 0.01958 129
1753331277370 0.01962 130
1753331291012 0.01959 131
1753331304512 0.0196 132
1753331318417 0.0196 133
1753331332016 0.01959 134
1753331345735 0.01963 135
1753331359673 0.0196 136
1753331373221 0.01961 137
1753331386615 0.01957 138
1753331400093 0.01959 139
1753331413903 0.01959 140
1753331427866 0.01959 141
1753331441487 0.01957 142
1753331455062 0.0196 143
1753331468769 0.01961 144
1753331482226 0.01959 145
1753331495592 0.0196 146
1753331509199 0.01963 147
1753331522703 0.0196 148
1753331536502 0.01961 149
1753331550021 0.01961 150
1753331563806 0.01959 151
1753331577383 0.01959 152
1753331590774 0.01956 153
1753331604084 0.01957 154
1753331617706 0.01959 155
1753331631732 0.0196 156
1753331645153 0.01959 157
1753331658724 0.01964 158
1753331672572 0.0196 159
1753331686140 0.01958 160
1753331699585 0.01959 161
1753331713005 0.01957 162
1753331726737 0.01957 163
1753331741027 0.0196 164
1753331754560 0.01956 165
1753331768443 0.01961 166
1753331781887 0.01959 167
1753331795338 0.01958 168
1753331809134 0.01961 169
1753331822775 0.01956 170
1753331836541 0.01956 171
1753331850149 0.0196 172
1753331863726 0.01958 173
1753331877497 0.0196 174
1753331891187 0.01958 175
1753331904738 0.01955 176
1753331918232 0.01959 177
1753331931746 0.01958 178
1753331945677 0.0196 179
1753331959243 0.01957 180
1753331973273 0.01958 181
1753331986960 0.01959 182
1753332000441 0.01959 183
1753332013895 0.01957 184
1753332027328 0.01956 185
1753332041329 0.01959 186
1753332054979 0.01956 187
1753332068467 0.01958 188
1753332082114 0.01958 189
1753332095666 0.01961 190
1753332109309 0.01958 191
1753332122866 0.01958 192
1753332136293 0.01957 193
1753332150117 0.01958 194
1753332163733 0.01958 195
1753332177527 0.01956 196
1753332191067 0.01957 197
1753332204595 0.0196 198
1753332218131 0.01955 199
1753332231499 0.01957 200
1753332245357 0.01957 201
1753332259090 0.01959 202
1753332272570 0.01957 203
1753332286300 0.01956 204
1753332299997 0.01956 205
1753332313577 0.01959 206
1753332327190 0.01958 207
1753332340775 0.0196 208
1753332354664 0.01957 209
1753332368127 0.0196 210
1753332381875 0.01958 211
1753332395430 0.01955 212
1753332409019 0.01956 213
1753332422447 0.01956 214
1753332436572 0.01954 215
1753332450216 0.01957 216
1753332463735 0.01958 217
1753332477301 0.01956 218
1753332490750 0.01958 219
1753332504714 0.01958 220
1753332518424 0.01959 221
1753332532442 0.01955 222
1753332546025 0.01959 223
1753332559702 0.01956 224
1753332573177 0.01954 225
1753332586717 0.01961 226
1753332600503 0.01956 227
1753332613821 0.01955 228
1753332627323 0.01958 229
1753332641229 0.01954 230
1753332654689 0.01956 231
1753332668229 0.01958 232
1753332681713 0.01958 233
1753332695245 0.01955 234
1753332709262 0.01957 235
1753332722756 0.01957 236
1753332736542 0.01957 237
1753332750128 0.01956 238
1753332763881 0.01959 239
1753332777416 0.01953 240
1753332790852 0.01958 241
1753332804874 0.0196 242
1753332818377 0.01957 243
1753332831784 0.01956 244
1753332845552 0.01956 245
1753332859027 0.01954 246
1753332872601 0.01955 247
1753332886087 0.01955 248
1753332899542 0.01958 249
1753332913330 0.01958 250
1753332926940 0.01953 251
1753332941092 0.01955 252
1753332954799 0.01957 253
1753332968570 0.01953 254
1753332982036 0.01957 255
1753332995505 0.01956 256
1753333009235 0.01959 257
1753333022730 0.01956 258
1753333036200 0.01957 259
1753333050088 0.01954 260
1753333063717 0.01956 261
1753333077148 0.01955 262
1753333090527 0.01957 263
1753333104142 0.01955 264
1753333117922 0.01955 265
1753333131485 0.01955 266
1753333145289 0.01953 267
1753333159047 0.01955 268
1753333172555 0.01955 269
1753333186220 0.01954 270
1753333199744 0.01956 271
1753333213614 0.01954 272
1753333227184 0.01954 273
1753333240718 0.01955 274
1753333254789 0.01956 275
1753333268645 0.01956 276
1753333282203 0.01956 277
1753333295831 0.01953 278
1753333309440 0.01952 279
1753333323442 0.01955 280
1753333336874 0.01956 281
1753333350928 0.01957 282
1753333364529 0.01956 283
1753333378155 0.01955 284
1753333391682 0.01952 285
1753333405314 0.01954 286
1753333419403 0.01956 287
1753333432976 0.01955 288
1753333446518 0.01954 289
1753333460486 0.01949 290
1753333473994 0.01957 291
1753333487658 0.01952 292
1753333501050 0.01954 293
1753333514575 0.01955 294
1753333528412 0.01956 295
1753333542172 0.01955 296
1753333556063 0.01953 297
1753333569819 0.01952 298
1753333583421 0.01953 299
1753333597221 0.01955 300
