1753329521373 0.0010000000474974513 1
1753329535099 0.0010000000474974513 2
1753329548570 0.0010000000474974513 3
1753329562574 0.0010000000474974513 4
1753329576514 0.0010000000474974513 5
1753329590089 0.0010000000474974513 6
1753329603690 0.0010000000474974513 7
1753329617677 0.0010000000474974513 8
1753329631356 0.0010000000474974513 9
1753329644819 0.0010000000474974513 10
1753329658487 0.0010000000474974513 11
1753329672575 0.0010000000474974513 12
1753329686066 0.0010000000474974513 13
1753329699468 0.0010000000474974513 14
1753329712965 0.0010000000474974513 15
1753329726915 0.0010000000474974513 16
1753329740508 0.0010000000474974513 17
1753329754296 0.0010000000474974513 18
1753329768174 0.0010000000474974513 19
1753329781872 0.0010000000474974513 20
1753329795391 0.0010000000474974513 21
1753329808984 0.0010000000474974513 22
1753329822677 0.0010000000474974513 23
1753329836486 0.0010000000474974513 24
1753329850061 0.0010000000474974513 25
1753329863754 0.0010000000474974513 26
1753329877682 0.0010000000474974513 27
1753329891299 0.0010000000474974513 28
1753329904975 0.0010000000474974513 29
1753329918665 0.0010000000474974513 30
1753329932451 0.0010000000474974513 31
1753329945985 0.0010000000474974513 32
1753329959577 0.0010000000474974513 33
1753329973291 0.0010000000474974513 34
1753329987063 0.0010000000474974513 35
1753330000522 0.0010000000474974513 36
1753330014257 0.0010000000474974513 37
1753330028131 0.0010000000474974513 38
1753330041885 0.0010000000474974513 39
1753330055542 0.0010000000474974513 40
1753330069106 0.0010000000474974513 41
1753330082973 0.0010000000474974513 42
1753330096566 0.0010000000474974513 43
1753330110084 0.0010000000474974513 44
1753330123763 0.0010000000474974513 45
1753330137882 0.0010000000474974513 46
1753330151422 0.0010000000474974513 47
1753330165203 0.0010000000474974513 48
1753330179256 0.0010000000474974513 49
1753330192716 0.0010000000474974513 50
1753330206310 0.0010000000474974513 51
1753330219904 0.0010000000474974513 52
1753330233645 0.0010000000474974513 53
1753330247529 0.0010000000474974513 54
1753330261118 0.0010000000474974513 55
1753330274673 0.0010000000474974513 56
1753330288696 0.0010000000474974513 57
1753330302675 0.0010000000474974513 58
1753330316335 0.0010000000474974513 59
1753330330019 0.0010000000474974513 60
1753330343997 0.0010000000474974513 61
1753330357521 0.0010000000474974513 62
1753330371131 0.0010000000474974513 63
1753330385109 0.0010000000474974513 64
1753330398619 0.0010000000474974513 65
1753330412169 0.0010000000474974513 66
1753330425664 0.0010000000474974513 67
1753330439335 0.0010000000474974513 68
1753330453042 0.0010000000474974513 69
1753330466640 0.0010000000474974513 70
1753330480214 0.0010000000474974513 71
1753330494265 0.0010000000474974513 72
1753330507765 0.0010000000474974513 73
1753330521255 0.0010000000474974513 74
1753330534831 0.0010000000474974513 75
1753330548747 0.0010000000474974513 76
1753330562100 0.0010000000474974513 77
1753330575625 0.0010000000474974513 78
1753330589786 0.00020000000949949026 79
1753330603410 0.00020000000949949026 80
1753330616844 0.00020000000949949026 81
1753330630464 0.00020000000949949026 82
1753330644276 0.00020000000949949026 83
1753330658126 0.00020000000949949026 84
1753330671647 0.00020000000949949026 85
1753330685248 0.00020000000949949026 86
1753330699224 0.00020000000949949026 87
1753330712796 4.0000002627493814e-05 88
1753330726336 4.0000002627493814e-05 89
1753330740026 4.0000002627493814e-05 90
1753330754013 4.0000002627493814e-05 91
1753330767603 4.0000002627493814e-05 92
1753330781201 4.0000002627493814e-05 93
1753330794897 4.0000002627493814e-05 94
1753330808724 4.0000002627493814e-05 95
1753330822407 4.0000002627493814e-05 96
1753330836028 8.000000889296643e-06 97
1753330849646 8.000000889296643e-06 98
1753330863594 8.000000889296643e-06 99
1753330877079 8.000000889296643e-06 100
1753330890699 8.000000889296643e-06 101
1753330904754 8.000000889296643e-06 102
1753330918362 8.000000889296643e-06 103
1753330931937 8.000000889296643e-06 104
1753330945560 8.000000889296643e-06 105
1753330959496 1.6000001323845936e-06 106
1753330972927 1.6000001323845936e-06 107
1753330986646 1.6000001323845936e-06 108
1753331000682 1.6000001323845936e-06 109
1753331014170 1.6000001323845936e-06 110
1753331027836 1.6000001323845936e-06 111
1753331041425 1.6000001323845936e-06 112
1753331055003 1.6000001323845936e-06 113
1753331069175 1.6000001323845936e-06 114
1753331082761 9.999999974752427e-07 115
1753331096304 9.999999974752427e-07 116
1753331110242 9.999999974752427e-07 117
1753331123963 9.999999974752427e-07 118
1753331137426 9.999999974752427e-07 119
1753331150904 9.999999974752427e-07 120
1753331164885 9.999999974752427e-07 121
1753331178477 9.999999974752427e-07 122
1753331192314 9.999999974752427e-07 123
1753331206412 9.999999974752427e-07 124
1753331220052 9.999999974752427e-07 125
1753331233545 9.999999974752427e-07 126
1753331247164 9.999999974752427e-07 127
1753331260728 9.999999974752427e-07 128
1753331274805 9.999999974752427e-07 129
1753331288358 9.999999974752427e-07 130
1753331301851 9.999999974752427e-07 131
1753331315768 9.999999974752427e-07 132
1753331329392 9.999999974752427e-07 133
1753331343012 9.999999974752427e-07 134
1753331357024 9.999999974752427e-07 135
1753331370628 9.999999974752427e-07 136
1753331383994 9.999999974752427e-07 137
1753331397441 9.999999974752427e-07 138
1753331411241 9.999999974752427e-07 139
1753331425204 9.999999974752427e-07 140
1753331438814 9.999999974752427e-07 141
1753331452406 9.999999974752427e-07 142
1753331466141 9.999999974752427e-07 143
1753331479672 9.999999974752427e-07 144
1753331493024 9.999999974752427e-07 145
1753331506588 9.999999974752427e-07 146
1753331520069 9.999999974752427e-07 147
1753331533950 9.999999974752427e-07 148
1753331547460 9.999999974752427e-07 149
1753331561106 9.999999974752427e-07 150
1753331574767 9.999999974752427e-07 151
1753331588169 9.999999974752427e-07 152
1753331601544 9.999999974752427e-07 153
1753331614997 9.999999974752427e-07 154
1753331629116 9.999999974752427e-07 155
1753331642549 9.999999974752427e-07 156
1753331656046 9.999999974752427e-07 157
1753331669863 9.999999974752427e-07 158
1753331683480 9.999999974752427e-07 159
1753331696979 9.999999974752427e-07 160
1753331710473 9.999999974752427e-07 161
1753331724080 9.999999974752427e-07 162
1753331738364 9.999999974752427e-07 163
1753331751939 9.999999974752427e-07 164
1753331765643 9.999999974752427e-07 165
1753331779235 9.999999974752427e-07 166
1753331792693 9.999999974752427e-07 167
1753331806356 9.999999974752427e-07 168
1753331820202 9.999999974752427e-07 169
1753331833876 9.999999974752427e-07 170
1753331847487 9.999999974752427e-07 171
1753331861139 9.999999974752427e-07 172
1753331874877 9.999999974752427e-07 173
1753331888503 9.999999974752427e-07 174
1753331902142 9.999999974752427e-07 175
1753331915653 9.999999974752427e-07 176
1753331929110 9.999999974752427e-07 177
1753331943088 9.999999974752427e-07 178
1753331956639 9.999999974752427e-07 179
1753331970506 9.999999974752427e-07 180
1753331984359 9.999999974752427e-07 181
1753331997845 9.999999974752427e-07 182
1753332011249 9.999999974752427e-07 183
1753332024761 9.999999974752427e-07 184
1753332038715 9.999999974752427e-07 185
1753332052282 9.999999974752427e-07 186
1753332065851 9.999999974752427e-07 187
1753332079533 9.999999974752427e-07 188
1753332092976 9.999999974752427e-07 189
1753332106644 9.999999974752427e-07 190
1753332120227 9.999999974752427e-07 191
1753332133648 9.999999974752427e-07 192
1753332147468 9.999999974752427e-07 193
1753332161044 9.999999974752427e-07 194
1753332174877 9.999999974752427e-07 195
1753332188446 9.999999974752427e-07 196
1753332201944 9.999999974752427e-07 197
1753332215461 9.999999974752427e-07 198
1753332228944 9.999999974752427e-07 199
1753332242725 9.999999974752427e-07 200
1753332256413 9.999999974752427e-07 201
1753332269909 9.999999974752427e-07 202
1753332283614 9.999999974752427e-07 203
1753332297390 9.999999974752427e-07 204
1753332310935 9.999999974752427e-07 205
1753332324577 9.999999974752427e-07 206
1753332338194 9.999999974752427e-07 207
1753332352008 9.999999974752427e-07 208
1753332365462 9.999999974752427e-07 209
1753332379231 9.999999974752427e-07 210
1753332392759 9.999999974752427e-07 211
1753332406435 9.999999974752427e-07 212
1753332419880 9.999999974752427e-07 213
1753332433854 9.999999974752427e-07 214
1753332447668 9.999999974752427e-07 215
1753332461133 9.999999974752427e-07 216
1753332474605 9.999999974752427e-07 217
1753332488124 9.999999974752427e-07 218
1753332501842 9.999999974752427e-07 219
1753332515560 9.999999974752427e-07 220
1753332529619 9.999999974752427e-07 221
1753332543322 9.999999974752427e-07 222
1753332557050 9.999999974752427e-07 223
1753332570611 9.999999974752427e-07 224
1753332584077 9.999999974752427e-07 225
1753332597838 9.999999974752427e-07 226
1753332611291 9.999999974752427e-07 227
1753332624692 9.999999974752427e-07 228
1753332638605 9.999999974752427e-07 229
1753332652065 9.999999974752427e-07 230
1753332665630 9.999999974752427e-07 231
1753332679087 9.999999974752427e-07 232
1753332692598 9.999999974752427e-07 233
1753332706674 9.999999974752427e-07 234
1753332720098 9.999999974752427e-07 235
1753332733975 9.999999974752427e-07 236
1753332747463 9.999999974752427e-07 237
1753332761224 9.999999974752427e-07 238
1753332774897 9.999999974752427e-07 239
1753332788249 9.999999974752427e-07 240
1753332802205 9.999999974752427e-07 241
1753332815790 9.999999974752427e-07 242
1753332829203 9.999999974752427e-07 243
1753332842895 9.999999974752427e-07 244
1753332856345 9.999999974752427e-07 245
1753332869927 9.999999974752427e-07 246
1753332883535 9.999999974752427e-07 247
1753332896941 9.999999974752427e-07 248
1753332910640 9.999999974752427e-07 249
1753332924306 9.999999974752427e-07 250
1753332938359 9.999999974752427e-07 251
1753332952137 9.999999974752427e-07 252
1753332965875 9.999999974752427e-07 253
1753332979499 9.999999974752427e-07 254
1753332992945 9.999999974752427e-07 255
1753333006700 9.999999974752427e-07 256
1753333020061 9.999999974752427e-07 257
1753333033650 9.999999974752427e-07 258
1753333047426 9.999999974752427e-07 259
1753333061040 9.999999974752427e-07 260
1753333074517 9.999999974752427e-07 261
1753333087940 9.999999974752427e-07 262
1753333101514 9.999999974752427e-07 263
1753333115345 9.999999974752427e-07 264
1753333128787 9.999999974752427e-07 265
1753333142663 9.999999974752427e-07 266
1753333156463 9.999999974752427e-07 267
1753333169955 9.999999974752427e-07 268
1753333183533 9.999999974752427e-07 269
1753333197173 9.999999974752427e-07 270
1753333210943 9.999999974752427e-07 271
1753333224576 9.999999974752427e-07 272
1753333238055 9.999999974752427e-07 273
1753333252115 9.999999974752427e-07 274
1753333265845 9.999999974752427e-07 275
1753333279592 9.999999974752427e-07 276
1753333293136 9.999999974752427e-07 277
1753333306857 9.999999974752427e-07 278
1753333320832 9.999999974752427e-07 279
1753333334295 9.999999974752427e-07 280
1753333348240 9.999999974752427e-07 281
1753333361953 9.999999974752427e-07 282
1753333375452 9.999999974752427e-07 283
1753333389085 9.999999974752427e-07 284
1753333402616 9.999999974752427e-07 285
1753333416712 9.999999974752427e-07 286
1753333430357 9.999999974752427e-07 287
1753333443944 9.999999974752427e-07 288
1753333457798 9.999999974752427e-07 289
1753333471335 9.999999974752427e-07 290
1753333485092 9.999999974752427e-07 291
1753333498466 9.999999974752427e-07 292
1753333511894 9.999999974752427e-07 293
1753333525761 9.999999974752427e-07 294
1753333539524 9.999999974752427e-07 295
1753333553447 9.999999974752427e-07 296
1753333567120 9.999999974752427e-07 297
1753333580750 9.999999974752427e-07 298
1753333594574 9.999999974752427e-07 299
1753333608159 9.999999974752427e-07 300
