1753230370763 1.0 0
1753230422123 2.0 0
1753230472430 3.0 0
1753230523773 4.0 0
1753230575394 5.0 0
1753230627239 6.0 0
1753230677862 7.0 0
1753230728972 8.0 0
1753230779838 9.0 0
1753230831138 10.0 0
1753230882480 11.0 0
1753230933768 12.0 0
1753230984736 13.0 0
1753231087031 15.0 0
1753231138237 16.0 0
1753231240369 18.0 0
1753231291315 19.0 0
1753231445845 22.0 0
1753231548971 24.0 0
1753231600538 25.0 0
1753231651344 26.0 0
1753231959441 32.0 0
1753232011179 33.0 0
1753232113153 35.0 0
1753232215201 37.0 0
