1753230344223 0.47813 1
1753230397560 0.26426 2
1753230448872 0.14859 3
1753230499486 0.09187 4
1753230550772 0.06349 5
1753230602417 0.04828 6
1753230653985 0.03939 7
1753230704712 0.03387 8
1753230755927 0.0302 9
1753230806982 0.02765 10
1753230858160 0.02554 11
1753230909406 0.02394 12
1753230960695 0.02295 13
1753231011805 0.02222 14
1753231062792 0.02164 15
1753231113977 0.02116 16
1753231165338 0.02077 17
1753231216168 0.02047 18
1753231267289 0.02018 19
1753231318332 0.01993 20
1753231370505 0.01971 21
1753231421551 0.01954 22
1753231472893 0.01938 23
1753231524503 0.01925 24
1753231575945 0.01912 25
1753231627494 0.01902 26
1753231678348 0.01892 27
1753231729888 0.01884 28
1753231781135 0.01876 29
1753231832425 0.01868 30
1753231883597 0.01862 31
1753231934860 0.01855 32
1753231986662 0.01849 33
1753232038069 0.01844 34
1753232089335 0.01839 35
1753232140117 0.01835 36
1753232190893 0.01831 37
1753232242070 0.01826 38
1753232293330 0.01823 39
1753232344629 0.0182 40
1753232395705 0.01818 41
1753232447179 0.01814 42
1753232498864 0.01812 43
1753232550404 0.01808 44
1753232601559 0.01806 45
1753232652437 0.01804 46
1753232704017 0.01803 47
1753232755344 0.01802 48
1753232806541 0.01799 49
1753232858335 0.01796 50
1753232909223 0.01795 51
1753232960372 0.01793 52
1753233011712 0.01792 53
1753233063170 0.0179 54
1753233114139 0.01787 55
1753233165571 0.01787 56
1753233216685 0.01785 57
1753233267144 0.01784 58
1753233318680 0.01782 59
1753233369908 0.01782 60
1753233421392 0.0178 61
1753233472937 0.01779 62
1753233523881 0.01778 63
1753233575257 0.01778 64
1753233626668 0.01776 65
1753233678018 0.01774 66
1753233729252 0.01775 67
1753233780176 0.01774 68
1753233830994 0.01772 69
1753233882241 0.01769 70
1753233933944 0.01771 71
1753233984826 0.0177 72
1753234036078 0.01769 73
1753234087230 0.01768 74
1753234138072 0.01768 75
1753234189494 0.01766 76
1753234240620 0.01765 77
1753234291915 0.01765 78
1753234342763 0.01763 79
1753234394369 0.01762 80
1753234445250 0.01763 81
1753234496668 0.01761 82
1753234547563 0.01761 83
1753234598734 0.0176 84
1753234650077 0.0176 85
1753234701430 0.01758 86
1753234752927 0.01758 87
1753234804070 0.01757 88
1753234855615 0.01756 89
1753234906883 0.01756 90
1753234958598 0.01755 91
1753235009602 0.01755 92
1753235061047 0.01754 93
1753235112184 0.01754 94
1753235162956 0.01754 95
1753235214440 0.01753 96
1753235265603 0.01752 97
1753235316917 0.01752 98
1753235368108 0.0175 99
1753235419906 0.01751 100
1753235471815 0.01748 101
1753235522831 0.01749 102
1753235573771 0.01747 103
1753235625405 0.01748 104
1753235676831 0.01747 105
1753235728364 0.01747 106
1753235779661 0.01746 107
1753235830173 0.01747 108
1753235881366 0.01746 109
1753235932645 0.01745 110
1753235983895 0.01745 111
1753236035546 0.01744 112
1753236086407 0.01743 113
1753236137812 0.01743 114
1753236189249 0.01742 115
1753236240210 0.01742 116
1753236291526 0.01743 117
1753236342647 0.01742 118
1753236394025 0.01741 119
1753236445884 0.0174 120
1753236496758 0.0174 121
1753236548141 0.0174 122
1753236599747 0.01739 123
1753236650829 0.01739 124
1753236702149 0.01739 125
1753236752982 0.01738 126
1753236804551 0.01737 127
1753236855654 0.01738 128
1753236907455 0.01737 129
1753236958855 0.01736 130
1753237010341 0.01736 131
1753237061537 0.01735 132
1753237112860 0.01735 133
1753237163917 0.01736 134
1753237215307 0.01735 135
1753237266608 0.01734 136
1753237317549 0.01732 137
1753237368634 0.01734 138
1753237419984 0.01734 139
1753237471095 0.01732 140
1753237521837 0.01732 141
1753237572979 0.01732 142
1753237624797 0.01731 143
1753237676036 0.0173 144
1753237727396 0.01731 145
1753237779029 0.0173 146
1753237830201 0.01731 147
1753237881284 0.0173 148
1753237932473 0.01729 149
1753237983918 0.0173 150
1753238034846 0.0173 151
1753238085957 0.01728 152
1753238137050 0.01728 153
1753238188393 0.01727 154
1753238239944 0.01727 155
1753238291190 0.01727 156
1753238342166 0.01727 157
1753238393425 0.01727 158
1753238444491 0.01727 159
1753238495655 0.01726 160
1753238546981 0.01726 161
1753238598044 0.01725 162
1753238648945 0.01724 163
1753238700260 0.01724 164
1753238751301 0.01724 165
1753238802184 0.01723 166
1753238854010 0.01725 167
1753238905242 0.01723 168
1753238956507 0.01723 169
1753239007746 0.01723 170
1753239059261 0.01724 171
1753239110349 0.01722 172
1753239161642 0.01722 173
1753239212478 0.01723 174
1753239263455 0.01723 175
1753239314610 0.0172 176
1753239365747 0.01722 177
1753239416766 0.01721 178
1753239467796 0.0172 179
1753239519347 0.0172 180
1753239570581 0.0172 181
1753239622183 0.0172 182
1753239673894 0.01719 183
1753239725361 0.01719 184
1753239776241 0.0172 185
1753239828174 0.01719 186
1753239879316 0.01718 187
1753239930925 0.01718 188
1753239982470 0.01718 189
1753240033693 0.01718 190
1753240085088 0.01717 191
1753240136205 0.01717 192
1753240187322 0.01717 193
1753240238658 0.01716 194
1753240289842 0.01716 195
1753240341273 0.01715 196
1753240393178 0.01716 197
1753240444591 0.01715 198
1753240495983 0.01715 199
1753240547756 0.01716 200
1753240598803 0.01715 201
1753240649545 0.01714 202
1753240700593 0.01713 203
1753240752461 0.01713 204
1753240803779 0.01715 205
1753240854886 0.01714 206
1753240906261 0.01715 207
1753240957272 0.01713 208
1753241008426 0.01713 209
1753241059995 0.01713 210
1753241111016 0.01713 211
1753241162597 0.01712 212
1753241214394 0.01714 213
1753241265397 0.01712 214
1753241316562 0.01713 215
1753241367496 0.01712 216
1753241419207 0.01712 217
1753241470244 0.01713 218
1753241521448 0.01711 219
1753241572929 0.01711 220
1753241623799 0.0171 221
1753241675288 0.0171 222
1753241726854 0.0171 223
1753241777891 0.0171 224
1753241829069 0.0171 225
1753241880170 0.0171 226
1753241931103 0.0171 227
1753241982297 0.0171 228
1753242033356 0.01709 229
1753242084856 0.0171 230
1753242135958 0.01708 231
1753242186940 0.01709 232
1753242238215 0.01709 233
1753242288790 0.0171 234
1753242339953 0.01707 235
1753242391258 0.01708 236
1753242442393 0.01708 237
1753242493801 0.01707 238
1753242544845 0.01707 239
1753242596210 0.01708 240
1753242647330 0.01706 241
1753242698317 0.01707 242
1753242749560 0.01708 243
1753242800699 0.01708 244
1753242851583 0.01706 245
1753242902622 0.01706 246
1753242954331 0.01705 247
1753243006521 0.01706 248
1753243058009 0.01706 249
1753243109273 0.01705 250
1753243160612 0.01705 251
1753243212079 0.01707 252
1753243263307 0.01705 253
1753243314608 0.01705 254
1753243366281 0.01704 255
1753243417707 0.01705 256
1753243469293 0.01705 257
1753243520056 0.01705 258
1753243571008 0.01704 259
1753243622617 0.01703 260
1753243673872 0.01704 261
1753243724660 0.01702 262
1753243775526 0.01703 263
1753243826525 0.01704 264
1753243877643 0.01703 265
1753243929279 0.01703 266
1753243981103 0.01703 267
1753244032272 0.01704 268
1753244083426 0.01702 269
1753244134204 0.01702 270
1753244185429 0.01703 271
1753244237005 0.01703 272
1753244287802 0.01701 273
1753244338939 0.01702 274
1753244390367 0.01701 275
1753244441864 0.01703 276
1753244493634 0.017 277
1753244544589 0.017 278
1753244596079 0.01701 279
1753244647108 0.01702 280
1753244698183 0.017 281
1753244749651 0.01702 282
1753244800819 0.017 283
1753244851844 0.01701 284
1753244903173 0.01699 285
1753244954067 0.017 286
1753245005030 0.017 287
1753245056252 0.017 288
1753245107212 0.01701 289
1753245158442 0.017 290
1753245209493 0.01698 291
1753245260587 0.017 292
1753245312249 0.01698 293
1753245363552 0.017 294
1753245414707 0.01698 295
1753245465908 0.01699 296
1753245517296 0.017 297
1753245569151 0.01698 298
1753245620675 0.01698 299
1753245671982 0.01698 300
