1753393848555 1.0 0
1753393866575 2.0 0
1753393884568 3.0 0
1753393903645 4.0 0
1753393922426 5.0 0
1753393940853 6.0 0
1753393959923 7.0 0
1753393977931 8.0 0
1753393996546 9.0 0
1753394014692 10.0 0
1753394033271 11.0 0
1753394051714 12.0 0
1753394070162 13.0 0
1753394088113 14.0 0
1753394106501 15.0 0
1753394124796 16.0 0
1753394143229 17.0 0
1753394161737 18.0 0
1753394180137 19.0 0
1753394198662 20.0 0
1753394217192 21.0 0
1753394235469 22.0 0
1753394253962 23.0 0
1753394272370 24.0 0
1753394290731 25.0 0
1753394309125 26.0 0
1753394327568 27.0 0
1753394346516 28.0 0
1753394364663 29.0 0
1753394382808 30.0 0
1753394400990 31.0 0
1753394419200 32.0 0
1753394437177 33.0 0
1753394455510 34.0 0
1753394474129 35.0 0
1753394510987 37.0 0
1753394528787 38.0 0
1753394546708 39.0 0
1753394564684 40.0 0
1753394582339 41.0 0
1753394618856 43.0 0
1753394637208 44.0 0
1753394655410 45.0 0
1753394674157 46.0 0
1753394692156 47.0 0
1753394729049 49.0 0
1753394747441 50.0 0
1753394765746 51.0 0
1753394838859 55.0 0
1753394857114 56.0 0
1753394874836 57.0 0
