1753393834233 0.53912 1
1753393852727 0.46109 2
1753393870669 0.40644 3
1753393888675 0.35699 4
1753393907730 0.30964 5
1753393926446 0.26375 6
1753393944905 0.2234 7
1753393963958 0.18924 8
1753393981958 0.16089 9
1753394000541 0.13735 10
1753394018760 0.11844 11
1753394037268 0.10323 12
1753394055691 0.09074 13
1753394074152 0.08061 14
1753394092136 0.07229 15
1753394110546 0.06539 16
1753394128833 0.05969 17
1753394147209 0.05487 18
1753394165734 0.0508 19
1753394184187 0.04731 20
1753394202667 0.04438 21
1753394221246 0.04186 22
1753394239400 0.03964 23
1753394257975 0.03772 24
1753394276360 0.03604 25
1753394294679 0.03458 26
1753394313142 0.03319 27
1753394331592 0.03209 28
1753394350512 0.03105 29
1753394368681 0.03008 30
1753394386841 0.02931 31
1753394405018 0.02854 32
1753394423212 0.02782 33
1753394441142 0.02724 34
1753394459502 0.02669 35
1753394478110 0.02614 36
1753394496234 0.02569 37
1753394514950 0.02524 38
1753394532821 0.02483 39
1753394550648 0.02447 40
1753394568745 0.02418 41
1753394586364 0.02387 42
1753394604767 0.02361 43
1753394622841 0.02328 44
1753394641138 0.02301 45
1753394659361 0.02277 46
1753394678160 0.02261 47
1753394696149 0.02237 48
1753394714704 0.02221 49
1753394733449 0.02196 50
1753394751397 0.02183 51
1753394769707 0.02167 52
1753394787763 0.0215 53
1753394806321 0.02133 54
1753394824607 0.02123 55
1753394842786 0.02109 56
1753394861080 0.02101 57
1753394878767 0.02085 58
1753394896841 0.02078 59
1753394914714 0.02061 60
1753394932738 0.02049 61
1753394951058 0.02044 62
1753394969382 0.02031 63
1753394987258 0.02023 64
1753395005393 0.02015 65
1753395023689 0.02009 66
1753395041716 0.01988 67
1753395059356 0.0198 68
1753395077445 0.01979 69
1753395095433 0.01978 70
1753395113386 0.01972 71
1753395131771 0.01967 72
1753395150020 0.01966 73
1753395167845 0.01962 74
1753395185900 0.01963 75
1753395204328 0.01959 76
1753395222678 0.01953 77
1753395240694 0.01954 78
1753395259296 0.01952 79
1753395277478 0.01952 80
1753395295754 0.01951 81
1753395314545 0.01952 82
1753395332834 0.01951 83
1753395351011 0.01951 84
1753395369170 0.01951 85
1753395387595 0.01949 86
1753395405728 0.01949 87
1753395424089 0.01951 88
1753395442535 0.01949 89
1753395460723 0.01948 90
1753395479471 0.01947 91
1753395497703 0.01952 92
1753395515682 0.01947 93
1753395534056 0.01947 94
1753395552130 0.0195 95
1753395570126 0.01948 96
1753395588264 0.01948 97
1753395606842 0.01948 98
1753395624668 0.01948 99
1753395642804 0.01949 100
1753395660828 0.01949 101
1753395678726 0.01949 102
1753395696674 0.01949 103
1753395715288 0.01948 104
1753395733654 0.01948 105
1753395751555 0.0195 106
1753395769628 0.01949 107
1753395787800 0.01948 108
1753395805701 0.01952 109
1753395824375 0.01949 110
1753395842886 0.01948 111
1753395861359 0.0195 112
1753395879598 0.01952 113
1753395897652 0.01949 114
1753395916087 0.01947 115
1753395934112 0.01949 116
1753395952052 0.0195 117
1753395970694 0.01944 118
1753395989204 0.01946 119
1753396007945 0.01947 120
1753396025999 0.01946 121
1753396044763 0.01951 122
1753396062571 0.0195 123
1753396080485 0.01948 124
1753396098705 0.01952 125
1753396117056 0.01946 126
1753396135410 0.01949 127
1753396153567 0.01948 128
1753396171701 0.01945 129
1753396189775 0.0195 130
1753396208023 0.01948 131
1753396226181 0.01949 132
1753396244417 0.01944 133
1753396262541 0.01946 134
1753396280563 0.01949 135
1753396299175 0.01946 136
1753396317318 0.01948 137
1753396336283 0.01947 138
1753396354877 0.01947 139
1753396372272 0.01953 140
1753396390138 0.01945 141
1753396408868 0.01946 142
1753396426991 0.01946 143
1753396445010 0.01949 144
1753396462879 0.01946 145
1753396481624 0.01948 146
1753396500176 0.01946 147
1753396518611 0.01945 148
1753396537193 0.0195 149
1753396555872 0.01946 150
1753396573938 0.01948 151
1753396592497 0.01947 152
1753396610481 0.01948 153
1753396628690 0.01948 154
1753396646614 0.01947 155
1753396664825 0.01948 156
1753396682997 0.01946 157
1753396700702 0.01947 158
1753396719184 0.01949 159
1753396737598 0.01949 160
1753396755961 0.01947 161
1753396774055 0.01946 162
1753396792326 0.01945 163
1753396810452 0.01946 164
1753396828674 0.01946 165
1753396846645 0.01946 166
1753396865354 0.01943 167
1753396883632 0.01946 168
1753396901669 0.01949 169
1753396920072 0.01948 170
1753396938461 0.01948 171
1753396956399 0.01948 172
1753396974341 0.01945 173
1753396992800 0.01947 174
1753397011344 0.01945 175
1753397029744 0.01946 176
1753397048042 0.01948 177
1753397066443 0.01947 178
1753397084227 0.01945 179
1753397102238 0.01947 180
1753397120308 0.01944 181
1753397138269 0.01947 182
1753397156408 0.01947 183
1753397174529 0.01945 184
1753397192790 0.01946 185
1753397211345 0.01944 186
1753397230009 0.01947 187
1753397248714 0.01945 188
1753397267207 0.01946 189
1753397285525 0.01946 190
1753397303898 0.01948 191
1753397322412 0.01946 192
1753397339960 0.01947 193
1753397358629 0.01946 194
1753397377255 0.01948 195
1753397396193 0.01945 196
1753397414604 0.01944 197
1753397433348 0.01945 198
1753397451910 0.01945 199
1753397470150 0.01946 200
1753397488321 0.01946 201
1753397506816 0.01945 202
1753397524791 0.01946 203
1753397543339 0.01948 204
1753397561839 0.01946 205
1753397580307 0.01946 206
1753397598529 0.01948 207
1753397616720 0.01944 208
1753397634628 0.01946 209
1753397653157 0.01947 210
1753397671344 0.0195 211
1753397689860 0.01947 212
1753397708493 0.01945 213
1753397727006 0.01948 214
1753397745165 0.01945 215
1753397763517 0.01944 216
1753397781720 0.01944 217
1753397799830 0.01946 218
1753397817744 0.01941 219
1753397835904 0.01945 220
1753397854421 0.01946 221
1753397872953 0.01942 222
1753397891454 0.01947 223
1753397909802 0.01943 224
1753397928184 0.01945 225
1753397946059 0.01941 226
1753397964385 0.01944 227
1753397982359 0.01944 228
1753397999875 0.01946 229
1753398018697 0.01945 230
1753398037459 0.01942 231
1753398056050 0.01945 232
1753398074548 0.01944 233
1753398092562 0.01944 234
1753398111284 0.01945 235
1753398129090 0.01945 236
1753398147358 0.01944 237
1753398165797 0.01942 238
1753398184443 0.01942 239
1753398203367 0.01944 240
1753398221802 0.01946 241
1753398239624 0.01943 242
1753398257891 0.01947 243
1753398276045 0.01945 244
1753398294272 0.01943 245
1753398312376 0.01941 246
1753398330319 0.01943 247
1753398348348 0.01942 248
1753398366732 0.01945 249
1753398385122 0.01945 250
1753398403750 0.01944 251
1753398421894 0.01945 252
1753398440280 0.01946 253
1753398458034 0.01941 254
1753398476023 0.01942 255
1753398494552 0.01941 256
1753398512741 0.01943 257
1753398531175 0.01945 258
1753398549202 0.01942 259
1753398568117 0.01941 260
1753398585841 0.01942 261
1753398603418 0.01942 262
1753398621801 0.01941 263
1753398640293 0.01942 264
1753398658435 0.01941 265
1753398676660 0.01942 266
1753398694962 0.01943 267
1753398712987 0.0194 268
1753398731087 0.01943 269
1753398749266 0.01942 270
1753398768087 0.01944 271
1753398786080 0.01942 272
1753398804732 0.01941 273
1753398823451 0.01944 274
1753398841889 0.01943 275
1753398860144 0.01941 276
1753398878427 0.01941 277
1753398897067 0.0194 278
1753398914935 0.01943 279
1753398933142 0.01941 280
1753398951172 0.01944 281
1753398969230 0.0194 282
1753398987225 0.01938 283
1753399005485 0.01943 284
1753399023509 0.01941 285
1753399041981 0.01943 286
1753399060173 0.01941 287
1753399078161 0.01944 288
1753399096585 0.01943 289
1753399114601 0.01941 290
1753399132765 0.01943 291
1753399151132 0.0194 292
1753399169517 0.01942 293
1753399187883 0.01941 294
1753399206080 0.01941 295
1753399224724 0.0194 296
1753399243223 0.0194 297
1753399261395 0.01941 298
1753399280041 0.01941 299
1753399297874 0.01936 300
