1753393848569 0.0010000000474974513 1
1753393866586 0.0010000000474974513 2
1753393884573 0.0010000000474974513 3
1753393903651 0.0010000000474974513 4
1753393922431 0.0010000000474974513 5
1753393940863 0.0010000000474974513 6
1753393959931 0.0010000000474974513 7
1753393977938 0.0010000000474974513 8
1753393996555 0.0010000000474974513 9
1753394014700 0.0010000000474974513 10
1753394033277 0.0010000000474974513 11
1753394051719 0.0010000000474974513 12
1753394070167 0.0010000000474974513 13
1753394088118 0.0010000000474974513 14
1753394106515 0.0010000000474974513 15
1753394124804 0.0010000000474974513 16
1753394143236 0.0010000000474974513 17
1753394161745 0.0010000000474974513 18
1753394180141 0.0010000000474974513 19
1753394198667 0.0010000000474974513 20
1753394217196 0.0010000000474974513 21
1753394235475 0.0010000000474974513 22
1753394253967 0.0010000000474974513 23
1753394272377 0.0010000000474974513 24
1753394290743 0.0010000000474974513 25
1753394309133 0.0010000000474974513 26
1753394327574 0.0010000000474974513 27
1753394346522 0.0010000000474974513 28
1753394364669 0.0010000000474974513 29
1753394382813 0.0010000000474974513 30
1753394400996 0.0010000000474974513 31
1753394419204 0.0010000000474974513 32
1753394437185 0.0010000000474974513 33
1753394455520 0.0010000000474974513 34
1753394474138 0.0010000000474974513 35
1753394492257 0.0010000000474974513 36
1753394510992 0.0010000000474974513 37
1753394528794 0.0010000000474974513 38
1753394546713 0.0010000000474974513 39
1753394564689 0.0010000000474974513 40
1753394582345 0.0010000000474974513 41
1753394600774 0.0010000000474974513 42
1753394618863 0.0010000000474974513 43
1753394637213 0.0010000000474974513 44
1753394655415 0.0010000000474974513 45
1753394674174 0.0010000000474974513 46
1753394692160 0.0010000000474974513 47
1753394710791 0.0010000000474974513 48
1753394729054 0.0010000000474974513 49
1753394747451 0.0010000000474974513 50
1753394765758 0.0010000000474974513 51
1753394783725 0.0010000000474974513 52
1753394802300 0.0010000000474974513 53
1753394820625 0.0010000000474974513 54
1753394838864 0.0010000000474974513 55
1753394857120 0.0010000000474974513 56
1753394874841 0.0010000000474974513 57
1753394892808 0.0010000000474974513 58
1753394910777 0.0010000000474974513 59
1753394928815 0.0010000000474974513 60
1753394947113 0.0010000000474974513 61
1753394965441 0.0010000000474974513 62
1753394983339 0.0010000000474974513 63
1753395001432 0.0010000000474974513 64
1753395019704 0.0010000000474974513 65
1753395037764 0.00020000000949949026 66
1753395055419 0.00020000000949949026 67
1753395073523 0.00020000000949949026 68
1753395091514 0.00020000000949949026 69
1753395109453 0.00020000000949949026 70
1753395127814 0.00020000000949949026 71
1753395146044 0.00020000000949949026 72
1753395163911 0.00020000000949949026 73
1753395181957 0.00020000000949949026 74
1753395200299 4.0000002627493814e-05 75
1753395218667 4.0000002627493814e-05 76
1753395236777 4.0000002627493814e-05 77
1753395255359 4.0000002627493814e-05 78
1753395273544 4.0000002627493814e-05 79
1753395291843 4.0000002627493814e-05 80
1753395310511 4.0000002627493814e-05 81
1753395328838 4.0000002627493814e-05 82
1753395347096 4.0000002627493814e-05 83
1753395365177 8.000000889296643e-06 84
1753395383621 8.000000889296643e-06 85
1753395401752 8.000000889296643e-06 86
1753395420068 8.000000889296643e-06 87
1753395438612 8.000000889296643e-06 88
1753395456773 8.000000889296643e-06 89
1753395475498 8.000000889296643e-06 90
1753395493762 8.000000889296643e-06 91
1753395511796 8.000000889296643e-06 92
1753395530019 1.6000001323845936e-06 93
1753395548108 1.6000001323845936e-06 94
1753395566198 1.6000001323845936e-06 95
1753395584288 1.6000001323845936e-06 96
1753395602906 1.6000001323845936e-06 97
1753395620721 1.6000001323845936e-06 98
1753395638871 1.6000001323845936e-06 99
1753395656876 1.6000001323845936e-06 100
1753395674796 1.6000001323845936e-06 101
1753395692742 9.999999974752427e-07 102
1753395711308 9.999999974752427e-07 103
1753395729711 9.999999974752427e-07 104
1753395747566 9.999999974752427e-07 105
1753395765729 9.999999974752427e-07 106
1753395783854 9.999999974752427e-07 107
1753395801686 9.999999974752427e-07 108
1753395820458 9.999999974752427e-07 109
1753395838942 9.999999974752427e-07 110
1753395857305 9.999999974752427e-07 111
1753395875675 9.999999974752427e-07 112
1753395893690 9.999999974752427e-07 113
1753395912076 9.999999974752427e-07 114
1753395930137 9.999999974752427e-07 115
1753395948136 9.999999974752427e-07 116
1753395966736 9.999999974752427e-07 117
1753395985241 9.999999974752427e-07 118
1753396003901 9.999999974752427e-07 119
1753396022067 9.999999974752427e-07 120
1753396040845 9.999999974752427e-07 121
1753396058596 9.999999974752427e-07 122
1753396076602 9.999999974752427e-07 123
1753396094780 9.999999974752427e-07 124
1753396112991 9.999999974752427e-07 125
1753396131404 9.999999974752427e-07 126
1753396149622 9.999999974752427e-07 127
1753396167687 9.999999974752427e-07 128
1753396185799 9.999999974752427e-07 129
1753396204097 9.999999974752427e-07 130
1753396222207 9.999999974752427e-07 131
1753396240526 9.999999974752427e-07 132
1753396258585 9.999999974752427e-07 133
1753396276588 9.999999974752427e-07 134
1753396295197 9.999999974752427e-07 135
1753396313334 9.999999974752427e-07 136
1753396332296 9.999999974752427e-07 137
1753396350939 9.999999974752427e-07 138
1753396368327 9.999999974752427e-07 139
1753396386129 9.999999974752427e-07 140
1753396404881 9.999999974752427e-07 141
1753396423014 9.999999974752427e-07 142
1753396441065 9.999999974752427e-07 143
1753396458926 9.999999974752427e-07 144
1753396477673 9.999999974752427e-07 145
1753396496249 9.999999974752427e-07 146
1753396514610 9.999999974752427e-07 147
1753396533256 9.999999974752427e-07 148
1753396551932 9.999999974752427e-07 149
1753396569987 9.999999974752427e-07 150
1753396588562 9.999999974752427e-07 151
1753396606528 9.999999974752427e-07 152
1753396624705 9.999999974752427e-07 153
1753396642703 9.999999974752427e-07 154
1753396660899 9.999999974752427e-07 155
1753396679101 9.999999974752427e-07 156
1753396696805 9.999999974752427e-07 157
1753396715282 9.999999974752427e-07 158
1753396733577 9.999999974752427e-07 159
1753396751966 9.999999974752427e-07 160
1753396770107 9.999999974752427e-07 161
1753396788402 9.999999974752427e-07 162
1753396806494 9.999999974752427e-07 163
1753396824671 9.999999974752427e-07 164
1753396842708 9.999999974752427e-07 165
1753396861332 9.999999974752427e-07 166
1753396879671 9.999999974752427e-07 167
1753396897744 9.999999974752427e-07 168
1753396916186 9.999999974752427e-07 169
1753396934520 9.999999974752427e-07 170
1753396952465 9.999999974752427e-07 171
1753396970404 9.999999974752427e-07 172
1753396988873 9.999999974752427e-07 173
1753397007410 9.999999974752427e-07 174
1753397025826 9.999999974752427e-07 175
1753397044015 9.999999974752427e-07 176
1753397062558 9.999999974752427e-07 177
1753397080305 9.999999974752427e-07 178
1753397098284 9.999999974752427e-07 179
1753397116399 9.999999974752427e-07 180
1753397134363 9.999999974752427e-07 181
1753397152470 9.999999974752427e-07 182
1753397170308 9.999999974752427e-07 183
1753397188785 9.999999974752427e-07 184
1753397207413 9.999999974752427e-07 185
1753397226106 9.999999974752427e-07 186
1753397244815 9.999999974752427e-07 187
1753397263295 9.999999974752427e-07 188
1753397281599 9.999999974752427e-07 189
1753397299866 9.999999974752427e-07 190
1753397318373 9.999999974752427e-07 191
1753397335995 9.999999974752427e-07 192
1753397354618 9.999999974752427e-07 193
1753397373297 9.999999974752427e-07 194
1753397392232 9.999999974752427e-07 195
1753397410660 9.999999974752427e-07 196
1753397429405 9.999999974752427e-07 197
1753397448003 9.999999974752427e-07 198
1753397466210 9.999999974752427e-07 199
1753397484373 9.999999974752427e-07 200
1753397502833 9.999999974752427e-07 201
1753397520806 9.999999974752427e-07 202
1753397539419 9.999999974752427e-07 203
1753397557924 9.999999974752427e-07 204
1753397576368 9.999999974752427e-07 205
1753397594566 9.999999974752427e-07 206
1753397612802 9.999999974752427e-07 207
1753397630687 9.999999974752427e-07 208
1753397649250 9.999999974752427e-07 209
1753397667422 9.999999974752427e-07 210
1753397685945 9.999999974752427e-07 211
1753397704551 9.999999974752427e-07 212
1753397722993 9.999999974752427e-07 213
1753397741170 9.999999974752427e-07 214
1753397759500 9.999999974752427e-07 215
1753397777722 9.999999974752427e-07 216
1753397795898 9.999999974752427e-07 217
1753397813812 9.999999974752427e-07 218
1753397831983 9.999999974752427e-07 219
1753397850396 9.999999974752427e-07 220
1753397868978 9.999999974752427e-07 221
1753397887537 9.999999974752427e-07 222
1753397905868 9.999999974752427e-07 223
1753397924266 9.999999974752427e-07 224
1753397942131 9.999999974752427e-07 225
1753397960486 9.999999974752427e-07 226
1753397978409 9.999999974752427e-07 227
1753397995971 9.999999974752427e-07 228
1753398014670 9.999999974752427e-07 229
1753398033466 9.999999974752427e-07 230
1753398052021 9.999999974752427e-07 231
1753398070561 9.999999974752427e-07 232
1753398088578 9.999999974752427e-07 233
1753398107348 9.999999974752427e-07 234
1753398125172 9.999999974752427e-07 235
1753398143352 9.999999974752427e-07 236
1753398161840 9.999999974752427e-07 237
1753398180494 9.999999974752427e-07 238
1753398199368 9.999999974752427e-07 239
1753398217844 9.999999974752427e-07 240
1753398235614 9.999999974752427e-07 241
1753398253877 9.999999974752427e-07 242
1753398272079 9.999999974752427e-07 243
1753398290282 9.999999974752427e-07 244
1753398308356 9.999999974752427e-07 245
1753398326282 9.999999974752427e-07 246
1753398344394 9.999999974752427e-07 247
1753398362756 9.999999974752427e-07 248
1753398381096 9.999999974752427e-07 249
1753398399787 9.999999974752427e-07 250
1753398417896 9.999999974752427e-07 251
1753398436239 9.999999974752427e-07 252
1753398454078 9.999999974752427e-07 253
1753398472039 9.999999974752427e-07 254
1753398490488 9.999999974752427e-07 255
1753398508712 9.999999974752427e-07 256
1753398527268 9.999999974752427e-07 257
1753398545335 9.999999974752427e-07 258
1753398564120 9.999999974752427e-07 259
1753398581924 9.999999974752427e-07 260
1753398599492 9.999999974752427e-07 261
1753398617858 9.999999974752427e-07 262
1753398636345 9.999999974752427e-07 263
1753398654520 9.999999974752427e-07 264
1753398672723 9.999999974752427e-07 265
1753398691020 9.999999974752427e-07 266
1753398709069 9.999999974752427e-07 267
1753398727162 9.999999974752427e-07 268
1753398745243 9.999999974752427e-07 269
1753398764074 9.999999974752427e-07 270
1753398782145 9.999999974752427e-07 271
1753398800759 9.999999974752427e-07 272
1753398819531 9.999999974752427e-07 273
1753398837938 9.999999974752427e-07 274
1753398856212 9.999999974752427e-07 275
1753398874504 9.999999974752427e-07 276
1753398893139 9.999999974752427e-07 277
1753398910925 9.999999974752427e-07 278
1753398929219 9.999999974752427e-07 279
1753398947194 9.999999974752427e-07 280
1753398965301 9.999999974752427e-07 281
1753398983250 9.999999974752427e-07 282
1753399001545 9.999999974752427e-07 283
1753399019543 9.999999974752427e-07 284
1753399038091 9.999999974752427e-07 285
1753399056242 9.999999974752427e-07 286
1753399074237 9.999999974752427e-07 287
1753399092647 9.999999974752427e-07 288
1753399110678 9.999999974752427e-07 289
1753399128893 9.999999974752427e-07 290
1753399147143 9.999999974752427e-07 291
1753399165605 9.999999974752427e-07 292
1753399183929 9.999999974752427e-07 293
1753399202088 9.999999974752427e-07 294
1753399220815 9.999999974752427e-07 295
1753399239291 9.999999974752427e-07 296
1753399257486 9.999999974752427e-07 297
1753399276121 9.999999974752427e-07 298
1753399293951 9.999999974752427e-07 299
1753399312147 9.999999974752427e-07 300
