1753387926299 1.0 0
1753387967139 2.0 0
1753388007940 3.0 0
1753388048909 4.0 0
1753388089485 5.0 0
1753388130143 6.0 0
1753388171487 7.0 0
1753388212234 8.0 0
1753388252844 9.0 0
1753388294528 10.0 0
1753388335376 11.0 0
1753388375983 12.0 0
1753388416402 13.0 0
1753388456831 14.0 0
1753388497442 15.0 0
1753388538364 16.0 0
1753388579187 17.0 0
1753388620301 18.0 0
1753388661380 19.0 0
1753388702613 20.0 0
1753388786701 22.0 0
1753388827868 23.0 0
1753388869276 24.0 0
1753389116954 30.0 0
1753389159278 31.0 0
1753389325314 35.0 0
1753389449352 38.0 0
1753389532254 40.0 0
