1753387907115 0.60565 1
1753387950223 0.42732 2
1753387991044 0.30178 3
1753388031807 0.21224 4
1753388072794 0.15255 5
1753388113365 0.11346 6
1753388154081 0.08773 7
1753388195410 0.07039 8
1753388236106 0.05841 9
1753388276674 0.04988 10
1753388318375 0.04368 11
1753388359133 0.03904 12
1753388399740 0.03547 13
1753388440195 0.03273 14
1753388480687 0.03053 15
1753388521211 0.02875 16
1753388562333 0.02735 17
1753388603494 0.02613 18
1753388644383 0.02518 19
1753388685880 0.02436 20
1753388727167 0.02363 21
1753388769182 0.02303 22
1753388811195 0.02252 23
1753388852538 0.02205 24
1753388893612 0.02167 25
1753388935157 0.02131 26
1753388976471 0.02099 27
1753389017988 0.02074 28
1753389059275 0.02048 29
1753389100365 0.02022 30
1753389141817 0.02006 31
1753389183559 0.01989 32
1753389225249 0.01972 33
1753389266323 0.01957 34
1753389308350 0.01943 35
1753389349758 0.01931 36
1753389391181 0.0192 37
1753389432537 0.01913 38
1753389474044 0.01898 39
1753389515336 0.01893 40
1753389556850 0.01885 41
1753389599102 0.01877 42
1753389641371 0.01868 43
1753389682652 0.01863 44
1753389723901 0.01859 45
1753389766432 0.0185 46
1753389808047 0.01844 47
1753389849840 0.01839 48
1753389891677 0.01838 49
1753389933009 0.01817 50
1753389974833 0.01808 51
1753390017043 0.01806 52
1753390058673 0.01805 53
1753390100047 0.01804 54
1753390141597 0.01801 55
1753390182948 0.01802 56
1753390224320 0.01799 57
1753390265559 0.01796 58
1753390307009 0.0179 59
1753390348280 0.01788 60
1753390389255 0.0179 61
1753390430879 0.01788 62
1753390472744 0.01789 63
1753390514115 0.01787 64
1753390555520 0.01787 65
1753390596769 0.01786 66
1753390638155 0.01787 67
1753390680140 0.01786 68
1753390721567 0.01785 69
1753390762747 0.01784 70
1753390804987 0.01784 71
1753390846937 0.01787 72
1753390889458 0.01785 73
1753390931632 0.01784 74
1753390973279 0.01783 75
1753391014541 0.01783 76
1753391055533 0.0178 77
1753391097054 0.01783 78
1753391138873 0.01785 79
1753391180781 0.01783 80
1753391222346 0.01783 81
1753391263689 0.01784 82
1753391305254 0.01783 83
1753391347609 0.01782 84
1753391389839 0.01783 85
1753391431921 0.01782 86
1753391473803 0.01785 87
1753391515743 0.01785 88
1753391557146 0.01784 89
1753391598859 0.01784 90
1753391640257 0.01783 91
1753391682371 0.01782 92
1753391724734 0.01784 93
1753391766795 0.01785 94
1753391807979 0.01783 95
1753391849498 0.01785 96
1753391891039 0.01783 97
1753391932345 0.01786 98
1753391973968 0.01781 99
1753392015001 0.01784 100
1753392056370 0.01782 101
1753392097757 0.01782 102
1753392139138 0.01783 103
1753392180897 0.01781 104
1753392222121 0.01784 105
1753392263864 0.01783 106
1753392305204 0.01783 107
1753392346372 0.01784 108
1753392387957 0.01783 109
1753392429436 0.01786 110
1753392471356 0.01784 111
1753392513200 0.01785 112
1753392554707 0.01783 113
1753392596710 0.01782 114
1753392639089 0.01784 115
1753392680066 0.01783 116
1753392722177 0.01783 117
1753392764415 0.01783 118
1753392805769 0.01782 119
1753392847754 0.01784 120
1753392889560 0.01782 121
1753392931777 0.01784 122
1753392973208 0.01781 123
1753393014148 0.0178 124
1753393055513 0.0178 125
1753393096630 0.01783 126
1753393137852 0.01783 127
1753393178857 0.01781 128
1753393220226 0.01782 129
1753393261818 0.01782 130
1753393303808 0.01782 131
1753393345619 0.01783 132
1753393387192 0.01782 133
1753393428698 0.01783 134
1753393470032 0.01781 135
1753393511162 0.01782 136
1753393552740 0.01781 137
1753393594288 0.01782 138
1753393635528 0.01783 139
1753393676926 0.01781 140
1753393718966 0.01783 141
1753393761143 0.01783 142
1753393802263 0.0178 143
1753393844382 0.0178 144
1753393885950 0.0178 145
1753393927385 0.01782 146
1753393968734 0.01781 147
1753394010057 0.01781 148
1753394051207 0.0178 149
1753394092882 0.01781 150
1753394134191 0.01784 151
1753394175755 0.01781 152
1753394216967 0.01781 153
1753394258460 0.01782 154
1753394300654 0.01782 155
1753394342843 0.01781 156
1753394384223 0.01782 157
1753394426483 0.0178 158
1753394468647 0.01779 159
1753394510844 0.01779 160
1753394552720 0.01779 161
1753394594106 0.01781 162
1753394636162 0.01779 163
1753394678812 0.0178 164
1753394721197 0.01781 165
1753394762695 0.0178 166
1753394804854 0.01779 167
1753394846182 0.01781 168
1753394887932 0.0178 169
1753394929601 0.0178 170
1753394971296 0.01779 171
1753395013381 0.0178 172
1753395055606 0.01779 173
1753395097574 0.0178 174
1753395139113 0.01782 175
1753395181034 0.0178 176
1753395223346 0.01779 177
1753395264264 0.01783 178
1753395305908 0.01779 179
1753395347798 0.01782 180
1753395390124 0.0178 181
1753395431880 0.0178 182
1753395474140 0.01777 183
1753395516619 0.01778 184
1753395557821 0.01778 185
1753395600252 0.01778 186
1753395642358 0.01783 187
1753395684565 0.01777 188
1753395727214 0.01782 189
1753395770304 0.01778 190
1753395812406 0.01781 191
1753395855186 0.01779 192
1753395898261 0.0178 193
1753395940648 0.01779 194
1753395983768 0.01778 195
1753396026647 0.01779 196
1753396068552 0.01779 197
1753396111209 0.0178 198
1753396153633 0.0178 199
1753396196588 0.01778 200
1753396239770 0.01777 201
1753396282355 0.01778 202
1753396325224 0.01778 203
1753396368211 0.0178 204
1753396411009 0.01778 205
1753396453775 0.0178 206
1753396495955 0.01777 207
1753396538592 0.01778 208
1753396581569 0.01776 209
1753396624034 0.01778 210
1753396666453 0.01778 211
1753396708891 0.01779 212
1753396750698 0.0178 213
1753396792472 0.01776 214
1753396834354 0.01778 215
1753396876382 0.01778 216
1753396918190 0.01777 217
1753396959687 0.01779 218
1753397001717 0.01778 219
1753397044006 0.01775 220
1753397086182 0.01777 221
1753397128141 0.01777 222
1753397169446 0.01778 223
1753397211024 0.01778 224
1753397253713 0.01778 225
1753397295118 0.01776 226
1753397337131 0.01779 227
1753397379300 0.01777 228
1753397421601 0.01778 229
1753397463730 0.0178 230
1753397505847 0.01781 231
1753397548246 0.01777 232
1753397590925 0.01777 233
1753397633164 0.01776 234
1753397675335 0.01777 235
1753397717575 0.01777 236
1753397759864 0.0178 237
1753397802616 0.01776 238
1753397844322 0.01779 239
1753397886508 0.01777 240
1753397929067 0.01778 241
1753397970459 0.01775 242
1753398012866 0.01776 243
1753398055167 0.01776 244
1753398096513 0.01777 245
1753398138738 0.01777 246
1753398181106 0.01777 247
1753398223427 0.01778 248
1753398265794 0.01778 249
1753398307996 0.01777 250
1753398350553 0.01776 251
1753398392649 0.01777 252
1753398435234 0.01776 253
1753398476681 0.01779 254
1753398518068 0.01777 255
1753398560034 0.01776 256
1753398602636 0.01777 257
1753398645044 0.01776 258
1753398687297 0.01777 259
1753398729814 0.01777 260
1753398772214 0.01776 261
1753398814449 0.01776 262
1753398856798 0.01777 263
1753398898866 0.01777 264
1753398941629 0.01775 265
1753398984151 0.01776 266
1753399026513 0.01776 267
1753399068432 0.01776 268
1753399110831 0.01776 269
1753399152981 0.01775 270
1753399195329 0.01775 271
1753399237809 0.01776 272
1753399280077 0.01776 273
1753399322605 0.01777 274
1753399365133 0.01775 275
1753399407703 0.01775 276
1753399449755 0.01778 277
1753399492079 0.01776 278
1753399534300 0.01776 279
1753399575730 0.01776 280
1753399617354 0.01775 281
1753399658810 0.01774 282
1753399701342 0.01775 283
1753399743647 0.01774 284
1753399785943 0.01777 285
1753399828509 0.01776 286
1753399870426 0.01775 287
1753399911802 0.01776 288
1753399953252 0.01775 289
1753399995420 0.01778 290
1753400037526 0.01775 291
1753400079170 0.01773 292
1753400121564 0.01773 293
1753400163647 0.01774 294
1753400204896 0.01775 295
1753400247033 0.01775 296
1753400289610 0.01774 297
1753400331809 0.01772 298
1753400373329 0.01774 299
1753400414744 0.01776 300
