1753387926307 0.0010000000474974513 1
1753387967147 0.0010000000474974513 2
1753388007946 0.0010000000474974513 3
1753388048917 0.0010000000474974513 4
1753388089492 0.0010000000474974513 5
1753388130149 0.0010000000474974513 6
1753388171495 0.0010000000474974513 7
1753388212243 0.0010000000474974513 8
1753388252851 0.0010000000474974513 9
1753388294535 0.0010000000474974513 10
1753388335383 0.0010000000474974513 11
1753388375992 0.0010000000474974513 12
1753388416407 0.0010000000474974513 13
1753388456837 0.0010000000474974513 14
1753388497448 0.0010000000474974513 15
1753388538372 0.0010000000474974513 16
1753388579192 0.0010000000474974513 17
1753388620308 0.0010000000474974513 18
1753388661395 0.0010000000474974513 19
1753388702624 0.0010000000474974513 20
1753388744756 0.0010000000474974513 21
1753388786709 0.0010000000474974513 22
1753388827877 0.0010000000474974513 23
1753388869282 0.0010000000474974513 24
1753388910299 0.0010000000474974513 25
1753388951993 0.0010000000474974513 26
1753388993250 0.0010000000474974513 27
1753389034563 0.0010000000474974513 28
1753389075929 0.0010000000474974513 29
1753389116960 0.0010000000474974513 30
1753389159288 0.0010000000474974513 31
1753389200673 0.0010000000474974513 32
1753389241853 0.0010000000474974513 33
1753389283771 0.0010000000474974513 34
1753389325325 0.0010000000474974513 35
1753389366320 0.0010000000474974513 36
1753389407859 0.0010000000474974513 37
1753389449361 0.0010000000474974513 38
1753389490800 0.0010000000474974513 39
1753389532261 0.0010000000474974513 40
1753389574604 0.0010000000474974513 41
1753389616757 0.0010000000474974513 42
1753389658112 0.0010000000474974513 43
1753389699402 0.0010000000474974513 44
1753389742091 0.0010000000474974513 45
1753389783633 0.0010000000474974513 46
1753389825175 0.0010000000474974513 47
1753389867178 0.0010000000474974513 48
1753389908428 0.00020000000949949026 49
1753389950316 0.00020000000949949026 50
1753389992582 0.00020000000949949026 51
1753390033915 0.00020000000949949026 52
1753390075556 0.00020000000949949026 53
1753390117061 0.00020000000949949026 54
1753390158300 0.00020000000949949026 55
1753390200025 0.00020000000949949026 56
1753390241004 0.00020000000949949026 57
1753390282190 4.0000002627493814e-05 58
1753390323680 4.0000002627493814e-05 59
1753390365004 4.0000002627493814e-05 60
1753390406157 4.0000002627493814e-05 61
1753390448389 4.0000002627493814e-05 62
1753390489753 4.0000002627493814e-05 63
1753390530823 4.0000002627493814e-05 64
1753390572201 4.0000002627493814e-05 65
1753390613592 4.0000002627493814e-05 66
1753390655681 8.000000889296643e-06 67
1753390696927 8.000000889296643e-06 68
1753390738247 8.000000889296643e-06 69
1753390780502 8.000000889296643e-06 70
1753390822331 8.000000889296643e-06 71
1753390865029 8.000000889296643e-06 72
1753390906990 8.000000889296643e-06 73
1753390948879 8.000000889296643e-06 74
1753390989870 8.000000889296643e-06 75
1753391031222 1.6000001323845936e-06 76
1753391072168 1.6000001323845936e-06 77
1753391114551 1.6000001323845936e-06 78
1753391156398 1.6000001323845936e-06 79
1753391197967 1.6000001323845936e-06 80
1753391239142 1.6000001323845936e-06 81
1753391280752 1.6000001323845936e-06 82
1753391323094 1.6000001323845936e-06 83
1753391365515 1.6000001323845936e-06 84
1753391407353 9.999999974752427e-07 85
1753391449498 9.999999974752427e-07 86
1753391491326 9.999999974752427e-07 87
1753391532535 9.999999974752427e-07 88
1753391574250 9.999999974752427e-07 89
1753391615624 9.999999974752427e-07 90
1753391657749 9.999999974752427e-07 91
1753391700529 9.999999974752427e-07 92
1753391742248 9.999999974752427e-07 93
1753391783353 9.999999974752427e-07 94
1753391825053 9.999999974752427e-07 95
1753391866346 9.999999974752427e-07 96
1753391907690 9.999999974752427e-07 97
1753391949205 9.999999974752427e-07 98
1753391990661 9.999999974752427e-07 99
1753392031628 9.999999974752427e-07 100
1753392073123 9.999999974752427e-07 101
1753392114600 9.999999974752427e-07 102
1753392156012 9.999999974752427e-07 103
1753392197686 9.999999974752427e-07 104
1753392239246 9.999999974752427e-07 105
1753392280593 9.999999974752427e-07 106
1753392321988 9.999999974752427e-07 107
1753392363099 9.999999974752427e-07 108
1753392404676 9.999999974752427e-07 109
1753392447033 9.999999974752427e-07 110
1753392488902 9.999999974752427e-07 111
1753392529799 9.999999974752427e-07 112
1753392572245 9.999999974752427e-07 113
1753392614296 9.999999974752427e-07 114
1753392655684 9.999999974752427e-07 115
1753392697627 9.999999974752427e-07 116
1753392739802 9.999999974752427e-07 117
1753392781042 9.999999974752427e-07 118
1753392823385 9.999999974752427e-07 119
1753392864892 9.999999974752427e-07 120
1753392907271 9.999999974752427e-07 121
1753392948564 9.999999974752427e-07 122
1753392989772 9.999999974752427e-07 123
1753393030838 9.999999974752427e-07 124
1753393072271 9.999999974752427e-07 125
1753393113339 9.999999974752427e-07 126
1753393154444 9.999999974752427e-07 127
1753393195593 9.999999974752427e-07 128
1753393237250 9.999999974752427e-07 129
1753393279228 9.999999974752427e-07 130
1753393321254 9.999999974752427e-07 131
1753393362372 9.999999974752427e-07 132
1753393403954 9.999999974752427e-07 133
1753393445448 9.999999974752427e-07 134
1753393486702 9.999999974752427e-07 135
1753393528096 9.999999974752427e-07 136
1753393569475 9.999999974752427e-07 137
1753393610936 9.999999974752427e-07 138
1753393652120 9.999999974752427e-07 139
1753393694522 9.999999974752427e-07 140
1753393736239 9.999999974752427e-07 141
1753393777669 9.999999974752427e-07 142
1753393819835 9.999999974752427e-07 143
1753393861455 9.999999974752427e-07 144
1753393902721 9.999999974752427e-07 145
1753393944080 9.999999974752427e-07 146
1753393985384 9.999999974752427e-07 147
1753394026763 9.999999974752427e-07 148
1753394067976 9.999999974752427e-07 149
1753394109577 9.999999974752427e-07 150
1753394150962 9.999999974752427e-07 151
1753394192396 9.999999974752427e-07 152
1753394233753 9.999999974752427e-07 153
1753394276045 9.999999974752427e-07 154
1753394318196 9.999999974752427e-07 155
1753394359504 9.999999974752427e-07 156
1753394401755 9.999999974752427e-07 157
1753394444047 9.999999974752427e-07 158
1753394486196 9.999999974752427e-07 159
1753394528287 9.999999974752427e-07 160
1753394569185 9.999999974752427e-07 161
1753394611781 9.999999974752427e-07 162
1753394654140 9.999999974752427e-07 163
1753394696442 9.999999974752427e-07 164
1753394738186 9.999999974752427e-07 165
1753394780272 9.999999974752427e-07 166
1753394821516 9.999999974752427e-07 167
1753394863052 9.999999974752427e-07 168
1753394905113 9.999999974752427e-07 169
1753394946829 9.999999974752427e-07 170
1753394988841 9.999999974752427e-07 171
1753395030974 9.999999974752427e-07 172
1753395072931 9.999999974752427e-07 173
1753395114362 9.999999974752427e-07 174
1753395156684 9.999999974752427e-07 175
1753395198728 9.999999974752427e-07 176
1753395239787 9.999999974752427e-07 177
1753395281211 9.999999974752427e-07 178
1753395323446 9.999999974752427e-07 179
1753395365430 9.999999974752427e-07 180
1753395407274 9.999999974752427e-07 181
1753395449485 9.999999974752427e-07 182
1753395491858 9.999999974752427e-07 183
1753395533365 9.999999974752427e-07 184
1753395575588 9.999999974752427e-07 185
1753395617845 9.999999974752427e-07 186
1753395659992 9.999999974752427e-07 187
1753395702125 9.999999974752427e-07 188
1753395745114 9.999999974752427e-07 189
1753395787190 9.999999974752427e-07 190
1753395830014 9.999999974752427e-07 191
1753395872901 9.999999974752427e-07 192
1753395915594 9.999999974752427e-07 193
1753395958331 9.999999974752427e-07 194
1753396001185 9.999999974752427e-07 195
1753396043384 9.999999974752427e-07 196
1753396085856 9.999999974752427e-07 197
1753396128178 9.999999974752427e-07 198
1753396171601 9.999999974752427e-07 199
1753396214160 9.999999974752427e-07 200
1753396257299 9.999999974752427e-07 201
1753396300014 9.999999974752427e-07 202
1753396343050 9.999999974752427e-07 203
1753396385811 9.999999974752427e-07 204
1753396428652 9.999999974752427e-07 205
1753396470432 9.999999974752427e-07 206
1753396513510 9.999999974752427e-07 207
1753396555850 9.999999974752427e-07 208
1753396599065 9.999999974752427e-07 209
1753396641420 9.999999974752427e-07 210
1753396683515 9.999999974752427e-07 211
1753396726408 9.999999974752427e-07 212
1753396768182 9.999999974752427e-07 213
1753396809683 9.999999974752427e-07 214
1753396851883 9.999999974752427e-07 215
1753396893906 9.999999974752427e-07 216
1753396934948 9.999999974752427e-07 217
1753396977188 9.999999974752427e-07 218
1753397019297 9.999999974752427e-07 219
1753397061578 9.999999974752427e-07 220
1753397103682 9.999999974752427e-07 221
1753397144987 9.999999974752427e-07 222
1753397186034 9.999999974752427e-07 223
1753397229091 9.999999974752427e-07 224
1753397270438 9.999999974752427e-07 225
1753397312604 9.999999974752427e-07 226
1753397354691 9.999999974752427e-07 227
1753397396825 9.999999974752427e-07 228
1753397439172 9.999999974752427e-07 229
1753397481260 9.999999974752427e-07 230
1753397523699 9.999999974752427e-07 231
1753397566448 9.999999974752427e-07 232
1753397608484 9.999999974752427e-07 233
1753397650697 9.999999974752427e-07 234
1753397693068 9.999999974752427e-07 235
1753397735302 9.999999974752427e-07 236
1753397777910 9.999999974752427e-07 237
1753397819478 9.999999974752427e-07 238
1753397861807 9.999999974752427e-07 239
1753397904207 9.999999974752427e-07 240
1753397945893 9.999999974752427e-07 241
1753397987929 9.999999974752427e-07 242
1753398030387 9.999999974752427e-07 243
1753398071931 9.999999974752427e-07 244
1753398114195 9.999999974752427e-07 245
1753398156473 9.999999974752427e-07 246
1753398198801 9.999999974752427e-07 247
1753398240953 9.999999974752427e-07 248
1753398283483 9.999999974752427e-07 249
1753398325742 9.999999974752427e-07 250
1753398368226 9.999999974752427e-07 251
1753398410366 9.999999974752427e-07 252
1753398452032 9.999999974752427e-07 253
1753398493384 9.999999974752427e-07 254
1753398535608 9.999999974752427e-07 255
1753398577775 9.999999974752427e-07 256
1753398620195 9.999999974752427e-07 257
1753398662701 9.999999974752427e-07 258
1753398705018 9.999999974752427e-07 259
1753398747488 9.999999974752427e-07 260
1753398789949 9.999999974752427e-07 261
1753398832135 9.999999974752427e-07 262
1753398874528 9.999999974752427e-07 263
1753398916999 9.999999974752427e-07 264
1753398959590 9.999999974752427e-07 265
1753399001907 9.999999974752427e-07 266
1753399044027 9.999999974752427e-07 267
1753399085970 9.999999974752427e-07 268
1753399128307 9.999999974752427e-07 269
1753399170752 9.999999974752427e-07 270
1753399213030 9.999999974752427e-07 271
1753399255539 9.999999974752427e-07 272
1753399297790 9.999999974752427e-07 273
1753399340294 9.999999974752427e-07 274
1753399383203 9.999999974752427e-07 275
1753399425290 9.999999974752427e-07 276
1753399467361 9.999999974752427e-07 277
1753399509618 9.999999974752427e-07 278
1753399550900 9.999999974752427e-07 279
1753399592597 9.999999974752427e-07 280
1753399633925 9.999999974752427e-07 281
1753399676565 9.999999974752427e-07 282
1753399719104 9.999999974752427e-07 283
1753399761312 9.999999974752427e-07 284
1753399804030 9.999999974752427e-07 285
1753399845706 9.999999974752427e-07 286
1753399886854 9.999999974752427e-07 287
1753399928417 9.999999974752427e-07 288
1753399970807 9.999999974752427e-07 289
1753400013138 9.999999974752427e-07 290
1753400054639 9.999999974752427e-07 291
1753400096726 9.999999974752427e-07 292
1753400139110 9.999999974752427e-07 293
1753400180241 9.999999974752427e-07 294
1753400222342 9.999999974752427e-07 295
1753400265096 9.999999974752427e-07 296
1753400307302 9.999999974752427e-07 297
1753400348608 9.999999974752427e-07 298
1753400390077 9.999999974752427e-07 299
1753400432524 9.999999974752427e-07 300
