1752765902035 1.0 0
1752765953513 2.0 0
1752766005033 3.0 0
1752766056476 4.0 0
1752766107540 5.0 0
1752766160457 6.0 0
1752766212030 7.0 0
1752766264321 8.0 0
1752766317234 9.0 0
1752766370996 10.0 0
1752766423659 11.0 0
1752766476140 12.0 0
1752766528617 13.0 0
1752766581802 14.0 0
1752766634373 15.0 0
1752766687375 16.0 0
1752766740191 17.0 0
1752766846325 19.0 0
1752766899638 20.0 0
1752766952511 21.0 0
1752767005516 22.0 0
1752767058319 23.0 0
1752767164401 25.0 0
1752767216976 26.0 0
1752767270626 27.0 0
