1752765875303 0.58464 1
1752765929083 0.37873 2
1752765980566 0.23748 3
1752766032372 0.1477 4
1752766083771 0.0952 5
1752766134879 0.06876 6
1752766187906 0.05355 7
1752766239966 0.04414 8
1752766292312 0.038 9
1752766345419 0.03378 10
1752766399255 0.03079 11
1752766452103 0.02859 12
1752766504484 0.02694 13
1752766556952 0.02565 14
1752766610437 0.02462 15
1752766662712 0.02379 16
1752766715854 0.02313 17
1752766768694 0.02259 18
1752766821618 0.02213 19
1752766874579 0.02173 20
1752766928057 0.02141 21
1752766981132 0.0211 22
1752767033765 0.02085 23
1752767086779 0.02062 24
1752767139555 0.02044 25
1752767192734 0.02026 26
1752767245409 0.0201 27
1752767298932 0.01998 28
1752767351171 0.01984 29
1752767403592 0.01975 30
1752767456075 0.01964 31
1752767508681 0.01956 32
1752767561190 0.01948 33
1752767613991 0.01941 34
1752767667078 0.01935 35
1752767719753 0.01928 36
1752767772078 0.01921 37
