1753317086928 1.0 0
1753317101649 2.0 0
1753317116300 3.0 0
1753317131578 4.0 0
1753317146748 5.0 0
1753317162232 6.0 0
1753317176900 7.0 0
1753317191569 8.0 0
1753317206237 9.0 0
1753317220910 10.0 0
1753317235546 11.0 0
1753317250189 12.0 0
1753317264768 13.0 0
1753317279392 14.0 0
1753317294794 15.0 0
1753317309635 16.0 0
1753317324419 17.0 0
1753317339164 18.0 0
1753317354147 19.0 0
1753317368969 20.0 0
1753317383585 21.0 0
1753317398199 22.0 0
1753317412860 23.0 0
1753317427474 24.0 0
1753317442031 25.0 0
1753317456639 26.0 0
1753317471166 27.0 0
1753317486185 28.0 0
1753317501125 29.0 0
1753317516181 30.0 0
1753317530819 31.0 0
1753317545505 32.0 0
1753317560159 33.0 0
1753317574776 34.0 0
1753317589328 35.0 0
1753317603992 36.0 0
1753317618420 37.0 0
1753317633058 38.0 0
1753317647594 39.0 0
1753317662633 40.0 0
1753317691777 42.0 0
1753317721278 44.0 0
1753317735921 45.0 0
1753317750774 46.0 0
1753317765422 47.0 0
1753317780211 48.0 0
1753317809805 50.0 0
1753317839404 52.0 0
1753317869058 54.0 0
1753317883961 55.0 0
1753317913210 57.0 0
1753317927881 58.0 0
1753317957046 60.0 0
1753317972177 61.0 0
1753317986834 62.0 0
1753318060344 67.0 0
1753318119465 71.0 0
1753318148658 73.0 0
1753318177712 75.0 0
1753318266094 81.0 0
