1753317074702 0.71395 1
1753317090313 0.60392 2
1753317104954 0.53789 3
1753317119577 0.48716 4
1753317134829 0.44102 5
1753317150049 0.39656 6
1753317165503 0.35095 7
1753317180200 0.30687 8
1753317194842 0.26662 9
1753317209507 0.2316 10
1753317224167 0.20157 11
1753317238814 0.17606 12
1753317253433 0.15466 13
1753317267987 0.13668 14
1753317282650 0.12163 15
1753317298045 0.10896 16
1753317312905 0.09819 17
1753317327704 0.08906 18
1753317342455 0.0813 19
1753317357374 0.07469 20
1753317372149 0.06894 21
1753317386869 0.06402 22
1753317401506 0.0597 23
1753317416092 0.05595 24
1753317430692 0.05266 25
1753317445303 0.04978 26
1753317459832 0.04723 27
1753317474404 0.04494 28
1753317489414 0.04292 29
1753317504263 0.04109 30
1753317519427 0.03943 31
1753317534103 0.03797 32
1753317548774 0.03664 33
1753317563391 0.03543 34
1753317578003 0.03433 35
1753317592532 0.03332 36
1753317607193 0.03243 37
1753317621693 0.0316 38
1753317636334 0.03083 39
1753317650834 0.0301 40
1753317665899 0.02945 41
1753317680468 0.02887 42
1753317694988 0.0283 43
1753317709601 0.02778 44
1753317724553 0.02736 45
1753317739160 0.02687 46
1753317754004 0.02641 47
1753317768978 0.02604 48
1753317783456 0.02564 49
1753317798383 0.02532 50
1753317813079 0.02503 51
1753317827761 0.02475 52
1753317842611 0.0244 53
1753317857536 0.0241 54
1753317872290 0.02387 55
1753317887168 0.02364 56
1753317901750 0.02339 57
1753317916376 0.02318 58
1753317931115 0.02297 59
1753317945619 0.02276 60
1753317960326 0.02258 61
1753317975472 0.02242 62
1753317990091 0.02222 63
1753318004700 0.02208 64
1753318019589 0.02195 65
1753318034251 0.02173 66
1753318048883 0.02162 67
1753318063626 0.0215 68
1753318078619 0.02136 69
1753318093352 0.02123 70
1753318107997 0.02112 71
1753318122706 0.02103 72
1753318137266 0.02095 73
1753318151896 0.0208 74
1753318166346 0.0207 75
1753318180942 0.02059 76
1753318195631 0.02052 77
1753318210501 0.02042 78
1753318225181 0.02032 79
1753318239953 0.02026 80
1753318254707 0.0202 81
1753318269334 0.02009 82
1753318283952 0.02001 83
1753318298574 0.02001 84
1753318313183 0.01994 85
1753318327835 0.01984 86
1753318342717 0.01978 87
1753318357345 0.01972 88
1753318371934 0.01962 89
1753318386721 0.0196 90
1753318401553 0.01942 91
1753318416034 0.01936 92
1753318430559 0.01932 93
1753318445394 0.01931 94
1753318460164 0.01932 95
1753318474796 0.01931 96
1753318489353 0.01927 97
1753318504057 0.01928 98
1753318518662 0.01926 99
1753318533266 0.01922 100
1753318547876 0.01924 101
1753318562829 0.01918 102
1753318577788 0.01918 103
1753318592596 0.01922 104
1753318607371 0.0192 105
1753318621986 0.01917 106
1753318636596 0.01915 107
1753318651191 0.01917 108
1753318665699 0.01915 109
1753318680302 0.01918 110
1753318695271 0.0192 111
1753318709858 0.01918 112
1753318724659 0.01915 113
1753318739522 0.01915 114
1753318754148 0.01914 115
1753318768790 0.01915 116
1753318783365 0.01914 117
1753318798295 0.01916 118
1753318813151 0.01917 119
1753318827767 0.01916 120
1753318842380 0.01915 121
1753318857240 0.01914 122
1753318871982 0.01917 123
1753318886578 0.01914 124
1753318901224 0.01913 125
1753318916272 0.01914 126
1753318930842 0.01916 127
1753318945685 0.01916 128
1753318960273 0.01914 129
1753318975049 0.01915 130
1753318989636 0.01916 131
1753319004370 0.01915 132
1753319019188 0.01916 133
1753319033807 0.01916 134
1753319048395 0.01918 135
1753319063343 0.01917 136
1753319078244 0.01916 137
1753319092950 0.01916 138
1753319107717 0.01912 139
1753319122170 0.01918 140
1753319136751 0.01917 141
1753319151363 0.01916 142
1753319166208 0.01915 143
1753319180775 0.01919 144
1753319195579 0.01915 145
1753319210263 0.01913 146
1753319224802 0.01914 147
1753319239406 0.01917 148
1753319253922 0.01917 149
1753319268655 0.01916 150
1753319283567 0.01916 151
1753319298403 0.01914 152
1753319313120 0.01914 153
1753319327908 0.01913 154
1753319342587 0.01914 155
1753319357172 0.01914 156
1753319371729 0.01917 157
1753319386326 0.01915 158
1753319400872 0.01914 159
1753319415760 0.01914 160
1753319430513 0.01913 161
1753319445203 0.01914 162
1753319459809 0.01916 163
1753319474542 0.01914 164
1753319489105 0.01916 165
1753319503823 0.01916 166
1753319518698 0.01912 167
1753319533422 0.01916 168
1753319548202 0.01913 169
1753319562916 0.01914 170
1753319577838 0.01917 171
1753319592331 0.01916 172
1753319606860 0.01916 173
1753319621428 0.01918 174
1753319636431 0.01915 175
1753319651118 0.01917 176
1753319665939 0.01913 177
1753319680493 0.01918 178
1753319695530 0.01913 179
1753319710226 0.01915 180
1753319725210 0.01914 181
1753319740161 0.01916 182
1753319755235 0.01914 183
1753319770468 0.01915 184
1753319785246 0.01915 185
1753319800011 0.01913 186
1753319814549 0.01914 187
1753319829471 0.01915 188
1753319844238 0.01912 189
1753319858881 0.01916 190
1753319873528 0.01915 191
1753319888348 0.01917 192
1753319903079 0.01913 193
1753319917724 0.01914 194
1753319932675 0.01913 195
1753319947251 0.01915 196
1753319961752 0.01915 197
1753319976338 0.01915 198
1753319990858 0.01914 199
1753320005688 0.01912 200
1753320020661 0.01915 201
1753320035515 0.01914 202
1753320050418 0.01915 203
1753320065015 0.01915 204
1753320079565 0.01912 205
1753320094303 0.01912 206
1753320108775 0.01912 207
1753320123518 0.01914 208
1753320138507 0.01912 209
1753320153012 0.01916 210
1753320167725 0.01912 211
1753320182377 0.01914 212
1753320197116 0.01911 213
1753320211698 0.01911 214
1753320226322 0.01914 215
1753320241208 0.01913 216
1753320255936 0.01911 217
1753320270568 0.01916 218
1753320285203 0.01913 219
1753320299983 0.01914 220
1753320314451 0.01914 221
1753320328950 0.01916 222
1753320343491 0.01913 223
1753320358337 0.01915 224
1753320373001 0.01913 225
1753320387761 0.01914 226
1753320402318 0.01911 227
1753320417035 0.01913 228
1753320431572 0.01912 229
1753320446091 0.01915 230
1753320460684 0.01911 231
1753320475168 0.01913 232
1753320489667 0.01915 233
1753320504470 0.01915 234
1753320519255 0.01915 235
1753320533836 0.01914 236
1753320548595 0.01911 237
1753320563148 0.01912 238
1753320577536 0.01916 239
1753320592347 0.01913 240
1753320607310 0.01914 241
1753320622190 0.01911 242
1753320636770 0.01912 243
1753320651578 0.01911 244
1753320666276 0.0191 245
1753320681045 0.01911 246
1753320695630 0.01912 247
1753320710131 0.01911 248
1753320724917 0.01913 249
1753320739767 0.01911 250
1753320754418 0.01912 251
1753320769036 0.01909 252
1753320783847 0.01912 253
1753320798525 0.01912 254
1753320812978 0.0191 255
1753320827339 0.0191 256
1753320842172 0.01912 257
1753320857074 0.01914 258
1753320871608 0.01912 259
1753320886250 0.01912 260
1753320900715 0.01912 261
1753320915504 0.01912 262
1753320930060 0.0191 263
1753320944538 0.01911 264
1753320959479 0.01912 265
1753320974752 0.01913 266
1753320989331 0.01912 267
1753321003991 0.01911 268
1753321018878 0.01912 269
1753321033599 0.0191 270
1753321048212 0.01913 271
1753321062642 0.01912 272
1753321077676 0.01911 273
1753321092427 0.0191 274
1753321107390 0.01912 275
1753321121918 0.01912 276
1753321136591 0.01911 277
1753321151154 0.01912 278
1753321165941 0.01914 279
1753321180453 0.01912 280
1753321195360 0.0191 281
1753321209945 0.01917 282
1753321224680 0.0191 283
1753321239457 0.01912 284
1753321253942 0.01913 285
1753321269026 0.01912 286
1753321283694 0.01912 287
1753321298285 0.01912 288
1753321313036 0.01912 289
1753321327861 0.01911 290
1753321343119 0.01911 291
1753321357693 0.0191 292
1753321372557 0.0191 293
1753321387127 0.0191 294
1753321401787 0.01911 295
1753321416517 0.0191 296
1753321431217 0.01912 297
1753321446178 0.01911 298
1753321461198 0.01908 299
1753321476045 0.0191 300
