1753317086936 0.0010000000474974513 1
1753317101657 0.0010000000474974513 2
1753317116307 0.0010000000474974513 3
1753317131587 0.0010000000474974513 4
1753317146757 0.0010000000474974513 5
1753317162238 0.0010000000474974513 6
1753317176907 0.0010000000474974513 7
1753317191575 0.0010000000474974513 8
1753317206243 0.0010000000474974513 9
1753317220917 0.0010000000474974513 10
1753317235553 0.0010000000474974513 11
1753317250197 0.0010000000474974513 12
1753317264774 0.0010000000474974513 13
1753317279399 0.0010000000474974513 14
1753317294803 0.0010000000474974513 15
1753317309644 0.0010000000474974513 16
1753317324428 0.0010000000474974513 17
1753317339174 0.0010000000474974513 18
1753317354153 0.0010000000474974513 19
1753317368974 0.0010000000474974513 20
1753317383597 0.0010000000474974513 21
1753317398226 0.0010000000474974513 22
1753317412865 0.0010000000474974513 23
1753317427483 0.0010000000474974513 24
1753317442040 0.0010000000474974513 25
1753317456647 0.0010000000474974513 26
1753317471175 0.0010000000474974513 27
1753317486192 0.0010000000474974513 28
1753317501132 0.0010000000474974513 29
1753317516195 0.0010000000474974513 30
1753317530825 0.0010000000474974513 31
1753317545511 0.0010000000474974513 32
1753317560167 0.0010000000474974513 33
1753317574782 0.0010000000474974513 34
1753317589334 0.0010000000474974513 35
1753317603997 0.0010000000474974513 36
1753317618426 0.0010000000474974513 37
1753317633066 0.0010000000474974513 38
1753317647601 0.0010000000474974513 39
1753317662642 0.0010000000474974513 40
1753317677241 0.0010000000474974513 41
1753317691782 0.0010000000474974513 42
1753317706345 0.0010000000474974513 43
1753317721284 0.0010000000474974513 44
1753317735932 0.0010000000474974513 45
1753317750780 0.0010000000474974513 46
1753317765428 0.0010000000474974513 47
1753317780221 0.0010000000474974513 48
1753317794869 0.0010000000474974513 49
1753317809818 0.0010000000474974513 50
1753317824490 0.0010000000474974513 51
1753317839413 0.0010000000474974513 52
1753317854350 0.0010000000474974513 53
1753317869064 0.0010000000474974513 54
1753317883967 0.0010000000474974513 55
1753317898549 0.0010000000474974513 56
1753317913217 0.0010000000474974513 57
1753317927888 0.0010000000474974513 58
1753317942427 0.0010000000474974513 59
1753317957055 0.0010000000474974513 60
1753317972203 0.0010000000474974513 61
1753317986850 0.0010000000474974513 62
1753318001469 0.0010000000474974513 63
1753318016374 0.0010000000474974513 64
1753318030980 0.0010000000474974513 65
1753318045614 0.0010000000474974513 66
1753318060350 0.0010000000474974513 67
1753318075397 0.0010000000474974513 68
1753318090180 0.0010000000474974513 69
1753318104730 0.0010000000474974513 70
1753318119472 0.0010000000474974513 71
1753318134057 0.0010000000474974513 72
1753318148664 0.0010000000474974513 73
1753318163180 0.0010000000474974513 74
1753318177720 0.0010000000474974513 75
1753318192332 0.0010000000474974513 76
1753318207268 0.0010000000474974513 77
1753318222044 0.0010000000474974513 78
1753318236749 0.0010000000474974513 79
1753318251428 0.0010000000474974513 80
1753318266099 0.0010000000474974513 81
1753318280681 0.0010000000474974513 82
1753318295310 0.0010000000474974513 83
1753318309961 0.0010000000474974513 84
1753318324575 0.0010000000474974513 85
1753318339463 0.0010000000474974513 86
1753318354074 0.0010000000474974513 87
1753318368697 0.0010000000474974513 88
1753318383478 0.0010000000474974513 89
1753318398312 0.00020000000949949026 90
1753318412871 0.00020000000949949026 91
1753318427332 0.00020000000949949026 92
1753318442171 0.00020000000949949026 93
1753318456891 0.00020000000949949026 94
1753318471519 0.00020000000949949026 95
1753318486090 0.00020000000949949026 96
1753318500815 0.00020000000949949026 97
1753318515418 0.00020000000949949026 98
1753318530023 4.0000002627493814e-05 99
1753318544604 4.0000002627493814e-05 100
1753318559575 4.0000002627493814e-05 101
1753318574551 4.0000002627493814e-05 102
1753318589347 4.0000002627493814e-05 103
1753318604148 4.0000002627493814e-05 104
1753318618763 4.0000002627493814e-05 105
1753318633375 4.0000002627493814e-05 106
1753318647940 4.0000002627493814e-05 107
1753318662472 8.000000889296643e-06 108
1753318677105 8.000000889296643e-06 109
1753318692073 8.000000889296643e-06 110
1753318706652 8.000000889296643e-06 111
1753318721431 8.000000889296643e-06 112
1753318736289 8.000000889296643e-06 113
1753318750892 8.000000889296643e-06 114
1753318765528 8.000000889296643e-06 115
1753318780127 8.000000889296643e-06 116
1753318795076 1.6000001323845936e-06 117
1753318809950 1.6000001323845936e-06 118
1753318824539 1.6000001323845936e-06 119
1753318839151 1.6000001323845936e-06 120
1753318853999 1.6000001323845936e-06 121
1753318868712 1.6000001323845936e-06 122
1753318883354 1.6000001323845936e-06 123
1753318897951 1.6000001323845936e-06 124
1753318913033 1.6000001323845936e-06 125
1753318927592 9.999999974752427e-07 126
1753318942487 9.999999974752427e-07 127
1753318957062 9.999999974752427e-07 128
1753318971798 9.999999974752427e-07 129
1753318986446 9.999999974752427e-07 130
1753319001149 9.999999974752427e-07 131
1753319015985 9.999999974752427e-07 132
1753319030612 9.999999974752427e-07 133
1753319045126 9.999999974752427e-07 134
1753319060085 9.999999974752427e-07 135
1753319075014 9.999999974752427e-07 136
1753319089790 9.999999974752427e-07 137
1753319104449 9.999999974752427e-07 138
1753319118994 9.999999974752427e-07 139
1753319133516 9.999999974752427e-07 140
1753319148133 9.999999974752427e-07 141
1753319162981 9.999999974752427e-07 142
1753319177544 9.999999974752427e-07 143
1753319192377 9.999999974752427e-07 144
1753319207077 9.999999974752427e-07 145
1753319221567 9.999999974752427e-07 146
1753319236124 9.999999974752427e-07 147
1753319250745 9.999999974752427e-07 148
1753319265413 9.999999974752427e-07 149
1753319280345 9.999999974752427e-07 150
1753319295191 9.999999974752427e-07 151
1753319309883 9.999999974752427e-07 152
1753319324724 9.999999974752427e-07 153
1753319339346 9.999999974752427e-07 154
1753319353945 9.999999974752427e-07 155
1753319368485 9.999999974752427e-07 156
1753319383145 9.999999974752427e-07 157
1753319397666 9.999999974752427e-07 158
1753319412581 9.999999974752427e-07 159
1753319427252 9.999999974752427e-07 160
1753319442008 9.999999974752427e-07 161
1753319456568 9.999999974752427e-07 162
1753319471325 9.999999974752427e-07 163
1753319485837 9.999999974752427e-07 164
1753319500554 9.999999974752427e-07 165
1753319515521 9.999999974752427e-07 166
1753319530256 9.999999974752427e-07 167
1753319544942 9.999999974752427e-07 168
1753319559664 9.999999974752427e-07 169
1753319574569 9.999999974752427e-07 170
1753319589155 9.999999974752427e-07 171
1753319603676 9.999999974752427e-07 172
1753319618236 9.999999974752427e-07 173
1753319633198 9.999999974752427e-07 174
1753319647848 9.999999974752427e-07 175
1753319662714 9.999999974752427e-07 176
1753319677235 9.999999974752427e-07 177
1753319692265 9.999999974752427e-07 178
1753319707001 9.999999974752427e-07 179
1753319721682 9.999999974752427e-07 180
1753319736670 9.999999974752427e-07 181
1753319751616 9.999999974752427e-07 182
1753319766912 9.999999974752427e-07 183
1753319782055 9.999999974752427e-07 184
1753319796773 9.999999974752427e-07 185
1753319811397 9.999999974752427e-07 186
1753319826265 9.999999974752427e-07 187
1753319840978 9.999999974752427e-07 188
1753319855623 9.999999974752427e-07 189
1753319870289 9.999999974752427e-07 190
1753319885122 9.999999974752427e-07 191
1753319899830 9.999999974752427e-07 192
1753319914475 9.999999974752427e-07 193
1753319929434 9.999999974752427e-07 194
1753319943985 9.999999974752427e-07 195
1753319958509 9.999999974752427e-07 196
1753319973092 9.999999974752427e-07 197
1753319987598 9.999999974752427e-07 198
1753320002533 9.999999974752427e-07 199
1753320017429 9.999999974752427e-07 200
1753320032302 9.999999974752427e-07 201
1753320047150 9.999999974752427e-07 202
1753320061747 9.999999974752427e-07 203
1753320076327 9.999999974752427e-07 204
1753320091051 9.999999974752427e-07 205
1753320105616 9.999999974752427e-07 206
1753320120259 9.999999974752427e-07 207
1753320135260 9.999999974752427e-07 208
1753320149802 9.999999974752427e-07 209
1753320164456 9.999999974752427e-07 210
1753320179188 9.999999974752427e-07 211
1753320193944 9.999999974752427e-07 212
1753320208470 9.999999974752427e-07 213
1753320223117 9.999999974752427e-07 214
1753320237991 9.999999974752427e-07 215
1753320252745 9.999999974752427e-07 216
1753320267339 9.999999974752427e-07 217
1753320281976 9.999999974752427e-07 218
1753320296793 9.999999974752427e-07 219
1753320311194 9.999999974752427e-07 220
1753320325780 9.999999974752427e-07 221
1753320340241 9.999999974752427e-07 222
1753320355169 9.999999974752427e-07 223
1753320369738 9.999999974752427e-07 224
1753320384549 9.999999974752427e-07 225
1753320399130 9.999999974752427e-07 226
1753320413869 9.999999974752427e-07 227
1753320428373 9.999999974752427e-07 228
1753320442896 9.999999974752427e-07 229
1753320457426 9.999999974752427e-07 230
1753320471999 9.999999974752427e-07 231
1753320486503 9.999999974752427e-07 232
1753320501337 9.999999974752427e-07 233
1753320516132 9.999999974752427e-07 234
1753320530609 9.999999974752427e-07 235
1753320545441 9.999999974752427e-07 236
1753320560022 9.999999974752427e-07 237
1753320574328 9.999999974752427e-07 238
1753320589170 9.999999974752427e-07 239
1753320604079 9.999999974752427e-07 240
1753320618986 9.999999974752427e-07 241
1753320633527 9.999999974752427e-07 242
1753320648455 9.999999974752427e-07 243
1753320663047 9.999999974752427e-07 244
1753320677877 9.999999974752427e-07 245
1753320692375 9.999999974752427e-07 246
1753320706946 9.999999974752427e-07 247
1753320721804 9.999999974752427e-07 248
1753320736592 9.999999974752427e-07 249
1753320751259 9.999999974752427e-07 250
1753320765906 9.999999974752427e-07 251
1753320780595 9.999999974752427e-07 252
1753320795321 9.999999974752427e-07 253
1753320809845 9.999999974752427e-07 254
1753320824237 9.999999974752427e-07 255
1753320838934 9.999999974752427e-07 256
1753320853867 9.999999974752427e-07 257
1753320868432 9.999999974752427e-07 258
1753320883019 9.999999974752427e-07 259
1753320897524 9.999999974752427e-07 260
1753320912331 9.999999974752427e-07 261
1753320926896 9.999999974752427e-07 262
1753320941350 9.999999974752427e-07 263
1753320956217 9.999999974752427e-07 264
1753320971610 9.999999974752427e-07 265
1753320986091 9.999999974752427e-07 266
1753321000829 9.999999974752427e-07 267
1753321015741 9.999999974752427e-07 268
1753321030374 9.999999974752427e-07 269
1753321044960 9.999999974752427e-07 270
1753321059528 9.999999974752427e-07 271
1753321074413 9.999999974752427e-07 272
1753321089149 9.999999974752427e-07 273
1753321104126 9.999999974752427e-07 274
1753321118743 9.999999974752427e-07 275
1753321133465 9.999999974752427e-07 276
1753321147932 9.999999974752427e-07 277
1753321162692 9.999999974752427e-07 278
1753321177276 9.999999974752427e-07 279
1753321192150 9.999999974752427e-07 280
1753321206692 9.999999974752427e-07 281
1753321221516 9.999999974752427e-07 282
1753321236263 9.999999974752427e-07 283
1753321250769 9.999999974752427e-07 284
1753321265842 9.999999974752427e-07 285
1753321280436 9.999999974752427e-07 286
1753321295006 9.999999974752427e-07 287
1753321309776 9.999999974752427e-07 288
1753321324674 9.999999974752427e-07 289
1753321339896 9.999999974752427e-07 290
1753321354458 9.999999974752427e-07 291
1753321369303 9.999999974752427e-07 292
1753321383932 9.999999974752427e-07 293
1753321398547 9.999999974752427e-07 294
1753321413259 9.999999974752427e-07 295
1753321427998 9.999999974752427e-07 296
1753321442919 9.999999974752427e-07 297
1753321457912 9.999999974752427e-07 298
1753321472791 9.999999974752427e-07 299
1753321487844 9.999999974752427e-07 300
