1753332977856 1.0 0
1753332992053 2.0 0
1753333006487 3.0 0
1753333020826 4.0 0
1753333034962 5.0 0
1753333049328 6.0 0
1753333063338 7.0 0
1753333077763 8.0 0
1753333092024 9.0 0
1753333106061 10.0 0
1753333120445 11.0 0
1753333134637 12.0 0
1753333148787 13.0 0
1753333163041 14.0 0
1753333191210 16.0 0
1753333205349 17.0 0
1753333219829 18.0 0
1753333234226 19.0 0
1753333248382 20.0 0
1753333263047 21.0 0
1753333277164 22.0 0
1753333291356 23.0 0
1753333305386 24.0 0
1753333319737 25.0 0
1753333333987 26.0 0
1753333348249 27.0 0
1753333362412 28.0 0
1753333376901 29.0 0
1753333391349 30.0 0
1753333405508 31.0 0
1753333419781 32.0 0
1753333434229 33.0 0
1753333448721 34.0 0
1753333462961 35.0 0
1753333477526 36.0 0
1753333491861 37.0 0
1753333506059 38.0 0
1753333520118 39.0 0
1753333534374 40.0 0
1753333548843 41.0 0
1753333563066 42.0 0
1753333605640 45.0 0
1753333634865 47.0 0
1753333663850 49.0 0
1753333677973 50.0 0
1753333692256 51.0 0
1753333721056 53.0 0
1753333764008 56.0 0
1753333778294 57.0 0
1753333850135 62.0 0
1753333963361 70.0 0
