1753332965408 0.56501 1
1753332980959 0.45839 2
1753332995212 0.40839 3
1753333009561 0.36838 4
1753333023980 0.33073 5
1753333038127 0.29663 6
1753333052420 0.26414 7
1753333066454 0.23338 8
1753333080944 0.2065 9
1753333095167 0.18199 10
1753333109198 0.16016 11
1753333123597 0.1413 12
1753333137631 0.12583 13
1753333151893 0.11272 14
1753333166032 0.10189 15
1753333180163 0.09211 16
1753333194286 0.08353 17
1753333208453 0.07581 18
1753333222921 0.06904 19
1753333237359 0.06313 20
1753333251530 0.05845 21
1753333266174 0.0545 22
1753333280356 0.05116 23
1753333294368 0.04817 24
1753333308508 0.04553 25
1753333322798 0.04323 26
1753333337131 0.04117 27
1753333351357 0.03939 28
1753333365492 0.03781 29
1753333379995 0.03638 30
1753333394437 0.0352 31
1753333408614 0.03395 32
1753333422915 0.03294 33
1753333437338 0.03204 34
1753333451840 0.0312 35
1753333466090 0.03045 36
1753333480586 0.02968 37
1753333494898 0.02906 38
1753333509142 0.02852 39
1753333523159 0.02795 40
1753333537404 0.02741 41
1753333551876 0.02695 42
1753333566126 0.02654 43
1753333580211 0.02611 44
1753333594580 0.02571 45
1753333609152 0.0254 46
1753333623728 0.02511 47
1753333638069 0.02478 48
1753333652620 0.02443 49
1753333666945 0.02418 50
1753333680960 0.02391 51
1753333695463 0.02367 52
1753333709660 0.02346 53
1753333724119 0.02327 54
1753333738368 0.02309 55
1753333752732 0.02288 56
1753333767115 0.02271 57
1753333781444 0.02247 58
1753333795525 0.02232 59
1753333810045 0.02214 60
1753333824508 0.02204 61
1753333838815 0.02195 62
1753333853130 0.02184 63
1753333867404 0.02163 64
1753333881727 0.02154 65
1753333895623 0.02137 66
1753333909824 0.0213 67
1753333923978 0.02123 68
1753333938146 0.02108 69
1753333952121 0.02099 70
1753333966404 0.02092 71
1753333980774 0.02075 72
1753333994918 0.02068 73
1753334009090 0.02066 74
1753334023283 0.02055 75
1753334037643 0.02048 76
1753334051899 0.02039 77
1753334066018 0.02034 78
1753334080379 0.02023 79
1753334094486 0.0201 80
1753334108368 0.01995 81
1753334122842 0.01996 82
1753334136870 0.01992 83
1753334151057 0.01988 84
1753334165045 0.01987 85
1753334179179 0.01986 86
1753334193719 0.0198 87
1753334207813 0.0198 88
1753334221760 0.01978 89
1753334236348 0.01976 90
1753334250399 0.01973 91
1753334264678 0.01974 92
1753334278977 0.01973 93
1753334293413 0.01974 94
1753334307698 0.01972 95
1753334321749 0.01969 96
1753334336318 0.0197 97
1753334350488 0.01969 98
1753334364832 0.01969 99
1753334378957 0.01968 100
1753334393433 0.01971 101
1753334407932 0.01973 102
1753334421999 0.01973 103
1753334436075 0.01971 104
1753334450493 0.01965 105
1753334464596 0.01968 106
1753334478964 0.01968 107
1753334493313 0.01966 108
1753334507634 0.0197 109
1753334521739 0.01968 110
1753334535840 0.01967 111
1753334550261 0.01966 112
1753334564598 0.01969 113
1753334578755 0.01968 114
1753334592854 0.0197 115
1753334607396 0.01967 116
1753334621654 0.01965 117
1753334635559 0.01967 118
1753334649638 0.01969 119
1753334664056 0.01969 120
1753334678294 0.01967 121
1753334692505 0.01969 122
1753334706811 0.01965 123
1753334720928 0.01968 124
1753334735106 0.01967 125
1753334749237 0.01968 126
1753334763289 0.01971 127
1753334778037 0.01966 128
1753334792384 0.01966 129
1753334806463 0.0197 130
1753334820984 0.01969 131
1753334835569 0.01967 132
1753334849496 0.01967 133
1753334863500 0.01967 134
1753334877828 0.0197 135
1753334892045 0.01971 136
1753334906214 0.01968 137
1753334920632 0.01968 138
1753334934758 0.01966 139
1753334949194 0.01967 140
1753334963250 0.01969 141
1753334977336 0.0197 142
1753334991896 0.01969 143
1753335006368 0.01968 144
1753335020401 0.01967 145
1753335034743 0.01966 146
1753335049149 0.01966 147
1753335063583 0.01966 148
1753335077882 0.0197 149
1753335092195 0.01968 150
1753335106504 0.01967 151
1753335120675 0.0197 152
1753335135155 0.01969 153
1753335149414 0.01968 154
1753335163686 0.01964 155
1753335178022 0.01968 156
1753335192200 0.01967 157
1753335206552 0.01965 158
1753335220368 0.01969 159
1753335234425 0.01966 160
1753335248510 0.01967 161
1753335262577 0.01968 162
1753335276945 0.01969 163
1753335291065 0.01967 164
1753335305536 0.01967 165
1753335320157 0.01969 166
1753335334152 0.01964 167
1753335348542 0.0197 168
1753335362625 0.01967 169
1753335376883 0.01965 170
1753335391519 0.01968 171
1753335405939 0.0197 172
1753335420341 0.01962 173
1753335434456 0.01969 174
1753335448600 0.01966 175
1753335463058 0.01967 176
1753335477063 0.01968 177
1753335491281 0.01966 178
1753335505322 0.01964 179
1753335519816 0.01967 180
1753335533950 0.01972 181
1753335548142 0.01969 182
1753335562646 0.01966 183
1753335576685 0.01963 184
1753335590934 0.01965 185
1753335605218 0.0197 186
1753335619486 0.01966 187
1753335634030 0.01965 188
1753335648155 0.01967 189
1753335662233 0.01964 190
1753335676546 0.01968 191
1753335690521 0.01968 192
1753335704790 0.0197 193
1753335719169 0.01969 194
1753335733293 0.01966 195
1753335747678 0.01968 196
1753335761615 0.01971 197
1753335775690 0.01968 198
1753335790255 0.01965 199
1753335804352 0.01968 200
1753335818670 0.01966 201
1753335833108 0.01964 202
1753335847686 0.01966 203
1753335861639 0.01967 204
1753335875787 0.01968 205
1753335890129 0.01965 206
1753335904186 0.01966 207
1753335918705 0.01967 208
1753335932883 0.01966 209
1753335947437 0.01966 210
1753335961731 0.01966 211
1753335975897 0.01968 212
1753335990134 0.01964 213
1753336004647 0.01969 214
1753336018771 0.01962 215
1753336032995 0.01965 216
1753336047325 0.01968 217
1753336061702 0.01964 218
1753336075801 0.01963 219
1753336089745 0.01963 220
1753336104006 0.01961 221
1753336118224 0.01966 222
1753336132552 0.0197 223
1753336146851 0.01964 224
1753336161092 0.01965 225
1753336175267 0.01967 226
1753336189794 0.01964 227
1753336203960 0.01963 228
1753336218293 0.01963 229
1753336232500 0.01967 230
1753336246527 0.01966 231
1753336260959 0.01964 232
1753336275084 0.01967 233
1753336289417 0.01965 234
1753336303830 0.01968 235
1753336317950 0.01964 236
1753336332356 0.01965 237
1753336346574 0.01963 238
1753336360816 0.01967 239
1753336375015 0.01965 240
1753336388938 0.01963 241
1753336403533 0.01964 242
1753336417894 0.01962 243
1753336432479 0.01966 244
1753336446588 0.01967 245
1753336460587 0.01967 246
1753336475160 0.01961 247
1753336489305 0.01964 248
1753336503588 0.01968 249
1753336517810 0.01962 250
1753336532452 0.01963 251
1753336546819 0.01964 252
1753336561219 0.01967 253
1753336575694 0.01965 254
1753336590049 0.01965 255
1753336604119 0.01966 256
1753336618546 0.01962 257
1753336632665 0.01964 258
1753336646944 0.01962 259
1753336661136 0.01963 260
1753336675313 0.01965 261
1753336689733 0.01963 262
1753336703909 0.01966 263
1753336718235 0.01963 264
1753336732393 0.01961 265
1753336746602 0.0196 266
1753336760955 0.01966 267
1753336775013 0.01963 268
1753336789267 0.01961 269
1753336803775 0.01965 270
1753336817764 0.01965 271
1753336832116 0.01962 272
1753336846359 0.01962 273
1753336860755 0.01963 274
1753336874988 0.01957 275
1753336888918 0.01971 276
1753336903224 0.01964 277
1753336917644 0.01962 278
1753336932015 0.01959 279
1753336946147 0.01962 280
1753336960450 0.01966 281
1753336974871 0.01958 282
1753336988882 0.01962 283
1753337003290 0.01961 284
1753337017515 0.01964 285
1753337031860 0.01961 286
1753337046208 0.0196 287
1753337060509 0.01965 288
1753337075138 0.01963 289
1753337089158 0.01964 290
1753337103355 0.01963 291
1753337117613 0.01961 292
1753337131813 0.0196 293
1753337146135 0.01961 294
1753337160326 0.01964 295
1753337174599 0.01966 296
1753337189185 0.01962 297
1753337203150 0.0196 298
1753337217714 0.01965 299
1753337231948 0.01961 300
