1753332977863 0.0010000000474974513 1
1753332992058 0.0010000000474974513 2
1753333006492 0.0010000000474974513 3
1753333020831 0.0010000000474974513 4
1753333034970 0.0010000000474974513 5
1753333049337 0.0010000000474974513 6
1753333063345 0.0010000000474974513 7
1753333077768 0.0010000000474974513 8
1753333092029 0.0010000000474974513 9
1753333106065 0.0010000000474974513 10
1753333120450 0.0010000000474974513 11
1753333134641 0.0010000000474974513 12
1753333148793 0.0010000000474974513 13
1753333163045 0.0010000000474974513 14
1753333177040 0.0010000000474974513 15
1753333191220 0.0010000000474974513 16
1753333205356 0.0010000000474974513 17
1753333219835 0.0010000000474974513 18
1753333234231 0.0010000000474974513 19
1753333248386 0.0010000000474974513 20
1753333263051 0.0010000000474974513 21
1753333277168 0.0010000000474974513 22
1753333291361 0.0010000000474974513 23
1753333305391 0.0010000000474974513 24
1753333319741 0.0010000000474974513 25
1753333333994 0.0010000000474974513 26
1753333348254 0.0010000000474974513 27
1753333362418 0.0010000000474974513 28
1753333376907 0.0010000000474974513 29
1753333391353 0.0010000000474974513 30
1753333405513 0.0010000000474974513 31
1753333419786 0.0010000000474974513 32
1753333434234 0.0010000000474974513 33
1753333448725 0.0010000000474974513 34
1753333462965 0.0010000000474974513 35
1753333477532 0.0010000000474974513 36
1753333491868 0.0010000000474974513 37
1753333506069 0.0010000000474974513 38
1753333520125 0.0010000000474974513 39
1753333534381 0.0010000000474974513 40
1753333548848 0.0010000000474974513 41
1753333563071 0.0010000000474974513 42
1753333577213 0.0010000000474974513 43
1753333591545 0.0010000000474974513 44
1753333605647 0.0010000000474974513 45
1753333620594 0.0010000000474974513 46
1753333634869 0.0010000000474974513 47
1753333649355 0.0010000000474974513 48
1753333663859 0.0010000000474974513 49
1753333677980 0.0010000000474974513 50
1753333692263 0.0010000000474974513 51
1753333706607 0.0010000000474974513 52
1753333721063 0.0010000000474974513 53
1753333735247 0.0010000000474974513 54
1753333749630 0.0010000000474974513 55
1753333764016 0.0010000000474974513 56
1753333778299 0.0010000000474974513 57
1753333792491 0.0010000000474974513 58
1753333806980 0.0010000000474974513 59
1753333821455 0.0010000000474974513 60
1753333835724 0.0010000000474974513 61
1753333850141 0.0010000000474974513 62
1753333864446 0.0010000000474974513 63
1753333878696 0.0010000000474974513 64
1753333892653 0.0010000000474974513 65
1753333906850 0.0010000000474974513 66
1753333920915 0.0010000000474974513 67
1753333935164 0.0010000000474974513 68
1753333949043 0.0010000000474974513 69
1753333963366 0.0010000000474974513 70
1753333977797 0.0010000000474974513 71
1753333991916 0.0010000000474974513 72
1753334006025 0.0010000000474974513 73
1753334020239 0.0010000000474974513 74
1753334034613 0.0010000000474974513 75
1753334048881 0.0010000000474974513 76
1753334063025 0.0010000000474974513 77
1753334077247 0.0010000000474974513 78
1753334091397 0.00020000000949949026 79
1753334105402 0.00020000000949949026 80
1753334119710 0.00020000000949949026 81
1753334133895 0.00020000000949949026 82
1753334148100 0.00020000000949949026 83
1753334162101 0.00020000000949949026 84
1753334176105 0.00020000000949949026 85
1753334190423 0.00020000000949949026 86
1753334204715 0.00020000000949949026 87
1753334218771 4.0000002627493814e-05 88
1753334233028 4.0000002627493814e-05 89
1753334247344 4.0000002627493814e-05 90
1753334261554 4.0000002627493814e-05 91
1753334275853 4.0000002627493814e-05 92
1753334290330 4.0000002627493814e-05 93
1753334304631 4.0000002627493814e-05 94
1753334318693 4.0000002627493814e-05 95
1753334333169 4.0000002627493814e-05 96
1753334347447 8.000000889296643e-06 97
1753334361754 8.000000889296643e-06 98
1753334375930 8.000000889296643e-06 99
1753334390245 8.000000889296643e-06 100
1753334404879 8.000000889296643e-06 101
1753334418848 8.000000889296643e-06 102
1753334432945 8.000000889296643e-06 103
1753334447397 8.000000889296643e-06 104
1753334461602 8.000000889296643e-06 105
1753334475834 1.6000001323845936e-06 106
1753334490318 1.6000001323845936e-06 107
1753334504537 1.6000001323845936e-06 108
1753334518654 1.6000001323845936e-06 109
1753334532727 1.6000001323845936e-06 110
1753334547200 1.6000001323845936e-06 111
1753334561555 1.6000001323845936e-06 112
1753334575686 1.6000001323845936e-06 113
1753334589756 1.6000001323845936e-06 114
1753334604337 9.999999974752427e-07 115
1753334618684 9.999999974752427e-07 116
1753334632509 9.999999974752427e-07 117
1753334646587 9.999999974752427e-07 118
1753334661022 9.999999974752427e-07 119
1753334675282 9.999999974752427e-07 120
1753334689415 9.999999974752427e-07 121
1753334703751 9.999999974752427e-07 122
1753334717905 9.999999974752427e-07 123
1753334732051 9.999999974752427e-07 124
1753334746160 9.999999974752427e-07 125
1753334760253 9.999999974752427e-07 126
1753334774612 9.999999974752427e-07 127
1753334789269 9.999999974752427e-07 128
1753334803397 9.999999974752427e-07 129
1753334817637 9.999999974752427e-07 130
1753334832463 9.999999974752427e-07 131
1753334846467 9.999999974752427e-07 132
1753334860431 9.999999974752427e-07 133
1753334874704 9.999999974752427e-07 134
1753334888972 9.999999974752427e-07 135
1753334903153 9.999999974752427e-07 136
1753334917510 9.999999974752427e-07 137
1753334931707 9.999999974752427e-07 138
1753334946143 9.999999974752427e-07 139
1753334960146 9.999999974752427e-07 140
1753334974355 9.999999974752427e-07 141
1753334988861 9.999999974752427e-07 142
1753335003302 9.999999974752427e-07 143
1753335017337 9.999999974752427e-07 144
1753335031714 9.999999974752427e-07 145
1753335046075 9.999999974752427e-07 146
1753335060528 9.999999974752427e-07 147
1753335074826 9.999999974752427e-07 148
1753335089198 9.999999974752427e-07 149
1753335103509 9.999999974752427e-07 150
1753335117651 9.999999974752427e-07 151
1753335132062 9.999999974752427e-07 152
1753335146398 9.999999974752427e-07 153
1753335160637 9.999999974752427e-07 154
1753335174944 9.999999974752427e-07 155
1753335189226 9.999999974752427e-07 156
1753335203497 9.999999974752427e-07 157
1753335217395 9.999999974752427e-07 158
1753335231391 9.999999974752427e-07 159
1753335245490 9.999999974752427e-07 160
1753335259519 9.999999974752427e-07 161
1753335273930 9.999999974752427e-07 162
1753335287999 9.999999974752427e-07 163
1753335302529 9.999999974752427e-07 164
1753335317090 9.999999974752427e-07 165
1753335331177 9.999999974752427e-07 166
1753335345457 9.999999974752427e-07 167
1753335359578 9.999999974752427e-07 168
1753335373836 9.999999974752427e-07 169
1753335388356 9.999999974752427e-07 170
1753335402910 9.999999974752427e-07 171
1753335417223 9.999999974752427e-07 172
1753335431312 9.999999974752427e-07 173
1753335445544 9.999999974752427e-07 174
1753335459971 9.999999974752427e-07 175
1753335474037 9.999999974752427e-07 176
1753335488246 9.999999974752427e-07 177
1753335502262 9.999999974752427e-07 178
1753335516817 9.999999974752427e-07 179
1753335530949 9.999999974752427e-07 180
1753335545042 9.999999974752427e-07 181
1753335559611 9.999999974752427e-07 182
1753335573743 9.999999974752427e-07 183
1753335587927 9.999999974752427e-07 184
1753335602273 9.999999974752427e-07 185
1753335616393 9.999999974752427e-07 186
1753335630970 9.999999974752427e-07 187
1753335645061 9.999999974752427e-07 188
1753335659165 9.999999974752427e-07 189
1753335673471 9.999999974752427e-07 190
1753335687515 9.999999974752427e-07 191
1753335701824 9.999999974752427e-07 192
1753335716147 9.999999974752427e-07 193
1753335730273 9.999999974752427e-07 194
1753335744625 9.999999974752427e-07 195
1753335758603 9.999999974752427e-07 196
1753335772661 9.999999974752427e-07 197
1753335787167 9.999999974752427e-07 198
1753335801284 9.999999974752427e-07 199
1753335815557 9.999999974752427e-07 200
1753335830022 9.999999974752427e-07 201
1753335844575 9.999999974752427e-07 202
1753335858638 9.999999974752427e-07 203
1753335872671 9.999999974752427e-07 204
1753335887043 9.999999974752427e-07 205
1753335901151 9.999999974752427e-07 206
1753335915588 9.999999974752427e-07 207
1753335929890 9.999999974752427e-07 208
1753335944430 9.999999974752427e-07 209
1753335958732 9.999999974752427e-07 210
1753335972784 9.999999974752427e-07 211
1753335987012 9.999999974752427e-07 212
1753336001579 9.999999974752427e-07 213
1753336015696 9.999999974752427e-07 214
1753336029957 9.999999974752427e-07 215
1753336044262 9.999999974752427e-07 216
1753336058632 9.999999974752427e-07 217
1753336072754 9.999999974752427e-07 218
1753336086694 9.999999974752427e-07 219
1753336100884 9.999999974752427e-07 220
1753336115226 9.999999974752427e-07 221
1753336129590 9.999999974752427e-07 222
1753336143763 9.999999974752427e-07 223
1753336158126 9.999999974752427e-07 224
1753336172163 9.999999974752427e-07 225
1753336186709 9.999999974752427e-07 226
1753336200874 9.999999974752427e-07 227
1753336215310 9.999999974752427e-07 228
1753336229387 9.999999974752427e-07 229
1753336243495 9.999999974752427e-07 230
1753336257962 9.999999974752427e-07 231
1753336272111 9.999999974752427e-07 232
1753336286412 9.999999974752427e-07 233
1753336300748 9.999999974752427e-07 234
1753336314851 9.999999974752427e-07 235
1753336329312 9.999999974752427e-07 236
1753336343450 9.999999974752427e-07 237
1753336357728 9.999999974752427e-07 238
1753336371946 9.999999974752427e-07 239
1753336385925 9.999999974752427e-07 240
1753336400403 9.999999974752427e-07 241
1753336414793 9.999999974752427e-07 242
1753336429310 9.999999974752427e-07 243
1753336443463 9.999999974752427e-07 244
1753336457528 9.999999974752427e-07 245
1753336472041 9.999999974752427e-07 246
1753336486180 9.999999974752427e-07 247
1753336500507 9.999999974752427e-07 248
1753336514780 9.999999974752427e-07 249
1753336529168 9.999999974752427e-07 250
1753336543649 9.999999974752427e-07 251
1753336558192 9.999999974752427e-07 252
1753336572605 9.999999974752427e-07 253
1753336586942 9.999999974752427e-07 254
1753336600997 9.999999974752427e-07 255
1753336615417 9.999999974752427e-07 256
1753336629633 9.999999974752427e-07 257
1753336643839 9.999999974752427e-07 258
1753336658031 9.999999974752427e-07 259
1753336672201 9.999999974752427e-07 260
1753336686576 9.999999974752427e-07 261
1753336700771 9.999999974752427e-07 262
1753336715159 9.999999974752427e-07 263
1753336729330 9.999999974752427e-07 264
1753336743529 9.999999974752427e-07 265
1753336757836 9.999999974752427e-07 266
1753336771982 9.999999974752427e-07 267
1753336786175 9.999999974752427e-07 268
1753336800710 9.999999974752427e-07 269
1753336814793 9.999999974752427e-07 270
1753336829029 9.999999974752427e-07 271
1753336843311 9.999999974752427e-07 272
1753336857683 9.999999974752427e-07 273
1753336871893 9.999999974752427e-07 274
1753336885904 9.999999974752427e-07 275
1753336900210 9.999999974752427e-07 276
1753336914536 9.999999974752427e-07 277
1753336928997 9.999999974752427e-07 278
1753336943081 9.999999974752427e-07 279
1753336957363 9.999999974752427e-07 280
1753336971808 9.999999974752427e-07 281
1753336985869 9.999999974752427e-07 282
1753337000172 9.999999974752427e-07 283
1753337014549 9.999999974752427e-07 284
1753337028824 9.999999974752427e-07 285
1753337043105 9.999999974752427e-07 286
1753337057495 9.999999974752427e-07 287
1753337072130 9.999999974752427e-07 288
1753337086090 9.999999974752427e-07 289
1753337100196 9.999999974752427e-07 290
1753337114567 9.999999974752427e-07 291
1753337128590 9.999999974752427e-07 292
1753337143107 9.999999974752427e-07 293
1753337157313 9.999999974752427e-07 294
1753337171470 9.999999974752427e-07 295
1753337185995 9.999999974752427e-07 296
1753337200103 9.999999974752427e-07 297
1753337214569 9.999999974752427e-07 298
1753337228861 9.999999974752427e-07 299
1753337243031 9.999999974752427e-07 300
