1752952511210 0.42443 1
1752952559441 0.24797 2
1752952605716 0.15398 3
1752952651484 0.10284 4
1752952697204 0.07404 5
1752952742106 0.05702 6
1752952786900 0.04646 7
1752952831703 0.03956 8
1752952876381 0.03483 9
1752952921146 0.03147 10
1752952966182 0.02902 11
1752953011695 0.02715 12
1752953056657 0.02574 13
1752953101330 0.02461 14
1752953145622 0.0237 15
1752953190172 0.02295 16
1752953235333 0.02235 17
1752953280193 0.02183 18
1752953324638 0.02142 19
1752953369007 0.02104 20
1752953413368 0.02072 21
1752953457783 0.02045 22
1752953502227 0.02023 23
1752953546925 0.02 24
1752953591533 0.01982 25
1752953636811 0.01966 26
1752953681963 0.0195 27
1752953726558 0.01937 28
1752953770903 0.01926 29
1752953815104 0.01914 30
1752953859445 0.01904 31
1752953903627 0.01895 32
1752953947802 0.01889 33
1752953991902 0.01878 34
1752954036731 0.01872 35
1752954081572 0.01867 36
1752954125974 0.0186 37
1752954170287 0.01856 38
1752954214299 0.01848 39
1752954258254 0.01844 40
1752954302383 0.0184 41
1752954347721 0.01836 42
1752954392108 0.01832 43
1752954436702 0.01829 44
1752954480845 0.01825 45
1752954525210 0.01823 46
1752954569159 0.0182 47
1752954613497 0.01815 48
1752954657673 0.01814 49
1752954701801 0.01811 50
1752954746950 0.01808 51
1752954791051 0.01805 52
1752954835434 0.01805 53
1752954879849 0.01802 54
1752954923903 0.018 55
1752954968434 0.01798 56
1752955012698 0.01796 57
1752955056853 0.01796 58
1752955101134 0.01794 59
1752955145183 0.01791 60
1752955189610 0.01789 61
1752955233749 0.01788 62
1752955277998 0.01787 63
1752955322259 0.01785 64
1752955366137 0.01784 65
1752955410354 0.01783 66
1752955454442 0.01782 67
1752955498330 0.01779 68
1752955542447 0.01779 69
1752955586444 0.01777 70
1752955630466 0.01776 71
1752955674462 0.01776 72
1752955718517 0.01774 73
1752955762600 0.01773 74
1752955806658 0.01773 75
1752955851185 0.01771 76
1752955895294 0.01771 77
1752955939334 0.0177 78
1752955983407 0.01769 79
1752956027456 0.01768 80
1752956071395 0.01768 81
1752956115444 0.01767 82
1752956159239 0.01767 83
1752956203302 0.01765 84
1752956247310 0.01764 85
1752956291565 0.01763 86
1752956335239 0.01763 87
1752956379451 0.01762 88
1752956423661 0.01761 89
1752956467485 0.01762 90
1752956511789 0.01761 91
1752956555772 0.0176 92
1752956599877 0.01759 93
1752956643899 0.01758 94
1752956688090 0.01759 95
1752956731755 0.01757 96
1752956775638 0.01757 97
1752956819603 0.01757 98
1752956863508 0.01756 99
1752956908445 0.01755 100
1752956952656 0.01755 101
1752956996822 0.01754 102
1752957040883 0.01753 103
1752957084640 0.01752 104
1752957129169 0.01752 105
1752957172826 0.01752 106
1752957216926 0.01752 107
1752957260790 0.01751 108
1752957304812 0.0175 109
1752957349654 0.01751 110
1752957393407 0.01749 111
1752957437612 0.0175 112
1752957481722 0.01749 113
1752957525584 0.01748 114
1752957570081 0.01747 115
1752957613992 0.01747 116
1752957657822 0.01746 117
1752957701885 0.01746 118
1752957745680 0.01746 119
1752957789966 0.01746 120
1752957834312 0.01746 121
1752957878228 0.01745 122
1752957922021 0.01744 123
1752957966286 0.01743 124
1752958010665 0.01744 125
1752958054522 0.01743 126
1752958098318 0.01743 127
1752958142063 0.01742 128
1752958186536 0.01742 129
1752958230760 0.01741 130
1752958275103 0.01741 131
1752958319674 0.01742 132
1752958363303 0.01741 133
1752958407994 0.01741 134
1752958451749 0.01739 135
1752958495549 0.0174 136
1752958539487 0.01738 137
1752958583978 0.01738 138
1752958627912 0.01738 139
1752958672497 0.01738 140
1752958716569 0.01738 141
1752958760419 0.01737 142
1752958804351 0.01737 143
1752958848491 0.01736 144
1752958892828 0.01738 145
1752958937530 0.01736 146
1752958981557 0.01737 147
1752959025207 0.01737 148
1752959069610 0.01735 149
1752959113898 0.01735 150
1752959157540 0.01735 151
1752959201129 0.01734 152
1752959244925 0.01734 153
1752959288467 0.01735 154
1752959332368 0.01734 155
1752959376466 0.01734 156
1752959420133 0.01733 157
1752959464268 0.01733 158
1752959507916 0.01732 159
1752959551555 0.01731 160
1752959595063 0.01732 161
1752959638946 0.01731 162
1752959682847 0.01731 163
1752959727066 0.01732 164
1752959771127 0.01731 165
1752959815133 0.01731 166
1752959858780 0.0173 167
1752959902552 0.0173 168
1752959946358 0.0173 169
1752959990008 0.0173 170
1752960033680 0.01729 171
1752960078950 0.01729 172
1752960123589 0.01729 173
1752960167449 0.01728 174
1752960211337 0.01728 175
1752960255168 0.01728 176
1752960300171 0.01727 177
1752960344036 0.01728 178
1752960387777 0.01727 179
1752960431695 0.01727 180
1752960475697 0.01727 181
1752960520431 0.01727 182
1752960564491 0.01727 183
1752960608492 0.01726 184
1752960652429 0.01725 185
1752960696386 0.01727 186
1752960740159 0.01726 187
1752960784382 0.01726 188
1752960829643 0.01726 189
1752960873810 0.01724 190
1752960917680 0.01724 191
1752960962206 0.01724 192
1752961005854 0.01723 193
1752961050280 0.01725 194
1752961094554 0.01724 195
1752961138276 0.01723 196
1752961182346 0.01723 197
1752961227002 0.01723 198
1752961270999 0.01722 199
1752961314398 0.01722 200
1752961358179 0.01723 201
1752961402144 0.01722 202
1752961446040 0.01721 203
1752961489905 0.01722 204
1752961533551 0.01723 205
1752961577676 0.01722 206
1752961622317 0.01721 207
1752961665883 0.01721 208
1752961710801 0.0172 209
1752961754272 0.01721 210
1752961797849 0.0172 211
1752961841598 0.0172 212
1752961886116 0.01719 213
1752961929913 0.0172 214
1752961973769 0.0172 215
1752962017487 0.01719 216
1752962061677 0.0172 217
1752962105573 0.01719 218
1752962149444 0.01719 219
1752962192994 0.01718 220
1752962236545 0.0172 221
1752962280865 0.01718 222
1752962324886 0.01718 223
1752962368837 0.01718 224
1752962412965 0.01718 225
1752962457565 0.01716 226
1752962502080 0.01718 227
1752962545758 0.01718 228
1752962589538 0.01717 229
1752962633240 0.01717 230
1752962677146 0.01717 231
1752962720977 0.01716 232
1752962764995 0.01715 233
1752962808800 0.01716 234
1752962853040 0.01716 235
1752962896839 0.01716 236
1752962941483 0.01716 237
1752962985514 0.01716 238
1752963029594 0.01716 239
1752963073351 0.01715 240
1752963117316 0.01715 241
1752963161113 0.01715 242
1752963205271 0.01714 243
1752963248900 0.01715 244
1752963292644 0.01715 245
1752963336813 0.01715 246
1752963381165 0.01715 247
1752963425242 0.01713 248
1752963469427 0.01714 249
1752963513246 0.01714 250
1752963557481 0.01715 251
1752963601247 0.01714 252
1752963644947 0.01713 253
1752963688557 0.01713 254
1752963732489 0.01713 255
1752963776910 0.01713 256
1752963820688 0.01713 257
1752963864872 0.01712 258
1752963909698 0.01713 259
1752963953356 0.01712 260
1752963997453 0.01712 261
1752964042418 0.01712 262
1752964086328 0.01712 263
1752964130269 0.01711 264
1752964174101 0.01712 265
1752964217647 0.01712 266
1752964261345 0.01712 267
1752964305224 0.01711 268
1752964349275 0.01711 269
1752964393317 0.01711 270
1752964438155 0.01711 271
1752964481978 0.01711 272
1752964525739 0.0171 273
1752964569672 0.0171 274
1752964613520 0.0171 275
1752964657260 0.0171 276
1752964701098 0.0171 277
1752964745761 0.01709 278
1752964789504 0.01709 279
1752964833684 0.0171 280
1752964877709 0.0171 281
1752964921654 0.01708 282
1752964965480 0.01709 283
1752965010231 0.01708 284
1752965054318 0.0171 285
1752965098960 0.01709 286
1752965142847 0.0171 287
1752965186681 0.01708 288
1752965230709 0.01708 289
1752965274653 0.01709 290
1752965318940 0.01709 291
1752965362760 0.01709 292
1752965406910 0.01708 293
1752965450811 0.01708 294
1752965494779 0.01708 295
1752965539502 0.01708 296
1752965583154 0.01708 297
1752965627357 0.01708 298
1752965670940 0.01707 299
1752965714898 0.01706 300
