1753269542708 1.0 0
1753269564426 2.0 0
1753269586213 3.0 0
1753269607483 4.0 0
1753269629103 5.0 0
1753269651247 6.0 0
1753269673040 7.0 0
1753269695114 8.0 0
1753269716862 9.0 0
1753269738232 10.0 0
1753269759556 11.0 0
1753269781300 12.0 0
1753269802828 13.0 0
1753269824985 14.0 0
1753269846690 15.0 0
1753269868218 16.0 0
1753269890114 17.0 0
1753269911659 18.0 0
1753269933040 19.0 0
1753269954989 20.0 0
1753269976473 21.0 0
1753269998334 22.0 0
1753270019638 23.0 0
1753270040975 24.0 0
1753270062478 25.0 0
1753270084064 26.0 0
1753270105736 27.0 0
1753270127022 28.0 0
1753270148931 29.0 0
1753270170855 30.0 0
1753270192977 31.0 0
1753270214618 32.0 0
1753270279463 35.0 0
1753270344694 38.0 0
1753270388695 40.0 0
1753270432762 42.0 0
1753270584907 49.0 0
1753270607305 50.0 0
1753270651039 52.0 0
1753270716066 55.0 0
1753270780603 58.0 0
1753270997098 68.0 0
1753271061353 71.0 0
1753271234427 79.0 0
