1753269528838 0.59019 1
1753269550211 0.51947 2
1753269571852 0.44825 3
1753269593586 0.37185 4
1753269614884 0.29204 5
1753269636528 0.22613 6
1753269658632 0.17665 7
1753269680488 0.14113 8
1753269702529 0.11491 9
1753269724273 0.09604 10
1753269745682 0.08228 11
1753269766981 0.07184 12
1753269788701 0.06401 13
1753269810228 0.05784 14
1753269832434 0.05205 15
1753269854141 0.04685 16
1753269875654 0.04396 17
1753269897562 0.04161 18
1753269919140 0.03976 19
1753269940474 0.03812 20
1753269962421 0.0368 21
1753269983839 0.03569 22
1753270005836 0.03504 23
1753270027037 0.034 24
1753270048372 0.03324 25
1753270069937 0.03269 26
1753270091525 0.03207 27
1753270113182 0.03158 28
1753270134388 0.03117 29
1753270156458 0.0308 30
1753270178332 0.03041 31
1753270200333 0.03017 32
1753270222015 0.02984 33
1753270243319 0.02949 34
1753270265294 0.02924 35
1753270286849 0.02908 36
1753270309116 0.02883 37
1753270330606 0.02864 38
1753270352182 0.02842 39
1753270373888 0.02827 40
1753270396080 0.02815 41
1753270417841 0.02797 42
1753270440200 0.02782 43
1753270461920 0.02767 44
1753270483633 0.02756 45
1753270505704 0.02747 46
1753270527622 0.02729 47
1753270549360 0.02713 48
1753270570877 0.02705 49
1753270592754 0.02681 50
1753270614706 0.02672 51
1753270636489 0.02663 52
1753270658481 0.02652 53
1753270679665 0.02662 54
1753270701359 0.02634 55
1753270723603 0.02617 56
1753270745054 0.02605 57
1753270766548 0.02598 58
1753270788037 0.02584 59
1753270809970 0.02574 60
1753270831239 0.02566 61
1753270852388 0.02556 62
1753270874205 0.02545 63
1753270895888 0.02534 64
1753270917844 0.02535 65
1753270938940 0.02517 66
1753270960748 0.02499 67
1753270982589 0.01999 68
1753271004568 0.019 69
1753271026061 0.01887 70
1753271047351 0.01889 71
1753271068693 0.01875 72
1753271090048 0.0187 73
1753271111753 0.01875 74
1753271133411 0.01869 75
1753271155203 0.01858 76
1753271176990 0.01859 77
1753271198840 0.0186 78
1753271220324 0.01847 79
1753271241842 0.01849 80
1753271263344 0.01841 81
1753271284988 0.01839 82
1753271306785 0.01842 83
1753271328533 0.0184 84
1753271350452 0.01834 85
1753271372007 0.0183 86
1753271393102 0.01835 87
1753271414203 0.01827 88
1753271436195 0.01836 89
1753271457673 0.01828 90
1753271479439 0.01838 91
1753271501160 0.01824 92
1753271523068 0.0182 93
1753271544890 0.0182 94
1753271566625 0.01818 95
1753271588354 0.0181 96
1753271610079 0.01815 97
1753271631970 0.01812 98
1753271653046 0.01812 99
1753271674529 0.01814 100
1753271696328 0.01807 101
1753271718093 0.01804 102
1753271739993 0.01802 103
1753271761246 0.01801 104
1753271782498 0.01799 105
1753271804332 0.01799 106
1753271826092 0.01797 107
1753271847814 0.01795 108
1753271869774 0.01796 109
1753271891492 0.01789 110
1753271913425 0.01797 111
1753271935039 0.01803 112
1753271956944 0.0179 113
1753271978164 0.01802 114
1753271999745 0.01793 115
1753272020967 0.01787 116
1753272042536 0.01789 117
1753272063999 0.0179 118
1753272085558 0.01803 119
1753272107427 0.01788 120
1753272129264 0.01778 121
1753272151308 0.01777 122
1753272173304 0.01777 123
1753272195060 0.01779 124
1753272216840 0.01779 125
1753272238118 0.01774 126
1753272259815 0.01772 127
1753272281840 0.01772 128
1753272303753 0.01773 129
1753272325313 0.01774 130
1753272347103 0.01771 131
1753272369058 0.01774 132
1753272391009 0.01772 133
1753272413103 0.01768 134
1753272434701 0.01769 135
1753272456785 0.01776 136
1753272478397 0.01765 137
1753272500385 0.01766 138
1753272522213 0.01795 139
1753272544451 0.01767 140
1753272566438 0.01763 141
1753272587930 0.01767 142
1753272609723 0.01761 143
1753272631446 0.0176 144
1753272653026 0.01757 145
1753272674653 0.01758 146
1753272696346 0.01758 147
1753272717861 0.01758 148
1753272739638 0.01758 149
1753272761096 0.01758 150
1753272783270 0.01761 151
1753272804911 0.01756 152
1753272826581 0.01751 153
1753272848146 0.0175 154
1753272869732 0.01754 155
1753272891715 0.01755 156
1753272912876 0.01748 157
1753272934192 0.01758 158
1753272955812 0.01751 159
1753272977491 0.01754 160
1753272998849 0.01747 161
1753273020494 0.01749 162
1753273042480 0.01747 163
1753273063885 0.01743 164
1753273085984 0.01762 165
1753273107230 0.01747 166
1753273128872 0.0174 167
1753273150988 0.01746 168
1753273172176 0.0174 169
1753273193745 0.01743 170
1753273215540 0.01748 171
1753273237286 0.01744 172
1753273259334 0.01741 173
1753273280680 0.01735 174
1753273302235 0.01736 175
1753273324114 0.01734 176
1753273345821 0.01732 177
1753273367387 0.01742 178
1753273389049 0.01735 179
1753273410647 0.01734 180
1753273432811 0.01736 181
1753273454488 0.01741 182
1753273476419 0.01743 183
1753273498355 0.01728 184
1753273519423 0.01735 185
1753273540706 0.01733 186
1753273562516 0.0175 187
1753273584614 0.01732 188
1753273606306 0.01726 189
1753273627790 0.01726 190
1753273650110 0.01731 191
1753273672494 0.01736 192
1753273693912 0.01736 193
1753273715693 0.01724 194
1753273737869 0.01731 195
1753273760143 0.01734 196
1753273781563 0.01741 197
1753273803741 0.01731 198
1753273825914 0.01728 199
1753273847380 0.01724 200
1753273869180 0.01723 201
1753273890875 0.01718 202
1753273912381 0.01722 203
1753273933958 0.01732 204
1753273955964 0.01727 205
1753273977155 0.01717 206
1753273999454 0.01718 207
1753274020910 0.01719 208
1753274042624 0.01718 209
1753274064346 0.0172 210
1753274085861 0.01712 211
1753274107792 0.01716 212
1753274129358 0.01727 213
1753274151181 0.01725 214
1753274172602 0.01712 215
1753274193949 0.01714 216
1753274215979 0.0171 217
1753274237610 0.01712 218
1753274259257 0.01711 219
1753274280569 0.01718 220
1753274302231 0.0172 221
1753274323773 0.01714 222
1753274345977 0.01711 223
1753274367573 0.01711 224
1753274389331 0.01713 225
1753274411520 0.01714 226
1753274433499 0.0171 227
1753274454914 0.01709 228
1753274476381 0.01709 229
1753274498020 0.01709 230
1753274519242 0.01731 231
1753274541341 0.01706 232
1753274563276 0.01704 233
1753274585342 0.01707 234
1753274606697 0.01714 235
1753274628113 0.01705 236
1753274650335 0.01704 237
1753274671895 0.01716 238
1753274693773 0.01708 239
1753274715163 0.01705 240
1753274736828 0.01705 241
1753274758912 0.01711 242
1753274780887 0.01713 243
1753274802590 0.01702 244
1753274824434 0.01704 245
1753274846637 0.01702 246
1753274868674 0.01703 247
1753274890003 0.01699 248
1753274911866 0.01699 249
1753274933819 0.01697 250
1753274955938 0.01699 251
1753274977816 0.01704 252
1753274999645 0.01696 253
1753275021402 0.01714 254
1753275043352 0.01707 255
1753275064790 0.017 256
1753275086756 0.01699 257
1753275108667 0.01697 258
1753275130744 0.01699 259
1753275152535 0.01709 260
1753275174135 0.01714 261
1753275196153 0.01703 262
1753275218240 0.017 263
1753275240115 0.01696 264
1753275262046 0.01699 265
1753275284175 0.01718 266
1753275306181 0.01698 267
1753275328010 0.01697 268
1753275349757 0.01698 269
1753275371336 0.01698 270
1753275393256 0.01697 271
1753275415413 0.01695 272
1753275436829 0.01696 273
1753275458536 0.01712 274
1753275479891 0.0169 275
1753275501785 0.01693 276
1753275523194 0.01706 277
1753275544301 0.01695 278
1753275566359 0.01693 279
1753275588520 0.01691 280
1753275610550 0.01694 281
1753275632645 0.017 282
1753275654201 0.01693 283
1753275676225 0.01692 284
1753275697663 0.01702 285
1753275719260 0.01691 286
1753275740909 0.01687 287
1753275762768 0.01696 288
1753275784315 0.01688 289
1753275806257 0.01694 290
1753275827946 0.01697 291
1753275849804 0.01688 292
1753275871691 0.01695 293
1753275893253 0.01702 294
1753275914929 0.01695 295
1753275937087 0.01711 296
1753275958790 0.01703 297
1753275980584 0.01716 298
1753276002476 0.01694 299
1753276023970 0.01689 300
