1751899353160 1.0 0
1751899366380 2.0 0
1751899378145 3.0 0
1751899389278 4.0 0
1751899400521 5.0 0
1751899411664 6.0 0
1751899422744 7.0 0
1751899434330 8.0 0
1751899447124 9.0 0
1751899461185 10.0 0
1751899474165 11.0 0
1751899487184 12.0 0
1751899499801 13.0 0
1751899512129 14.0 0
1751899524432 15.0 0
1751899536278 16.0 0
1751899547491 17.0 0
1751899558770 18.0 0
1751899569792 19.0 0
1751899580885 20.0 0
1751899591913 21.0 0
1751899602941 22.0 0
1751899613970 23.0 0
1751899625070 24.0 0
1751899636710 25.0 0
1751899649056 26.0 0
1751899661316 27.0 0
1751899673915 28.0 0
1751899697162 30.0 0
1751899708417 31.0 0
1751899719702 32.0 0
1751899730777 33.0 0
1751899741794 34.0 0
1751899752872 35.0 0
1751899763843 36.0 0
1751899775039 37.0 0
1751899786049 38.0 0
1751899798039 39.0 0
1751899810205 40.0 0
1751899822347 41.0 0
1751899834592 42.0 0
1751899846714 43.0 0
1751899857644 44.0 0
1751899868617 45.0 0
1751899879593 46.0 0
1751899890880 47.0 0
1751899901825 48.0 0
1751899912781 49.0 0
1751899923721 50.0 0
1751899945590 52.0 0
1751899957763 53.0 0
1751899970056 54.0 0
1751899982421 55.0 0
1751899994653 56.0 0
1751900006652 57.0 0
1751900017685 58.0 0
1751900028617 59.0 0
1751900039538 60.0 0
1751900050503 61.0 0
1751900061534 62.0 0
1751900072518 63.0 0
1751900094399 65.0 0
1751900105834 66.0 0
1751900118017 67.0 0
1751900130347 68.0 0
1751900166373 71.0 0
1751900177360 72.0 0
1751900188387 73.0 0
1751900199321 74.0 0
1751900221434 76.0 0
1751900232393 77.0 0
1751900254085 79.0 0
1751900289808 82.0 0
1751900302058 83.0 0
1751900314245 84.0 0
1751900369624 89.0 0
1751900391347 91.0 0
1751900436871 95.0 0
1751900474129 98.0 0
1751900540199 104.0 0
1751900596526 109.0 0
1751900608716 110.0 0
1751900677223 116.0 0
