1751899343571 0.55369 1
1751899363379 0.48948 2
1751899375467 0.41516 3
1751899386570 0.36308 4
1751899397819 0.32847 5
1751899408941 0.2989 6
1751899420069 0.27214 7
1751899431330 0.24806 8
1751899443895 0.22581 9
1751899457929 0.20586 10
1751899470950 0.18776 11
1751899484013 0.1717 12
1751899496789 0.15667 13
1751899509103 0.14365 14
1751899521433 0.13206 15
1751899533563 0.12185 16
1751899544793 0.11231 17
1751899556099 0.10398 18
1751899567128 0.09644 19
1751899578222 0.09 20
1751899589253 0.08443 21
1751899600271 0.07859 22
1751899611316 0.07371 23
1751899622411 0.06936 24
1751899633734 0.06567 25
1751899645987 0.06191 26
1751899658341 0.05873 27
1751899670936 0.05562 28
1751899683141 0.05168 29
1751899694506 0.04958 30
1751899705681 0.04706 31
1751899716980 0.04498 32
1751899728119 0.04315 33
1751899739120 0.04159 34
1751899750217 0.04015 35
1751899761194 0.03866 36
1751899772142 0.03745 37
1751899783373 0.03627 38
1751899795111 0.03529 39
1751899807251 0.03447 40
1751899819357 0.03356 41
1751899831629 0.03261 42
1751899844055 0.03182 43
1751899855001 0.03119 44
1751899865960 0.03069 45
1751899876944 0.03006 46
1751899888234 0.02946 47
1751899899179 0.02892 48
1751899910133 0.02831 49
1751899921075 0.02784 50
1751899932036 0.02757 51
1751899942939 0.02724 52
1751899954794 0.02679 53
1751899967100 0.02669 54
1751899979373 0.02606 55
1751899991689 0.02565 56
1751900004002 0.02532 57
1751900015046 0.02534 58
1751900025960 0.02486 59
1751900036898 0.02449 60
1751900047853 0.02441 61
1751900058900 0.02412 62
1751900069825 0.02374 63
1751900080809 0.02356 64
1751900091737 0.02337 65
1751900102984 0.02302 66
1751900115047 0.02303 67
1751900127380 0.02286 68
1751900139620 0.02253 69
1751900151869 0.02238 70
1751900163729 0.02251 71
1751900174697 0.02226 72
1751900185736 0.02216 73
1751900196667 0.02192 74
1751900207683 0.02172 75
1751900218795 0.02146 76
1751900229783 0.02152 77
1751900240611 0.02146 78
1751900251447 0.02126 79
1751900262363 0.02119 80
1751900274428 0.02114 81
1751900286867 0.02087 82
1751900299092 0.02077 83
1751900311287 0.02065 84
1751900323256 0.02071 85
1751900334301 0.02052 86
1751900345185 0.02036 87
1751900356034 0.02043 88
1751900366996 0.02062 89
1751900377835 0.02051 90
1751900388711 0.02034 91
1751900399619 0.02013 92
1751900410482 0.02009 93
1751900421420 0.02009 94
1751900433597 0.01986 95
1751900446335 0.01973 96
1751900458823 0.01962 97
1751900471102 0.01979 98
1751900483073 0.01959 99
1751900494077 0.01947 100
1751900505062 0.01942 101
1751900515894 0.01951 102
1751900526718 0.01933 103
1751900537567 0.01937 104
1751900548647 0.01928 105
1751900559550 0.01925 106
1751900570347 0.01916 107
1751900581273 0.01918 108
1751900593366 0.01886 109
1751900605779 0.01888 110
1751900617952 0.01892 111
1751900630071 0.01883 112
1751900641748 0.01884 113
1751900652644 0.01885 114
1751900663759 0.01876 115
1751900674577 0.01881 116
1751900685571 0.01874 117
1751900696496 0.01856 118
1751900707393 0.01853 119
1751900718263 0.01853 120
1751900729182 0.01857 121
1751900740391 0.0184 122
1751900752543 0.01858 123
1751900764725 0.01843 124
1751900777210 0.01846 125
1751900789316 0.01823 126
