1753243701645 1.0 0
1753243717773 2.0 0
1753243732455 3.0 0
1753243746987 4.0 0
1753243761763 5.0 0
1753243776383 6.0 0
1753243791436 7.0 0
1753243806112 8.0 0
1753243820931 9.0 0
1753243835935 10.0 0
1753243850438 11.0 0
1753243865480 12.0 0
1753243880112 13.0 0
1753243894843 14.0 0
1753243909516 15.0 0
1753243924144 16.0 0
1753243939110 17.0 0
1753243953808 18.0 0
1753243968437 19.0 0
1753243983313 20.0 0
1753243997991 21.0 0
1753244012668 22.0 0
1753244027338 23.0 0
1753244042347 24.0 0
1753244057015 25.0 0
1753244071767 26.0 0
1753244086481 27.0 0
1753244101171 28.0 0
1753244115869 29.0 0
1753244130578 30.0 0
1753244145125 31.0 0
1753244160142 32.0 0
1753244189167 34.0 0
1753244203759 35.0 0
1753244218690 36.0 0
1753244233697 37.0 0
1753244248265 38.0 0
1753244292917 41.0 0
1753244307875 42.0 0
1753244322392 43.0 0
1753244381160 47.0 0
1753244395593 48.0 0
1753244410414 49.0 0
1753244425356 50.0 0
1753244483944 54.0 0
1753244513287 56.0 0
1753244587058 61.0 0
