1753243689364 0.525 1
1753243705243 0.43347 2
1753243721437 0.38035 3
1753243736022 0.33244 4
1753243750637 0.2886 5
1753243765455 0.24697 6
1753243780164 0.21145 7
1753243795103 0.18191 8
1753243809846 0.15698 9
1753243824596 0.13623 10
1753243839525 0.11892 11
1753243854123 0.10455 12
1753243869185 0.09271 13
1753243883719 0.08281 14
1753243898547 0.07456 15
1753243913161 0.06763 16
1753243927799 0.06184 17
1753243942781 0.05684 18
1753243957527 0.05266 19
1753243972135 0.04906 20
1753243987043 0.04592 21
1753244001582 0.04326 22
1753244016271 0.04091 23
1753244030930 0.03885 24
1753244045920 0.03712 25
1753244060697 0.03552 26
1753244075391 0.03409 27
1753244090161 0.03287 28
1753244104806 0.03179 29
1753244119559 0.03081 30
1753244134164 0.02988 31
1753244148746 0.02909 32
1753244163745 0.02842 33
1753244178386 0.02767 34
1753244192679 0.02705 35
1753244207430 0.02658 36
1753244222350 0.02605 37
1753244237367 0.02556 38
1753244251886 0.02517 39
1753244266976 0.0248 40
1753244281932 0.02439 41
1753244296543 0.02407 42
1753244311505 0.02373 43
1753244325957 0.02345 44
1753244340873 0.02323 45
1753244355426 0.02295 46
1753244369986 0.02276 47
1753244384846 0.02251 48
1753244399249 0.02226 49
1753244414039 0.02209 50
1753244429034 0.02191 51
1753244443544 0.02175 52
1753244458223 0.02166 53
1753244472985 0.02144 54
1753244487618 0.02126 55
1753244502330 0.02113 56
1753244517024 0.02105 57
1753244531747 0.02091 58
1753244546398 0.02076 59
1753244561381 0.02064 60
1753244575950 0.02058 61
1753244590726 0.02044 62
1753244605603 0.02036 63
1753244620093 0.0203 64
1753244634669 0.02017 65
1753244649497 0.02012 66
1753244664185 0.02002 67
1753244678939 0.01994 68
1753244693794 0.01983 69
1753244708155 0.01975 70
1753244723090 0.0198 71
1753244737604 0.01969 72
1753244752276 0.01958 73
1753244767129 0.01946 74
1753244781835 0.0194 75
1753244796407 0.01938 76
1753244811137 0.01933 77
1753244825924 0.01931 78
1753244840341 0.01926 79
1753244855003 0.01923 80
1753244869475 0.01914 81
1753244884318 0.01914 82
1753244898968 0.01906 83
1753244913976 0.01902 84
1753244928655 0.01898 85
1753244943302 0.01893 86
1753244957997 0.0189 87
1753244972811 0.01884 88
1753244987473 0.01881 89
1753245002145 0.01883 90
1753245016647 0.01876 91
1753245031341 0.01873 92
1753245045950 0.01875 93
1753245060483 0.01867 94
1753245074971 0.01866 95
1753245089328 0.01856 96
1753245104047 0.01858 97
1753245118803 0.01848 98
1753245134001 0.01847 99
1753245148467 0.01848 100
1753245163112 0.01842 101
1753245177614 0.01838 102
1753245192030 0.01843 103
1753245206917 0.01838 104
1753245221506 0.01835 105
1753245236009 0.01832 106
1753245250764 0.01832 107
1753245265222 0.01826 108
1753245279975 0.01831 109
1753245294513 0.01824 110
1753245309010 0.01825 111
1753245324083 0.01818 112
1753245338877 0.01817 113
1753245353931 0.01813 114
1753245368373 0.0181 115
1753245383072 0.01806 116
1753245397720 0.01807 117
1753245412025 0.01806 118
1753245426864 0.01803 119
1753245441454 0.01803 120
1753245455849 0.01801 121
1753245470576 0.018 122
1753245485044 0.01796 123
1753245499715 0.01797 124
1753245514223 0.01792 125
1753245528692 0.01794 126
1753245543890 0.01788 127
1753245558620 0.01787 128
1753245573297 0.01786 129
1753245587875 0.01787 130
1753245602631 0.01784 131
1753245617137 0.01785 132
1753245631792 0.01778 133
1753245646654 0.01778 134
1753245661026 0.01778 135
1753245675658 0.01775 136
1753245690483 0.01776 137
1753245705456 0.01773 138
1753245720148 0.01769 139
1753245734780 0.01774 140
1753245749485 0.01767 141
1753245764451 0.01767 142
1753245778914 0.01765 143
1753245793751 0.01766 144
1753245808326 0.01767 145
1753245822980 0.01766 146
1753245837668 0.01764 147
1753245852435 0.01759 148
1753245867343 0.01757 149
1753245881799 0.01757 150
1753245896467 0.01755 151
1753245911145 0.01754 152
1753245925722 0.01755 153
1753245940342 0.01754 154
1753245954770 0.01756 155
1753245969454 0.0175 156
1753245984218 0.0175 157
1753245998784 0.01751 158
1753246013754 0.01745 159
1753246028183 0.01746 160
1753246042976 0.01745 161
1753246057388 0.01746 162
1753246071849 0.01748 163
1753246086540 0.01748 164
1753246101257 0.01742 165
1753246115665 0.01739 166
1753246130553 0.01745 167
1753246145062 0.01743 168
1753246159718 0.0174 169
1753246174336 0.01734 170
1753246188986 0.01742 171
1753246203783 0.0174 172
1753246218318 0.01736 173
1753246233360 0.01737 174
1753246247942 0.0174 175
1753246262442 0.01738 176
1753246277111 0.01737 177
1753246292138 0.01736 178
1753246306652 0.01732 179
1753246321349 0.01734 180
1753246335954 0.01728 181
1753246350929 0.01729 182
1753246365645 0.01727 183
1753246380012 0.01723 184
1753246395018 0.01727 185
1753246409540 0.01727 186
1753246424177 0.01725 187
1753246438743 0.01722 188
1753246453210 0.01721 189
1753246467810 0.01719 190
1753246482445 0.01722 191
1753246496979 0.01721 192
1753246511670 0.01724 193
1753246526534 0.01722 194
1753246541032 0.0172 195
1753246555548 0.0172 196
1753246569977 0.01718 197
1753246584711 0.01724 198
1753246599356 0.01719 199
1753246614174 0.01718 200
1753246628626 0.01715 201
1753246643271 0.01717 202
1753246657802 0.01717 203
1753246672545 0.01714 204
1753246687270 0.01714 205
1753246701894 0.01712 206
1753246716694 0.01711 207
1753246731359 0.01708 208
1753246746102 0.01711 209
1753246760915 0.01708 210
1753246775288 0.01711 211
1753246789988 0.01707 212
1753246804789 0.01707 213
1753246819288 0.01706 214
1753246834080 0.01709 215
1753246848741 0.01708 216
1753246863452 0.01705 217
1753246878009 0.01712 218
1753246892568 0.01707 219
1753246907299 0.01704 220
1753246921714 0.01705 221
1753246936298 0.01702 222
1753246950894 0.01708 223
1753246965375 0.01706 224
1753246980088 0.01704 225
1753246994639 0.01702 226
1753247009199 0.01703 227
1753247023859 0.01704 228
1753247038439 0.017 229
1753247053289 0.01706 230
1753247067937 0.017 231
1753247082515 0.017 232
1753247096952 0.01698 233
1753247111643 0.01701 234
1753247126610 0.01696 235
1753247141202 0.01693 236
1753247156007 0.017 237
1753247171070 0.01697 238
1753247185638 0.01697 239
1753247200277 0.01696 240
1753247214980 0.01696 241
1753247229398 0.01692 242
1753247244134 0.01696 243
1753247258592 0.01696 244
1753247273223 0.01696 245
1753247287890 0.01695 246
1753247302656 0.0169 247
1753247317229 0.01694 248
1753247331847 0.01693 249
1753247346860 0.01693 250
1753247361503 0.01695 251
1753247376195 0.0169 252
1753247391013 0.01695 253
1753247405721 0.01693 254
1753247420534 0.0169 255
1753247435100 0.01697 256
1753247449837 0.0169 257
1753247464409 0.01691 258
1753247479046 0.01691 259
1753247493595 0.01689 260
1753247508304 0.01693 261
1753247522914 0.01685 262
1753247537459 0.01688 263
1753247552511 0.0169 264
1753247567179 0.01687 265
1753247581701 0.01688 266
1753247596319 0.01688 267
1753247610659 0.0169 268
1753247625527 0.01689 269
1753247640148 0.01682 270
1753247654919 0.01689 271
1753247669595 0.0169 272
1753247684098 0.01686 273
1753247698688 0.01685 274
1753247713154 0.01686 275
1753247728137 0.01685 276
1753247742587 0.01686 277
1753247757286 0.01684 278
1753247771953 0.01687 279
1753247786525 0.01683 280
1753247801161 0.01686 281
1753247815665 0.01683 282
1753247830222 0.01684 283
1753247844939 0.01681 284
1753247859503 0.0168 285
1753247873959 0.01684 286
1753247888590 0.01685 287
1753247903216 0.01684 288
1753247917806 0.01682 289
1753247932363 0.01682 290
1753247947398 0.0168 291
1753247962141 0.01681 292
1753247976631 0.01681 293
1753247991596 0.01681 294
1753248005983 0.01674 295
1753248020629 0.01681 296
1753248035304 0.01677 297
1753248049958 0.01676 298
1753248064928 0.01678 299
1753248079372 0.01681 300
