1752857963382 1.0 0
1752857998903 2.0 0
1752858035075 3.0 0
1752858070719 4.0 0
1752858105975 5.0 0
1752858140990 6.0 0
1752858177295 7.0 0
1752858212117 8.0 0
1752858247596 9.0 0
1752858282933 10.0 0
1752858320058 11.0 0
1752858356653 12.0 0
1752858392450 13.0 0
1752858427541 14.0 0
1752858464154 15.0 0
1752858500305 16.0 0
1752858536210 17.0 0
1752858571473 18.0 0
1752858607041 19.0 0
1752858643087 20.0 0
1752858678759 21.0 0
1752858714046 22.0 0
1752858749555 23.0 0
1752858785164 24.0 0
1752858820180 25.0 0
1752858856287 26.0 0
1752858892129 27.0 0
1752858927944 28.0 0
1752858964339 29.0 0
1752859000678 30.0 0
1752859036767 31.0 0
1752859072136 32.0 0
1752859107512 33.0 0
1752859143171 34.0 0
1752859179122 35.0 0
1752859214898 36.0 0
1752859250376 37.0 0
1752859358170 40.0 0
1752859394366 41.0 0
1752859430047 42.0 0
1752859465109 43.0 0
1752859537459 45.0 0
1752859715929 50.0 0
1752859751446 51.0 0
1752859859643 54.0 0
1752859894920 55.0 0
1752859931211 56.0 0
1752859966618 57.0 0
1752860108969 61.0 0
1752860144136 62.0 0
1752860502523 72.0 0
1752860608301 75.0 0
