1752857938075 0.75577 1
1752857974196 0.68258 2
1752858009807 0.64294 3
1752858045914 0.60593 4
1752858081480 0.56498 5
1752858116856 0.49027 6
1752858151968 0.38044 7
1752858188115 0.29336 8
1752858222998 0.22678 9
1752858258623 0.17795 10
1752858294030 0.14242 11
1752858331143 0.11734 12
1752858367567 0.09887 13
1752858403316 0.08514 14
1752858438572 0.07481 15
1752858475129 0.06688 16
1752858511295 0.06069 17
1752858547080 0.05556 18
1752858582475 0.05166 19
1752858618009 0.04815 20
1752858654051 0.04547 21
1752858689647 0.04306 22
1752858725171 0.0412 23
1752858760496 0.03941 24
1752858796187 0.03815 25
1752858831270 0.03679 26
1752858867286 0.0357 27
1752858903098 0.0347 28
1752858938983 0.03388 29
1752858975110 0.03315 30
1752859011983 0.03254 31
1752859047738 0.03197 32
1752859083091 0.03142 33
1752859118673 0.03096 34
1752859154362 0.03051 35
1752859190169 0.03011 36
1752859226065 0.02967 37
1752859261370 0.02944 38
1752859297373 0.02915 39
1752859334317 0.02897 40
1752859369168 0.02862 41
1752859405554 0.02832 42
1752859441212 0.02831 43
1752859476209 0.02802 44
1752859512083 0.02786 45
1752859548580 0.02752 46
1752859584858 0.02738 47
1752859620908 0.02717 48
1752859656411 0.02698 49
1752859691372 0.02685 50
1752859726941 0.02672 51
1752859762458 0.02675 52
1752859798260 0.02656 53
1752859833692 0.02649 54
1752859870559 0.02642 55
1752859905988 0.02622 56
1752859942236 0.02613 57
1752859977808 0.02604 58
1752860013493 0.02603 59
1752860049067 0.02582 60
1752860084512 0.02585 61
1752860119891 0.02564 62
1752860155282 0.02558 63
1752860191169 0.02566 64
1752860226808 0.02559 65
1752860262637 0.02537 66
1752860298442 0.02525 67
1752860334265 0.02514 68
1752860369543 0.0252 69
1752860405499 0.02531 70
1752860441351 0.02507 71
1752860477046 0.02395 72
1752860513567 0.01997 73
1752860548557 0.01974 74
1752860584005 0.01976 75
1752860619381 0.01969 76
1752860655385 0.01987 77
1752860690854 0.0195 78
1752860726739 0.01949 79
1752860762653 0.01942 80
1752860798329 0.01944 81
1752860834769 0.0197 82
1752860870387 0.01961 83
1752860907388 0.01945 84
1752860942598 0.01943 85
