1753341929245 0.4525 1
1753341971576 0.26979 2
1753342012297 0.16131 3
1753342052939 0.1022 4
1753342093514 0.07104 5
1753342134078 0.05384 6
1753342174755 0.04363 7
1753342215505 0.03717 8
1753342258167 0.03265 9
1753342300384 0.02932 10
1753342342167 0.02715 11
1753342384647 0.02562 12
1753342426737 0.02445 13
1753342468657 0.02351 14
1753342510800 0.02279 15
1753342552913 0.02216 16
1753342595032 0.02167 17
1753342636822 0.02125 18
1753342678890 0.02093 19
1753342720913 0.02065 20
1753342763857 0.02039 21
1753342806031 0.02018 22
1753342848719 0.01997 23
1753342890657 0.01981 24
1753342933664 0.01963 25
1753342976343 0.01951 26
1753343019091 0.01938 27
1753343061957 0.01928 28
1753343105304 0.01918 29
1753343147957 0.01906 30
1753343191448 0.019 31
1753343233552 0.01891 32
1753343276557 0.01886 33
1753343319503 0.01879 34
1753343361994 0.01872 35
1753343404943 0.01867 36
1753343447300 0.01861 37
1753343490352 0.01858 38
1753343532836 0.01855 39
1753343574817 0.01847 40
1753343617297 0.01843 41
1753343659325 0.01838 42
1753343701245 0.01838 43
1753343743627 0.01833 44
1753343785680 0.01815 45
1753343827497 0.01804 46
1753343869349 0.01801 47
1753343912140 0.018 48
1753343954370 0.01798 49
1753343996715 0.01798 50
1753344039339 0.01796 51
1753344082078 0.01793 52
1753344124093 0.01793 53
1753344166709 0.01785 54
1753344208662 0.01786 55
1753344251081 0.01784 56
1753344293339 0.01784 57
1753344335998 0.01784 58
1753344378675 0.01784 59
1753344421405 0.01783 60
1753344463862 0.01782 61
1753344506278 0.0178 62
1753344548985 0.01778 63
1753344592034 0.01782 64
1753344634507 0.01778 65
1753344677219 0.01778 66
1753344720302 0.01779 67
1753344762944 0.01782 68
1753344805639 0.0178 69
1753344848394 0.01778 70
1753344890022 0.01778 71
1753344932552 0.0178 72
1753344975436 0.01779 73
1753345018091 0.01779 74
1753345060792 0.0178 75
1753345102931 0.0178 76
1753345145570 0.01778 77
1753345188135 0.01778 78
1753345231030 0.0178 79
1753345273481 0.0178 80
1753345316651 0.01779 81
1753345359425 0.01776 82
1753345402957 0.01782 83
1753345445312 0.01778 84
1753345487644 0.01779 85
1753345530327 0.01781 86
1753345573494 0.01778 87
1753345616495 0.01777 88
1753345659819 0.01776 89
1753345703237 0.01778 90
1753345746651 0.0178 91
1753345789112 0.01779 92
1753345832429 0.01778 93
1753345875664 0.01778 94
1753345918994 0.01778 95
1753345961861 0.01779 96
1753346004673 0.01779 97
1753346047499 0.01778 98
1753346089521 0.01779 99
1753346131239 0.01778 100
1753346173564 0.01777 101
1753346216798 0.01779 102
1753346259926 0.01778 103
1753346302047 0.01778 104
1753346344695 0.01779 105
1753346387706 0.01777 106
1753346431045 0.01777 107
1753346473030 0.01776 108
1753346514789 0.01777 109
1753346556964 0.01776 110
1753346599281 0.01778 111
1753346641467 0.01775 112
1753346684606 0.01774 113
1753346726822 0.01779 114
1753346769800 0.0178 115
1753346812653 0.01779 116
1753346855273 0.01776 117
1753346897929 0.01777 118
1753346940543 0.01776 119
1753346982762 0.01779 120
1753347025394 0.01779 121
1753347068013 0.01777 122
1753347110517 0.01779 123
1753347153020 0.01776 124
1753347195064 0.01779 125
1753347237738 0.01775 126
1753347280559 0.01777 127
1753347323747 0.01776 128
1753347366600 0.01781 129
1753347409933 0.01776 130
1753347452834 0.01778 131
1753347496403 0.01776 132
1753347539588 0.01776 133
1753347582884 0.01777 134
1753347625623 0.01778 135
1753347668046 0.01777 136
1753347711416 0.01777 137
1753347754628 0.01777 138
1753347798106 0.01776 139
1753347840789 0.0178 140
1753347884233 0.01778 141
1753347926498 0.01776 142
1753347969220 0.01777 143
1753348012757 0.01774 144
1753348054924 0.01778 145
1753348098193 0.01778 146
1753348141444 0.01774 147
1753348184614 0.01776 148
1753348227815 0.01774 149
1753348270517 0.01777 150
1753348313773 0.01777 151
1753348356416 0.01779 152
1753348399216 0.01776 153
1753348441717 0.01775 154
1753348484418 0.01774 155
1753348526785 0.01776 156
1753348569234 0.01775 157
1753348611599 0.01775 158
1753348654518 0.01777 159
1753348697262 0.01778 160
1753348739801 0.01776 161
1753348782447 0.01776 162
1753348825182 0.01776 163
1753348867843 0.01776 164
1753348910583 0.01775 165
1753348954083 0.01778 166
1753348996093 0.01776 167
1753349038575 0.01777 168
1753349080553 0.01776 169
1753349122984 0.01775 170
1753349165798 0.01777 171
1753349208562 0.01777 172
1753349250514 0.01776 173
1753349292306 0.01777 174
1753349334157 0.01776 175
1753349376402 0.01774 176
1753349418275 0.01775 177
1753349460297 0.01776 178
1753349502175 0.01775 179
1753349543422 0.01776 180
1753349584996 0.01774 181
1753349626481 0.01774 182
1753349668501 0.01775 183
1753349710429 0.01776 184
1753349752662 0.01775 185
1753349794625 0.01776 186
1753349836921 0.01776 187
1753349879108 0.01775 188
1753349920471 0.01776 189
1753349962529 0.01774 190
1753350005151 0.01779 191
1753350048175 0.01775 192
1753350091596 0.01775 193
1753350133546 0.01776 194
1753350176797 0.01778 195
1753350219096 0.01776 196
1753350261935 0.01775 197
1753350304189 0.01775 198
1753350347103 0.01772 199
1753350390397 0.01775 200
1753350433087 0.01774 201
1753350476080 0.01775 202
1753350518857 0.01774 203
1753350561631 0.01775 204
1753350604724 0.01774 205
1753350647493 0.01776 206
1753350690056 0.01775 207
1753350733139 0.01775 208
1753350776108 0.01776 209
1753350818611 0.01776 210
1753350861252 0.01776 211
1753350904344 0.01775 212
1753350947287 0.01776 213
1753350989284 0.01778 214
1753351031558 0.01774 215
1753351073690 0.01776 216
1753351116069 0.01775 217
1753351157937 0.01774 218
1753351200344 0.01774 219
1753351243230 0.01775 220
1753351286313 0.01775 221
1753351329279 0.01773 222
1753351372397 0.01777 223
1753351415831 0.01775 224
1753351458438 0.01775 225
1753351501146 0.01774 226
1753351543549 0.01774 227
1753351586284 0.01772 228
1753351629294 0.01775 229
1753351671896 0.01776 230
1753351715041 0.01774 231
1753351757977 0.01773 232
1753351801059 0.01772 233
1753351843889 0.01776 234
1753351886830 0.01775 235
1753351929654 0.01776 236
1753351972785 0.01774 237
1753352015596 0.01773 238
1753352059030 0.01774 239
1753352102503 0.01775 240
1753352145842 0.01773 241
1753352188716 0.01774 242
1753352231927 0.01772 243
1753352275411 0.01776 244
1753352318491 0.01772 245
1753352362122 0.01775 246
1753352404491 0.01773 247
1753352447665 0.01775 248
1753352490069 0.01776 249
1753352532231 0.01772 250
1753352574687 0.01774 251
1753352617022 0.01773 252
1753352659247 0.01775 253
1753352701332 0.01771 254
1753352744218 0.01772 255
1753352786746 0.01773 256
1753352829520 0.01774 257
1753352872724 0.01773 258
1753352916282 0.01776 259
1753352959022 0.01776 260
1753353002012 0.01774 261
1753353045123 0.01773 262
1753353087866 0.01772 263
1753353130699 0.01772 264
1753353173608 0.01773 265
1753353216510 0.01774 266
1753353259165 0.01775 267
1753353302175 0.01773 268
1753353345168 0.01774 269
1753353388300 0.01774 270
1753353431045 0.01771 271
1753353473815 0.01771 272
1753353515963 0.01774 273
1753353558731 0.01772 274
1753353601656 0.01773 275
1753353644772 0.01772 276
1753353687516 0.01771 277
1753353730942 0.01771 278
1753353774121 0.01775 279
1753353816862 0.01769 280
1753353860744 0.01774 281
1753353902885 0.01772 282
1753353945635 0.01773 283
1753353988791 0.01774 284
1753354031792 0.01771 285
1753354075108 0.01773 286
1753354118530 0.01769 287
1753354161235 0.01772 288
1753354203836 0.01772 289
1753354245945 0.01772 290
1753354288480 0.01771 291
1753354330999 0.01773 292
1753354374159 0.01771 293
1753354416960 0.01773 294
1753354459969 0.01771 295
1753354503466 0.01773 296
1753354546629 0.01773 297
1753354589419 0.01773 298
1753354632336 0.01772 299
1753354675216 0.01772 300
