1753341947632 0.0010000000474974513 1
1753341988437 0.0010000000474974513 2
1753342029045 0.0010000000474974513 3
1753342069576 0.0010000000474974513 4
1753342110178 0.0010000000474974513 5
1753342150866 0.0010000000474974513 6
1753342191550 0.0010000000474974513 7
1753342233572 0.0010000000474974513 8
1753342275385 0.0010000000474974513 9
1753342317107 0.0010000000474974513 10
1753342359591 0.0010000000474974513 11
1753342401674 0.0010000000474974513 12
1753342443562 0.0010000000474974513 13
1753342485615 0.0010000000474974513 14
1753342527832 0.0010000000474974513 15
1753342569863 0.0010000000474974513 16
1753342611813 0.0010000000474974513 17
1753342653760 0.0010000000474974513 18
1753342695749 0.0010000000474974513 19
1753342738387 0.0010000000474974513 20
1753342780700 0.0010000000474974513 21
1753342823624 0.0010000000474974513 22
1753342865551 0.0010000000474974513 23
1753342908414 0.0010000000474974513 24
1753342951449 0.0010000000474974513 25
1753342993969 0.0010000000474974513 26
1753343036759 0.0010000000474974513 27
1753343079593 0.0010000000474974513 28
1753343123103 0.0010000000474974513 29
1753343166473 0.0010000000474974513 30
1753343208308 0.0010000000474974513 31
1753343251389 0.0010000000474974513 32
1753343294318 0.0010000000474974513 33
1753343336791 0.0010000000474974513 34
1753343379981 0.0010000000474974513 35
1753343422206 0.0010000000474974513 36
1753343465127 0.0010000000474974513 37
1753343507978 0.0010000000474974513 38
1753343549496 0.0010000000474974513 39
1753343592239 0.0010000000474974513 40
1753343634176 0.0010000000474974513 41
1753343676453 0.0010000000474974513 42
1753343718298 0.0010000000474974513 43
1753343760531 0.00020000000949949026 44
1753343802741 0.00020000000949949026 45
1753343844396 0.00020000000949949026 46
1753343887139 0.00020000000949949026 47
1753343929396 0.00020000000949949026 48
1753343971940 0.00020000000949949026 49
1753344014255 0.00020000000949949026 50
1753344056922 0.00020000000949949026 51
1753344099184 0.00020000000949949026 52
1753344141640 4.0000002627493814e-05 53
1753344183560 4.0000002627493814e-05 54
1753344226140 4.0000002627493814e-05 55
1753344268473 4.0000002627493814e-05 56
1753344310884 4.0000002627493814e-05 57
1753344353586 4.0000002627493814e-05 58
1753344396262 4.0000002627493814e-05 59
1753344438625 4.0000002627493814e-05 60
1753344481436 4.0000002627493814e-05 61
1753344523825 8.000000889296643e-06 62
1753344567211 8.000000889296643e-06 63
1753344609346 8.000000889296643e-06 64
1753344652188 8.000000889296643e-06 65
1753344694944 8.000000889296643e-06 66
1753344737977 8.000000889296643e-06 67
1753344780634 8.000000889296643e-06 68
1753344823244 8.000000889296643e-06 69
1753344865112 8.000000889296643e-06 70
1753344907641 1.6000001323845936e-06 71
1753344950219 1.6000001323845936e-06 72
1753344993414 1.6000001323845936e-06 73
1753345035801 1.6000001323845936e-06 74
1753345077776 1.6000001323845936e-06 75
1753345120506 1.6000001323845936e-06 76
1753345163036 1.6000001323845936e-06 77
1753345205714 1.6000001323845936e-06 78
1753345248575 1.6000001323845936e-06 79
1753345291788 9.999999974752427e-07 80
1753345334283 9.999999974752427e-07 81
1753345378081 9.999999974752427e-07 82
1753345420395 9.999999974752427e-07 83
1753345462729 9.999999974752427e-07 84
1753345505447 9.999999974752427e-07 85
1753345548345 9.999999974752427e-07 86
1753345591770 9.999999974752427e-07 87
1753345634800 9.999999974752427e-07 88
1753345678129 9.999999974752427e-07 89
1753345721475 9.999999974752427e-07 90
1753345764195 9.999999974752427e-07 91
1753345807443 9.999999974752427e-07 92
1753345850736 9.999999974752427e-07 93
1753345893609 9.999999974752427e-07 94
1753345936767 9.999999974752427e-07 95
1753345979723 9.999999974752427e-07 96
1753346022528 9.999999974752427e-07 97
1753346064423 9.999999974752427e-07 98
1753346106399 9.999999974752427e-07 99
1753346148388 9.999999974752427e-07 100
1753346191852 9.999999974752427e-07 101
1753346234995 9.999999974752427e-07 102
1753346276952 9.999999974752427e-07 103
1753346319709 9.999999974752427e-07 104
1753346362826 9.999999974752427e-07 105
1753346406335 9.999999974752427e-07 106
1753346447938 9.999999974752427e-07 107
1753346489882 9.999999974752427e-07 108
1753346532098 9.999999974752427e-07 109
1753346574400 9.999999974752427e-07 110
1753346616294 9.999999974752427e-07 111
1753346659624 9.999999974752427e-07 112
1753346701887 9.999999974752427e-07 113
1753346744851 9.999999974752427e-07 114
1753346787661 9.999999974752427e-07 115
1753346830159 9.999999974752427e-07 116
1753346872815 9.999999974752427e-07 117
1753346915749 9.999999974752427e-07 118
1753346958159 9.999999974752427e-07 119
1753347000199 9.999999974752427e-07 120
1753347042950 9.999999974752427e-07 121
1753347085625 9.999999974752427e-07 122
1753347127995 9.999999974752427e-07 123
1753347170089 9.999999974752427e-07 124
1753347212585 9.999999974752427e-07 125
1753347255347 9.999999974752427e-07 126
1753347298901 9.999999974752427e-07 127
1753347341494 9.999999974752427e-07 128
1753347384832 9.999999974752427e-07 129
1753347428158 9.999999974752427e-07 130
1753347471449 9.999999974752427e-07 131
1753347514682 9.999999974752427e-07 132
1753347557904 9.999999974752427e-07 133
1753347600547 9.999999974752427e-07 134
1753347643223 9.999999974752427e-07 135
1753347686372 9.999999974752427e-07 136
1753347729718 9.999999974752427e-07 137
1753347772912 9.999999974752427e-07 138
1753347815922 9.999999974752427e-07 139
1753347859072 9.999999974752427e-07 140
1753347901388 9.999999974752427e-07 141
1753347944076 9.999999974752427e-07 142
1753347987841 9.999999974752427e-07 143
1753348030305 9.999999974752427e-07 144
1753348073208 9.999999974752427e-07 145
1753348116439 9.999999974752427e-07 146
1753348159771 9.999999974752427e-07 147
1753348202890 9.999999974752427e-07 148
1753348245526 9.999999974752427e-07 149
1753348288866 9.999999974752427e-07 150
1753348331336 9.999999974752427e-07 151
1753348373971 9.999999974752427e-07 152
1753348416841 9.999999974752427e-07 153
1753348459313 9.999999974752427e-07 154
1753348502043 9.999999974752427e-07 155
1753348544388 9.999999974752427e-07 156
1753348586869 9.999999974752427e-07 157
1753348629184 9.999999974752427e-07 158
1753348672162 9.999999974752427e-07 159
1753348714893 9.999999974752427e-07 160
1753348757423 9.999999974752427e-07 161
1753348800021 9.999999974752427e-07 162
1753348842867 9.999999974752427e-07 163
1753348885479 9.999999974752427e-07 164
1753348928893 9.999999974752427e-07 165
1753348970965 9.999999974752427e-07 166
1753349013590 9.999999974752427e-07 167
1753349055420 9.999999974752427e-07 168
1753349098125 9.999999974752427e-07 169
1753349140427 9.999999974752427e-07 170
1753349183435 9.999999974752427e-07 171
1753349225407 9.999999974752427e-07 172
1753349267259 9.999999974752427e-07 173
1753349309188 9.999999974752427e-07 174
1753349352272 9.999999974752427e-07 175
1753349393937 9.999999974752427e-07 176
1753349435897 9.999999974752427e-07 177
1753349477849 9.999999974752427e-07 178
1753349518949 9.999999974752427e-07 179
1753349560465 9.999999974752427e-07 180
1753349601807 9.999999974752427e-07 181
1753349644376 9.999999974752427e-07 182
1753349686006 9.999999974752427e-07 183
1753349727942 9.999999974752427e-07 184
1753349770150 9.999999974752427e-07 185
1753349812151 9.999999974752427e-07 186
1753349854458 9.999999974752427e-07 187
1753349895937 9.999999974752427e-07 188
1753349938022 9.999999974752427e-07 189
1753349980185 9.999999974752427e-07 190
1753350023176 9.999999974752427e-07 191
1753350066438 9.999999974752427e-07 192
1753350108431 9.999999974752427e-07 193
1753350151242 9.999999974752427e-07 194
1753350194346 9.999999974752427e-07 195
1753350236669 9.999999974752427e-07 196
1753350279336 9.999999974752427e-07 197
1753350321819 9.999999974752427e-07 198
1753350365044 9.999999974752427e-07 199
1753350408064 9.999999974752427e-07 200
1753350451016 9.999999974752427e-07 201
1753350493691 9.999999974752427e-07 202
1753350536061 9.999999974752427e-07 203
1753350579307 9.999999974752427e-07 204
1753350622317 9.999999974752427e-07 205
1753350665014 9.999999974752427e-07 206
1753350707892 9.999999974752427e-07 207
1753350750940 9.999999974752427e-07 208
1753350793695 9.999999974752427e-07 209
1753350836246 9.999999974752427e-07 210
1753350879465 9.999999974752427e-07 211
1753350922176 9.999999974752427e-07 212
1753350964807 9.999999974752427e-07 213
1753351007038 9.999999974752427e-07 214
1753351049325 9.999999974752427e-07 215
1753351091470 9.999999974752427e-07 216
1753351133627 9.999999974752427e-07 217
1753351175443 9.999999974752427e-07 218
1753351218134 9.999999974752427e-07 219
1753351261072 9.999999974752427e-07 220
1753351304115 9.999999974752427e-07 221
1753351347588 9.999999974752427e-07 222
1753351390350 9.999999974752427e-07 223
1753351433395 9.999999974752427e-07 224
1753351475789 9.999999974752427e-07 225
1753351518060 9.999999974752427e-07 226
1753351561215 9.999999974752427e-07 227
1753351604158 9.999999974752427e-07 228
1753351646640 9.999999974752427e-07 229
1753351689698 9.999999974752427e-07 230
1753351732891 9.999999974752427e-07 231
1753351776078 9.999999974752427e-07 232
1753351818568 9.999999974752427e-07 233
1753351861619 9.999999974752427e-07 234
1753351904602 9.999999974752427e-07 235
1753351947431 9.999999974752427e-07 236
1753351990605 9.999999974752427e-07 237
1753352033899 9.999999974752427e-07 238
1753352077325 9.999999974752427e-07 239
1753352120838 9.999999974752427e-07 240
1753352163682 9.999999974752427e-07 241
1753352207062 9.999999974752427e-07 242
1753352250175 9.999999974752427e-07 243
1753352293635 9.999999974752427e-07 244
1753352336596 9.999999974752427e-07 245
1753352379757 9.999999974752427e-07 246
1753352422041 9.999999974752427e-07 247
1753352464624 9.999999974752427e-07 248
1753352507465 9.999999974752427e-07 249
1753352550036 9.999999974752427e-07 250
1753352592492 9.999999974752427e-07 251
1753352634817 9.999999974752427e-07 252
1753352677045 9.999999974752427e-07 253
1753352719189 9.999999974752427e-07 254
1753352762531 9.999999974752427e-07 255
1753352805019 9.999999974752427e-07 256
1753352847454 9.999999974752427e-07 257
1753352890998 9.999999974752427e-07 258
1753352934123 9.999999974752427e-07 259
1753352977139 9.999999974752427e-07 260
1753353019639 9.999999974752427e-07 261
1753353062770 9.999999974752427e-07 262
1753353105653 9.999999974752427e-07 263
1753353148304 9.999999974752427e-07 264
1753353191293 9.999999974752427e-07 265
1753353234203 9.999999974752427e-07 266
1753353277129 9.999999974752427e-07 267
1753353319773 9.999999974752427e-07 268
1753353362991 9.999999974752427e-07 269
1753353405953 9.999999974752427e-07 270
1753353448644 9.999999974752427e-07 271
1753353490714 9.999999974752427e-07 272
1753353533478 9.999999974752427e-07 273
1753353576435 9.999999974752427e-07 274
1753353619380 9.999999974752427e-07 275
1753353662456 9.999999974752427e-07 276
1753353705680 9.999999974752427e-07 277
1753353748652 9.999999974752427e-07 278
1753353791661 9.999999974752427e-07 279
1753353835433 9.999999974752427e-07 280
1753353877954 9.999999974752427e-07 281
1753353920575 9.999999974752427e-07 282
1753353963342 9.999999974752427e-07 283
1753354006593 9.999999974752427e-07 284
1753354050094 9.999999974752427e-07 285
1753354093362 9.999999974752427e-07 286
1753354136246 9.999999974752427e-07 287
1753354178909 9.999999974752427e-07 288
1753354220991 9.999999974752427e-07 289
1753354262912 9.999999974752427e-07 290
1753354305745 9.999999974752427e-07 291
1753354349240 9.999999974752427e-07 292
1753354391735 9.999999974752427e-07 293
1753354434901 9.999999974752427e-07 294
1753354478252 9.999999974752427e-07 295
1753354521657 9.999999974752427e-07 296
1753354564242 9.999999974752427e-07 297
1753354607017 9.999999974752427e-07 298
1753354649911 9.999999974752427e-07 299
1753354692800 9.999999974752427e-07 300
