1753283917373 1.0 0
1753283946951 2.0 0
1753283977030 3.0 0
1753284006916 4.0 0
1753284036495 5.0 0
1753284066046 6.0 0
1753284095462 7.0 0
1753284125131 8.0 0
1753284155207 9.0 0
1753284184864 10.0 0
1753284214475 11.0 0
1753284244363 12.0 0
1753284273810 13.0 0
1753284303876 14.0 0
1753284333982 15.0 0
1753284363784 16.0 0
1753284393985 17.0 0
1753284423945 18.0 0
1753284454163 19.0 0
1753284484629 20.0 0
1753284514758 21.0 0
1753284544243 22.0 0
1753284574360 23.0 0
1753284604033 24.0 0
1753284634715 25.0 0
1753284665083 26.0 0
1753284695313 27.0 0
1753284724705 28.0 0
1753284755036 29.0 0
1753284785139 30.0 0
1753284815407 31.0 0
1753284845418 32.0 0
1753284875668 33.0 0
1753284905919 34.0 0
1753284935414 35.0 0
1753284964934 36.0 0
1753284994648 37.0 0
1753285113977 41.0 0
1753285385686 50.0 0
1753285475969 53.0 0
1753285507107 54.0 0
