1753283900018 0.76758 1
1753283930064 0.63787 2
1753283959720 0.52728 3
1753283989792 0.42291 4
1753284019681 0.32925 5
1753284049181 0.25572 6
1753284078694 0.20036 7
1753284108209 0.1592 8
1753284137777 0.12891 9
1753284167947 0.10645 10
1753284197583 0.08968 11
1753284227219 0.0769 12
1753284256981 0.06708 13
1753284286395 0.05943 14
1753284316469 0.0533 15
1753284346618 0.04841 16
1753284376395 0.04444 17
1753284406574 0.04044 18
1753284436546 0.03636 19
1753284466858 0.03411 20
1753284497232 0.03237 21
1753284527338 0.03084 22
1753284556902 0.02956 23
1753284586940 0.0285 24
1753284616784 0.02752 25
1753284647429 0.02669 26
1753284677798 0.02596 27
1753284707910 0.02533 28
1753284737356 0.02477 29
1753284767643 0.02424 30
1753284797753 0.02376 31
1753284828004 0.02339 32
1753284858012 0.02306 33
1753284888269 0.02267 34
1753284918507 0.02236 35
1753284948013 0.0221 36
1753284977581 0.02185 37
1753285007240 0.02158 38
1753285036665 0.02144 39
1753285066488 0.0212 40
1753285096501 0.021 41
1753285126624 0.02086 42
1753285157089 0.02069 43
1753285187361 0.02058 44
1753285217172 0.02036 45
1753285247017 0.02028 46
1753285276976 0.02015 47
1753285307204 0.02001 48
1753285337190 0.01992 49
1753285367946 0.01983 50
1753285398338 0.0197 51
1753285427801 0.01961 52
1753285458322 0.01956 53
1753285488657 0.01946 54
1753285519744 0.01934 55
1753285549345 0.01935 56
1753285578784 0.01927 57
1753285608497 0.01918 58
1753285638590 0.01906 59
1753285668215 0.01906 60
1753285698322 0.01903 61
1753285728147 0.01891 62
1753285757848 0.01885 63
1753285787328 0.0188 64
1753285817505 0.01874 65
1753285847794 0.01875 66
1753285877866 0.01865 67
1753285907741 0.01867 68
1753285937857 0.01861 69
1753285967855 0.01858 70
1753285997840 0.0185 71
1753286028131 0.01848 72
1753286058267 0.01845 73
1753286087752 0.01841 74
1753286117245 0.0184 75
1753286147236 0.01833 76
1753286176937 0.01828 77
1753286206974 0.01824 78
1753286236978 0.01821 79
1753286266620 0.0182 80
1753286297102 0.01818 81
1753286326816 0.01809 82
1753286356752 0.01808 83
1753286386766 0.01809 84
1753286416596 0.01805 85
1753286446886 0.01804 86
1753286477110 0.01804 87
1753286507114 0.01797 88
1753286537003 0.01791 89
1753286566910 0.01793 90
1753286597170 0.01793 91
1753286627182 0.0179 92
1753286657926 0.01789 93
1753286688590 0.01778 94
1753286718860 0.01785 95
1753286749520 0.0178 96
1753286779560 0.0177 97
1753286810250 0.01777 98
1753286839504 0.01774 99
1753286869001 0.01771 100
1753286899024 0.01768 101
1753286929252 0.01771 102
1753286959825 0.01769 103
1753286989986 0.01762 104
1753287020281 0.01763 105
1753287050768 0.0176 106
1753287081170 0.01763 107
1753287111090 0.01753 108
1753287142157 0.01758 109
1753287171624 0.01754 110
1753287201655 0.01755 111
1753287232319 0.0175 112
1753287261834 0.01751 113
1753287291787 0.01749 114
1753287322821 0.01751 115
1753287352884 0.01746 116
1753287382621 0.01742 117
1753287413293 0.01743 118
1753287443968 0.01739 119
1753287473517 0.01741 120
1753287504155 0.0174 121
1753287533991 0.01739 122
1753287564728 0.01738 123
1753287594220 0.01737 124
1753287625132 0.0173 125
1753287655580 0.01733 126
1753287685372 0.01731 127
1753287716348 0.01734 128
1753287746414 0.01726 129
1753287776037 0.01734 130
1753287805462 0.01734 131
1753287835355 0.01728 132
1753287865356 0.01725 133
1753287894815 0.01723 134
1753287925757 0.01725 135
1753287955285 0.01727 136
1753287985369 0.01721 137
1753288015372 0.0172 138
1753288046200 0.0172 139
1753288076331 0.01718 140
1753288107011 0.01713 141
1753288136580 0.01718 142
1753288166259 0.01715 143
1753288195900 0.01715 144
1753288226168 0.01715 145
1753288255773 0.01715 146
1753288285971 0.01713 147
1753288315664 0.01717 148
1753288346112 0.01713 149
1753288376313 0.01713 150
1753288407167 0.01712 151
1753288437264 0.01716 152
1753288467441 0.01711 153
1753288496777 0.0171 154
1753288526630 0.01706 155
1753288556226 0.01706 156
1753288586454 0.01704 157
1753288616396 0.01706 158
1753288646691 0.01706 159
1753288676879 0.01704 160
1753288707037 0.01707 161
1753288737278 0.01699 162
1753288767842 0.01708 163
1753288798057 0.01699 164
1753288827759 0.01702 165
1753288857380 0.01703 166
1753288887543 0.017 167
1753288917742 0.01698 168
1753288947933 0.01704 169
1753288977223 0.01695 170
1753289007001 0.01699 171
1753289037014 0.01702 172
1753289067486 0.01699 173
1753289097416 0.01691 174
1753289127457 0.017 175
1753289156819 0.01698 176
1753289186960 0.01692 177
1753289217175 0.01697 178
1753289247399 0.01695 179
1753289277361 0.01699 180
1753289307722 0.01694 181
1753289338138 0.01689 182
1753289368151 0.0169 183
1753289398378 0.0169 184
1753289428428 0.01687 185
1753289458934 0.01689 186
1753289488730 0.01694 187
1753289518493 0.01691 188
1753289548857 0.01689 189
1753289578794 0.01684 190
1753289608507 0.01685 191
1753289638155 0.01689 192
1753289667888 0.01688 193
1753289698152 0.01688 194
1753289728165 0.01685 195
1753289758179 0.01686 196
1753289788474 0.01685 197
1753289818609 0.01687 198
1753289848004 0.01685 199
1753289878120 0.01686 200
1753289907758 0.0169 201
1753289937910 0.01689 202
1753289967469 0.01686 203
1753289997657 0.0169 204
1753290027487 0.01685 205
1753290057588 0.0168 206
1753290087660 0.01681 207
1753290117718 0.01679 208
1753290147849 0.0168 209
1753290177756 0.01678 210
1753290208018 0.0168 211
1753290238030 0.01684 212
1753290268017 0.01682 213
1753290297957 0.01679 214
1753290327945 0.01679 215
1753290357972 0.01684 216
1753290388140 0.01677 217
1753290417819 0.01685 218
1753290447393 0.01676 219
1753290477528 0.0168 220
1753290507432 0.01677 221
1753290537588 0.01681 222
1753290567715 0.01678 223
1753290597417 0.01677 224
1753290627666 0.01673 225
1753290657317 0.01677 226
1753290688003 0.0167 227
1753290718465 0.01674 228
1753290747788 0.01673 229
1753290778480 0.01677 230
1753290807948 0.01673 231
1753290838207 0.0167 232
1753290867809 0.01672 233
1753290897567 0.01672 234
1753290926795 0.01672 235
1753290956929 0.01669 236
1753290986798 0.01673 237
1753291016855 0.01672 238
1753291047192 0.01673 239
1753291077754 0.01672 240
1753291108431 0.0167 241
1753291138471 0.0167 242
1753291168634 0.01668 243
1753291198663 0.01668 244
1753291229075 0.01669 245
1753291258401 0.01669 246
1753291288399 0.01671 247
1753291318068 0.01669 248
1753291347928 0.01669 249
1753291377949 0.01665 250
1753291407942 0.01668 251
1753291437223 0.01667 252
1753291467254 0.01664 253
1753291497254 0.01664 254
1753291527358 0.01664 255
1753291557351 0.01662 256
1753291587241 0.0167 257
1753291617417 0.01669 258
1753291647391 0.01668 259
1753291677531 0.01663 260
1753291707790 0.01667 261
1753291737454 0.01665 262
1753291768195 0.01666 263
1753291798434 0.01664 264
1753291828033 0.01665 265
1753291858121 0.01663 266
1753291887603 0.01666 267
1753291917846 0.01664 268
1753291947148 0.01663 269
1753291977400 0.01665 270
1753292007424 0.01662 271
1753292037543 0.0166 272
1753292067815 0.01665 273
1753292098197 0.01663 274
1753292128342 0.01664 275
1753292158358 0.01662 276
1753292188530 0.01662 277
1753292218537 0.01662 278
1753292249061 0.01661 279
1753292279570 0.01661 280
1753292309589 0.01661 281
1753292339574 0.01659 282
1753292369268 0.01662 283
1753292399372 0.01661 284
1753292429601 0.01662 285
1753292458964 0.01657 286
1753292489355 0.0166 287
1753292519508 0.01659 288
1753292549560 0.01656 289
1753292579342 0.01659 290
1753292609334 0.01655 291
1753292639363 0.01652 292
1753292668895 0.0166 293
1753292699216 0.01658 294
1753292728661 0.01661 295
1753292758334 0.01657 296
1753292788595 0.01659 297
1753292818483 0.01658 298
1753292848306 0.01659 299
1753292878009 0.01652 300
