1753331597223 1.0 0
1753331611946 2.0 0
1753331628787 3.0 0
1753331645450 4.0 0
1753331661316 5.0 0
1753331676216 6.0 0
1753331690935 7.0 0
1753331705561 8.0 0
1753331720235 9.0 0
1753331734940 10.0 0
1753331749594 11.0 0
1753331764516 12.0 0
1753331779992 13.0 0
1753331795245 14.0 0
1753331810567 15.0 0
1753331825364 16.0 0
1753331840185 17.0 0
1753331854888 18.0 0
1753331870407 19.0 0
1753331885426 20.0 0
1753331901103 21.0 0
1753331916142 22.0 0
1753331931065 23.0 0
1753331945651 24.0 0
1753331960295 25.0 0
1753331975368 26.0 0
1753331990041 27.0 0
1753332005283 28.0 0
1753332020924 29.0 0
1753332035834 30.0 0
1753332050521 31.0 0
1753332065152 32.0 0
1753332079838 33.0 0
1753332094671 34.0 0
1753332109445 35.0 0
1753332124427 36.0 0
1753332139494 37.0 0
1753332184859 40.0 0
1753332229542 43.0 0
1753332259141 45.0 0
1753332274147 46.0 0
1753332289564 47.0 0
1753332304524 48.0 0
1753332319622 49.0 0
1753332349045 51.0 0
1753332378900 53.0 0
1753332409151 55.0 0
1753332438609 57.0 0
1753332468125 59.0 0
1753332482667 60.0 0
