1753331584694 0.51138 1
1753331600562 0.39874 2
1753331615292 0.34527 3
1753331632068 0.30164 4
1753331648924 0.263 5
1753331664772 0.22899 6
1753331679573 0.1994 7
1753331694183 0.17389 8
1753331708853 0.15218 9
1753331723586 0.13386 10
1753331738217 0.11837 11
1753331752838 0.10533 12
1753331767832 0.09431 13
1753331783368 0.08501 14
1753331798569 0.07718 15
1753331813850 0.07046 16
1753331828712 0.06471 17
1753331843540 0.05979 18
1753331858119 0.05561 19
1753331873665 0.05191 20
1753331888808 0.04874 21
1753331904409 0.04598 22
1753331919419 0.04353 23
1753331934329 0.0414 24
1753331948943 0.03945 25
1753331963578 0.0378 26
1753331978657 0.03583 27
1753331993282 0.03345 28
1753332008633 0.03207 29
1753332024182 0.03097 30
1753332039078 0.03004 31
1753332053771 0.02923 32
1753332068455 0.02848 33
1753332083216 0.02785 34
1753332097942 0.02721 35
1753332112726 0.02665 36
1753332127797 0.02613 37
1753332142817 0.02564 38
1753332157795 0.02525 39
1753332173282 0.02483 40
1753332188233 0.02445 41
1753332202892 0.02414 42
1753332217606 0.02383 43
1753332232890 0.02355 44
1753332247777 0.02326 45
1753332262473 0.02299 46
1753332277968 0.02278 47
1753332292904 0.02253 48
1753332307717 0.02235 49
1753332322858 0.02216 50
1753332337473 0.02195 51
1753332352253 0.02177 52
1753332367281 0.02162 53
1753332382203 0.02147 54
1753332397493 0.02129 55
1753332412431 0.02114 56
1753332427103 0.02102 57
1753332441823 0.0209 58
1753332456723 0.02078 59
1753332471319 0.02067 60
1753332485999 0.02059 61
1753332501099 0.02048 62
1753332516060 0.02036 63
1753332530652 0.02025 64
1753332545836 0.02019 65
1753332560546 0.02011 66
1753332575555 0.01999 67
1753332590289 0.01991 68
1753332605210 0.01984 69
1753332619853 0.0197 70
1753332634581 0.01966 71
1753332649443 0.01962 72
1753332664000 0.01959 73
1753332678698 0.01958 74
1753332693331 0.01955 75
1753332707912 0.01954 76
1753332722644 0.01954 77
1753332737941 0.0195 78
1753332752491 0.01947 79
1753332767163 0.01947 80
1753332782405 0.01946 81
1753332797174 0.01946 82
1753332812161 0.01944 83
1753332826938 0.01946 84
1753332841720 0.01944 85
1753332856350 0.01941 86
1753332871448 0.01944 87
1753332886372 0.01942 88
1753332901043 0.01942 89
1753332915903 0.01941 90
1753332931081 0.01941 91
1753332945807 0.01941 92
1753332961209 0.01942 93
1753332975815 0.01943 94
1753332990662 0.01941 95
1753333005579 0.01941 96
1753333020111 0.0194 97
1753333034829 0.01939 98
1753333049478 0.01941 99
1753333064289 0.01941 100
1753333079541 0.01941 101
1753333094889 0.01942 102
1753333110501 0.0194 103
1753333125421 0.01941 104
1753333140079 0.01939 105
1753333155076 0.01944 106
1753333170046 0.0194 107
1753333184728 0.01941 108
1753333199274 0.01942 109
1753333213884 0.0194 110
1753333229026 0.0194 111
1753333243943 0.0194 112
1753333258553 0.01941 113
1753333273187 0.01942 114
1753333287825 0.01942 115
1753333302496 0.01942 116
1753333317741 0.01938 117
1753333333026 0.01942 118
1753333348261 0.01941 119
1753333363314 0.01941 120
1753333378002 0.0194 121
1753333392820 0.0194 122
1753333407790 0.0194 123
1753333422361 0.01941 124
1753333437497 0.01938 125
1753333453059 0.01939 126
1753333468497 0.01939 127
1753333483198 0.0194 128
1753333497876 0.01939 129
1753333512608 0.01941 130
1753333527406 0.0194 131
1753333542711 0.0194 132
1753333558435 0.0194 133
1753333573646 0.01941 134
1753333588651 0.0194 135
1753333604189 0.01939 136
1753333618839 0.01939 137
1753333633487 0.01941 138
1753333648083 0.0194 139
1753333662741 0.01942 140
1753333677496 0.0194 141
1753333692769 0.01941 142
1753333707770 0.01939 143
1753333722549 0.01941 144
1753333737321 0.01939 145
1753333752143 0.01939 146
1753333767066 0.01939 147
1753333782182 0.0194 148
1753333796874 0.01938 149
1753333811722 0.01939 150
1753333826994 0.01941 151
1753333841867 0.01941 152
1753333856573 0.01938 153
1753333871498 0.01939 154
1753333886111 0.0194 155
1753333900852 0.01938 156
1753333915844 0.01939 157
1753333931399 0.01938 158
1753333946060 0.01939 159
1753333960927 0.01937 160
1753333975851 0.01939 161
1753333990356 0.0194 162
1753334004981 0.0194 163
1753334019592 0.01938 164
1753334034072 0.01939 165
1753334048790 0.01938 166
1753334063773 0.01939 167
1753334079253 0.01938 168
1753334093819 0.01937 169
1753334108855 0.01937 170
1753334123515 0.01936 171
1753334138463 0.01938 172
1753334153049 0.01939 173
1753334167744 0.01941 174
1753334182800 0.0194 175
1753334198424 0.01938 176
1753334213632 0.01939 177
1753334228213 0.01938 178
1753334242869 0.01938 179
1753334258517 0.01938 180
1753334274024 0.01937 181
1753334288871 0.01939 182
1753334303476 0.01938 183
1753334318873 0.01937 184
1753334333725 0.01939 185
1753334348292 0.01937 186
1753334362988 0.01939 187
1753334377548 0.01939 188
1753334392154 0.01936 189
1753334406775 0.01939 190
1753334421698 0.01939 191
1753334436292 0.01938 192
1753334450855 0.01938 193
1753334466095 0.01939 194
1753334480774 0.01938 195
1753334496027 0.01938 196
1753334510875 0.01941 197
1753334525555 0.01939 198
1753334540541 0.01941 199
1753334555771 0.01939 200
1753334570693 0.01939 201
1753334585733 0.01938 202
1753334600294 0.01937 203
1753334614822 0.01937 204
1753334629767 0.0194 205
1753334644790 0.01938 206
1753334659308 0.01937 207
1753334674007 0.01937 208
1753334688996 0.01937 209
1753334704071 0.01936 210
1753334718619 0.01938 211
1753334733273 0.01937 212
1753334747902 0.01938 213
1753334762561 0.01937 214
1753334777209 0.01939 215
1753334792230 0.01938 216
1753334806849 0.01939 217
1753334821777 0.01936 218
1753334836896 0.01939 219
1753334852206 0.01936 220
1753334867335 0.01939 221
1753334881973 0.01936 222
1753334896636 0.01938 223
1753334911703 0.01937 224
1753334927110 0.01939 225
1753334942121 0.01936 226
1753334956695 0.01939 227
1753334971567 0.01936 228
1753334986164 0.01937 229
1753335001380 0.01936 230
1753335016644 0.01936 231
1753335031305 0.01936 232
1753335046006 0.01938 233
1753335061026 0.01936 234
1753335075811 0.01937 235
1753335090915 0.01937 236
1753335105668 0.01938 237
1753335120187 0.01936 238
1753335134790 0.01936 239
1753335150102 0.01936 240
1753335164728 0.01939 241
1753335179310 0.01937 242
1753335194495 0.01935 243
1753335209061 0.0194 244
1753335224113 0.01937 245
1753335238719 0.01937 246
1753335253722 0.01937 247
1753335268497 0.01935 248
1753335283630 0.01935 249
1753335298213 0.01936 250
1753335312989 0.01937 251
1753335327945 0.01934 252
1753335342594 0.01936 253
1753335357590 0.01933 254
1753335372350 0.01936 255
1753335387031 0.01936 256
1753335402214 0.01936 257
1753335417387 0.01935 258
1753335431956 0.01933 259
1753335446580 0.01935 260
1753335462043 0.01937 261
1753335476860 0.01935 262
1753335492100 0.01936 263
1753335506691 0.01934 264
1753335521641 0.01936 265
1753335536754 0.01934 266
1753335551368 0.01936 267
1753335566006 0.01936 268
1753335580816 0.01935 269
1753335595626 0.01933 270
1753335610821 0.01931 271
1753335625433 0.01936 272
1753335640716 0.01934 273
1753335655712 0.01932 274
1753335670260 0.01934 275
1753335684808 0.01933 276
1753335699394 0.01935 277
1753335714030 0.01934 278
1753335728955 0.01935 279
1753335743672 0.01934 280
1753335758280 0.01936 281
1753335773137 0.01933 282
1753335788155 0.01933 283
1753335802948 0.01933 284
1753335817579 0.01934 285
1753335832388 0.01934 286
1753335847830 0.01934 287
1753335862435 0.01935 288
1753335877444 0.01933 289
1753335892099 0.01934 290
1753335906770 0.01933 291
1753335921387 0.01933 292
1753335935934 0.01932 293
1753335950823 0.01934 294
1753335965715 0.01933 295
1753335980483 0.01934 296
1753335995424 0.01933 297
1753336010481 0.01935 298
1753336025746 0.01931 299
1753336040551 0.01933 300
