1753331597231 0.0010000000474974513 1
1753331611952 0.0010000000474974513 2
1753331628797 0.0010000000474974513 3
1753331645460 0.0010000000474974513 4
1753331661323 0.0010000000474974513 5
1753331676227 0.0010000000474974513 6
1753331690942 0.0010000000474974513 7
1753331705569 0.0010000000474974513 8
1753331720240 0.0010000000474974513 9
1753331734946 0.0010000000474974513 10
1753331749601 0.0010000000474974513 11
1753331764522 0.0010000000474974513 12
1753331780006 0.0010000000474974513 13
1753331795256 0.0010000000474974513 14
1753331810583 0.0010000000474974513 15
1753331825370 0.0010000000474974513 16
1753331840194 0.0010000000474974513 17
1753331854901 0.0010000000474974513 18
1753331870422 0.0010000000474974513 19
1753331885435 0.0010000000474974513 20
1753331901109 0.0010000000474974513 21
1753331916148 0.0010000000474974513 22
1753331931070 0.0010000000474974513 23
1753331945658 0.0010000000474974513 24
1753331960300 0.0010000000474974513 25
1753331975380 0.0010000000474974513 26
1753331990049 0.0010000000474974513 27
1753332005295 0.0010000000474974513 28
1753332020931 0.0010000000474974513 29
1753332035844 0.0010000000474974513 30
1753332050529 0.0010000000474974513 31
1753332065162 0.0010000000474974513 32
1753332079846 0.0010000000474974513 33
1753332094677 0.0010000000474974513 34
1753332109450 0.0010000000474974513 35
1753332124433 0.0010000000474974513 36
1753332139500 0.0010000000474974513 37
1753332154496 0.0010000000474974513 38
1753332169970 0.0010000000474974513 39
1753332184868 0.0010000000474974513 40
1753332199646 0.0010000000474974513 41
1753332214233 0.0010000000474974513 42
1753332229550 0.0010000000474974513 43
1753332244628 0.0010000000474974513 44
1753332259148 0.0010000000474974513 45
1753332274161 0.0010000000474974513 46
1753332289580 0.0010000000474974513 47
1753332304530 0.0010000000474974513 48
1753332319628 0.0010000000474974513 49
1753332334274 0.0010000000474974513 50
1753332349055 0.0010000000474974513 51
1753332364110 0.0010000000474974513 52
1753332378909 0.0010000000474974513 53
1753332394265 0.0010000000474974513 54
1753332409157 0.0010000000474974513 55
1753332423879 0.0010000000474974513 56
1753332438614 0.0010000000474974513 57
1753332453492 0.0010000000474974513 58
1753332468132 0.0010000000474974513 59
1753332482688 0.0010000000474974513 60
1753332497794 0.0010000000474974513 61
1753332512809 0.0010000000474974513 62
1753332527389 0.0010000000474974513 63
1753332542559 0.0010000000474974513 64
1753332557258 0.0010000000474974513 65
1753332572261 0.0010000000474974513 66
1753332587019 0.0010000000474974513 67
1753332601933 0.0010000000474974513 68
1753332616657 0.00020000000949949026 69
1753332631265 0.00020000000949949026 70
1753332646251 0.00020000000949949026 71
1753332660761 0.00020000000949949026 72
1753332675454 0.00020000000949949026 73
1753332690074 0.00020000000949949026 74
1753332704682 0.00020000000949949026 75
1753332719406 0.00020000000949949026 76
1753332734733 0.00020000000949949026 77
1753332749266 4.0000002627493814e-05 78
1753332763920 4.0000002627493814e-05 79
1753332779266 4.0000002627493814e-05 80
1753332793895 4.0000002627493814e-05 81
1753332808914 4.0000002627493814e-05 82
1753332823694 4.0000002627493814e-05 83
1753332838392 4.0000002627493814e-05 84
1753332853041 4.0000002627493814e-05 85
1753332868179 4.0000002627493814e-05 86
1753332883090 8.000000889296643e-06 87
1753332897730 8.000000889296643e-06 88
1753332912632 8.000000889296643e-06 89
1753332927868 8.000000889296643e-06 90
1753332942524 8.000000889296643e-06 91
1753332957941 8.000000889296643e-06 92
1753332972522 8.000000889296643e-06 93
1753332987368 8.000000889296643e-06 94
1753333002276 8.000000889296643e-06 95
1753333016910 1.6000001323845936e-06 96
1753333031549 1.6000001323845936e-06 97
1753333046205 1.6000001323845936e-06 98
1753333060990 1.6000001323845936e-06 99
1753333076175 1.6000001323845936e-06 100
1753333091590 1.6000001323845936e-06 101
1753333107212 1.6000001323845936e-06 102
1753333122176 1.6000001323845936e-06 103
1753333136889 1.6000001323845936e-06 104
1753333151758 9.999999974752427e-07 105
1753333166815 9.999999974752427e-07 106
1753333181571 9.999999974752427e-07 107
1753333196053 9.999999974752427e-07 108
1753333210600 9.999999974752427e-07 109
1753333225707 9.999999974752427e-07 110
1753333240701 9.999999974752427e-07 111
1753333255303 9.999999974752427e-07 112
1753333269919 9.999999974752427e-07 113
1753333284535 9.999999974752427e-07 114
1753333299200 9.999999974752427e-07 115
1753333314550 9.999999974752427e-07 116
1753333329777 9.999999974752427e-07 117
1753333344950 9.999999974752427e-07 118
1753333359947 9.999999974752427e-07 119
1753333374739 9.999999974752427e-07 120
1753333389572 9.999999974752427e-07 121
1753333404565 9.999999974752427e-07 122
1753333419168 9.999999974752427e-07 123
1753333434235 9.999999974752427e-07 124
1753333449839 9.999999974752427e-07 125
1753333465158 9.999999974752427e-07 126
1753333479875 9.999999974752427e-07 127
1753333494637 9.999999974752427e-07 128
1753333509320 9.999999974752427e-07 129
1753333524092 9.999999974752427e-07 130
1753333539427 9.999999974752427e-07 131
1753333555172 9.999999974752427e-07 132
1753333570351 9.999999974752427e-07 133
1753333585347 9.999999974752427e-07 134
1753333600903 9.999999974752427e-07 135
1753333615593 9.999999974752427e-07 136
1753333630295 9.999999974752427e-07 137
1753333644814 9.999999974752427e-07 138
1753333659465 9.999999974752427e-07 139
1753333674211 9.999999974752427e-07 140
1753333689484 9.999999974752427e-07 141
1753333704497 9.999999974752427e-07 142
1753333719313 9.999999974752427e-07 143
1753333734106 9.999999974752427e-07 144
1753333748825 9.999999974752427e-07 145
1753333763764 9.999999974752427e-07 146
1753333778947 9.999999974752427e-07 147
1753333793608 9.999999974752427e-07 148
1753333808545 9.999999974752427e-07 149
1753333823723 9.999999974752427e-07 150
1753333838621 9.999999974752427e-07 151
1753333853298 9.999999974752427e-07 152
1753333868292 9.999999974752427e-07 153
1753333882850 9.999999974752427e-07 154
1753333897610 9.999999974752427e-07 155
1753333912516 9.999999974752427e-07 156
1753333928104 9.999999974752427e-07 157
1753333942744 9.999999974752427e-07 158
1753333957701 9.999999974752427e-07 159
1753333972550 9.999999974752427e-07 160
1753333987154 9.999999974752427e-07 161
1753334001675 9.999999974752427e-07 162
1753334016255 9.999999974752427e-07 163
1753334030873 9.999999974752427e-07 164
1753334045449 9.999999974752427e-07 165
1753334060526 9.999999974752427e-07 166
1753334075990 9.999999974752427e-07 167
1753334090553 9.999999974752427e-07 168
1753334105551 9.999999974752427e-07 169
1753334120182 9.999999974752427e-07 170
1753334135158 9.999999974752427e-07 171
1753334149771 9.999999974752427e-07 172
1753334164407 9.999999974752427e-07 173
1753334179423 9.999999974752427e-07 174
1753334195111 9.999999974752427e-07 175
1753334210395 9.999999974752427e-07 176
1753334224922 9.999999974752427e-07 177
1753334239560 9.999999974752427e-07 178
1753334254294 9.999999974752427e-07 179
1753334270181 9.999999974752427e-07 180
1753334285386 9.999999974752427e-07 181
1753334300174 9.999999974752427e-07 182
1753334315546 9.999999974752427e-07 183
1753334330551 9.999999974752427e-07 184
1753334345026 9.999999974752427e-07 185
1753334359661 9.999999974752427e-07 186
1753334374337 9.999999974752427e-07 187
1753334388910 9.999999974752427e-07 188
1753334403446 9.999999974752427e-07 189
1753334418483 9.999999974752427e-07 190
1753334433055 9.999999974752427e-07 191
1753334447587 9.999999974752427e-07 192
1753334462899 9.999999974752427e-07 193
1753334477458 9.999999974752427e-07 194
1753334492794 9.999999974752427e-07 195
1753334507597 9.999999974752427e-07 196
1753334522330 9.999999974752427e-07 197
1753334537279 9.999999974752427e-07 198
1753334552502 9.999999974752427e-07 199
1753334567396 9.999999974752427e-07 200
1753334582501 9.999999974752427e-07 201
1753334597065 9.999999974752427e-07 202
1753334611626 9.999999974752427e-07 203
1753334626542 9.999999974752427e-07 204
1753334641544 9.999999974752427e-07 205
1753334656020 9.999999974752427e-07 206
1753334670763 9.999999974752427e-07 207
1753334685765 9.999999974752427e-07 208
1753334700901 9.999999974752427e-07 209
1753334715386 9.999999974752427e-07 210
1753334730070 9.999999974752427e-07 211
1753334744653 9.999999974752427e-07 212
1753334759319 9.999999974752427e-07 213
1753334773876 9.999999974752427e-07 214
1753334788995 9.999999974752427e-07 215
1753334803601 9.999999974752427e-07 216
1753334818510 9.999999974752427e-07 217
1753334833668 9.999999974752427e-07 218
1753334848967 9.999999974752427e-07 219
1753334864118 9.999999974752427e-07 220
1753334878763 9.999999974752427e-07 221
1753334893320 9.999999974752427e-07 222
1753334908342 9.999999974752427e-07 223
1753334923825 9.999999974752427e-07 224
1753334938796 9.999999974752427e-07 225
1753334953517 9.999999974752427e-07 226
1753334968331 9.999999974752427e-07 227
1753334982898 9.999999974752427e-07 228
1753334998098 9.999999974752427e-07 229
1753335013453 9.999999974752427e-07 230
1753335028006 9.999999974752427e-07 231
1753335042819 9.999999974752427e-07 232
1753335057746 9.999999974752427e-07 233
1753335072550 9.999999974752427e-07 234
1753335087673 9.999999974752427e-07 235
1753335102417 9.999999974752427e-07 236
1753335116973 9.999999974752427e-07 237
1753335131536 9.999999974752427e-07 238
1753335146783 9.999999974752427e-07 239
1753335161503 9.999999974752427e-07 240
1753335176125 9.999999974752427e-07 241
1753335190733 9.999999974752427e-07 242
1753335205825 9.999999974752427e-07 243
1753335220804 9.999999974752427e-07 244
1753335235438 9.999999974752427e-07 245
1753335250450 9.999999974752427e-07 246
1753335265251 9.999999974752427e-07 247
1753335280301 9.999999974752427e-07 248
1753335294947 9.999999974752427e-07 249
1753335309633 9.999999974752427e-07 250
1753335324686 9.999999974752427e-07 251
1753335339284 9.999999974752427e-07 252
1753335354300 9.999999974752427e-07 253
1753335368979 9.999999974752427e-07 254
1753335383704 9.999999974752427e-07 255
1753335398836 9.999999974752427e-07 256
1753335414072 9.999999974752427e-07 257
1753335428736 9.999999974752427e-07 258
1753335443263 9.999999974752427e-07 259
1753335458772 9.999999974752427e-07 260
1753335473561 9.999999974752427e-07 261
1753335488858 9.999999974752427e-07 262
1753335503451 9.999999974752427e-07 263
1753335518376 9.999999974752427e-07 264
1753335533439 9.999999974752427e-07 265
1753335548113 9.999999974752427e-07 266
1753335562748 9.999999974752427e-07 267
1753335577505 9.999999974752427e-07 268
1753335592386 9.999999974752427e-07 269
1753335607548 9.999999974752427e-07 270
1753335622259 9.999999974752427e-07 271
1753335637422 9.999999974752427e-07 272
1753335652437 9.999999974752427e-07 273
1753335667027 9.999999974752427e-07 274
1753335681569 9.999999974752427e-07 275
1753335696151 9.999999974752427e-07 276
1753335710747 9.999999974752427e-07 277
1753335725688 9.999999974752427e-07 278
1753335740462 9.999999974752427e-07 279
1753335755042 9.999999974752427e-07 280
1753335769858 9.999999974752427e-07 281
1753335784872 9.999999974752427e-07 282
1753335799763 9.999999974752427e-07 283
1753335814342 9.999999974752427e-07 284
1753335829169 9.999999974752427e-07 285
1753335844568 9.999999974752427e-07 286
1753335859176 9.999999974752427e-07 287
1753335874196 9.999999974752427e-07 288
1753335888826 9.999999974752427e-07 289
1753335903442 9.999999974752427e-07 290
1753335918137 9.999999974752427e-07 291
1753335932731 9.999999974752427e-07 292
1753335947545 9.999999974752427e-07 293
1753335962550 9.999999974752427e-07 294
1753335977227 9.999999974752427e-07 295
1753335992182 9.999999974752427e-07 296
1753336007204 9.999999974752427e-07 297
1753336022445 9.999999974752427e-07 298
1753336037166 9.999999974752427e-07 299
1753336051965 9.999999974752427e-07 300
