1753349594562 1.0 0
1753349611767 2.0 0
1753349628664 3.0 0
1753349645619 4.0 0
1753349663373 5.0 0
1753349681143 6.0 0
1753349699639 7.0 0
1753349717040 8.0 0
1753349734256 9.0 0
1753349751918 10.0 0
1753349768838 11.0 0
1753349786549 12.0 0
1753349803533 13.0 0
1753349821124 14.0 0
1753349838423 15.0 0
1753349855674 16.0 0
1753349872904 17.0 0
1753349889968 18.0 0
1753349907590 19.0 0
1753349925162 20.0 0
1753349942867 21.0 0
1753349960509 22.0 0
1753349978064 23.0 0
1753349995722 24.0 0
1753350013070 25.0 0
1753350030696 26.0 0
1753350048201 27.0 0
1753350065848 28.0 0
1753350083578 29.0 0
1753350101229 30.0 0
1753350118254 31.0 0
1753350135364 32.0 0
1753350153007 33.0 0
1753350170597 34.0 0
1753350205475 36.0 0
1753350257348 39.0 0
1753350274808 40.0 0
1753350309714 42.0 0
1753350344703 44.0 0
1753350361871 45.0 0
1753350414109 48.0 0
1753350431679 49.0 0
1753350466847 51.0 0
1753350518303 54.0 0
1753350553174 56.0 0
1753350605154 59.0 0
1753350622634 60.0 0
1753350657430 62.0 0
