1753349579226 0.7255 1
1753349597769 0.57075 2
1753349614969 0.48505 3
1753349631870 0.41055 4
1753349648787 0.34499 5
1753349666483 0.28893 6
1753349684340 0.24189 7
1753349702760 0.20327 8
1753349720171 0.17171 9
1753349737368 0.14672 10
1753349755069 0.12618 11
1753349772037 0.10958 12
1753349789677 0.09589 13
1753349806729 0.08478 14
1753349824280 0.0758 15
1753349841591 0.06653 16
1753349858814 0.05929 17
1753349876047 0.0542 18
1753349893148 0.05013 19
1753349910722 0.04652 20
1753349928353 0.04375 21
1753349946014 0.04108 22
1753349963646 0.0388 23
1753349981251 0.03701 24
1753349998910 0.03546 25
1753350016227 0.03375 26
1753350033867 0.03355 27
1753350051377 0.03148 28
1753350069045 0.03035 29
1753350086752 0.02927 30
1753350104379 0.02858 31
1753350121385 0.02804 32
1753350138543 0.02742 33
1753350156144 0.02672 34
1753350173734 0.02615 35
1753350191275 0.02573 36
1753350208685 0.02512 37
1753350226051 0.0248 38
1753350243180 0.02497 39
1753350260546 0.02412 40
1753350278017 0.02379 41
1753350295372 0.02354 42
1753350312885 0.02315 43
1753350330430 0.02309 44
1753350347879 0.0227 45
1753350365018 0.02251 46
1753350382029 0.0238 47
1753350399536 0.02229 48
1753350417305 0.02198 49
1753350434786 0.02175 50
1753350452393 0.02159 51
1753350470051 0.02133 52
1753350487540 0.02124 53
1753350504410 0.02115 54
1753350521405 0.02092 55
1753350538695 0.02086 56
1753350556302 0.02076 57
1753350573447 0.02065 58
1753350590977 0.02063 59
1753350608347 0.02038 60
1753350625773 0.02033 61
1753350643300 0.02076 62
1753350660628 0.02034 63
1753350677679 0.02017 64
1753350695039 0.02009 65
1753350712527 0.02 66
1753350729879 0.01988 67
1753350747314 0.01976 68
1753350764315 0.01987 69
1753350781718 0.02006 70
1753350799284 0.01976 71
1753350817200 0.01955 72
1753350834137 0.01951 73
1753350851640 0.01964 74
1753350868790 0.01943 75
1753350886478 0.01942 76
1753350904106 0.01952 77
1753350921557 0.01946 78
1753350939122 0.01937 79
1753350956553 0.01936 80
1753350973744 0.01937 81
1753350991118 0.01926 82
1753351008675 0.01924 83
1753351026109 0.01936 84
1753351043499 0.01931 85
1753351061080 0.01925 86
1753351078318 0.0192 87
1753351095988 0.01932 88
1753351113152 0.01925 89
1753351130740 0.01921 90
1753351148132 0.01938 91
1753351166056 0.01919 92
1753351183692 0.01937 93
1753351201272 0.01931 94
1753351218649 0.0192 95
1753351236110 0.01927 96
1753351253150 0.01926 97
1753351270623 0.01921 98
1753351288194 0.01925 99
1753351305522 0.01918 100
1753351322557 0.01934 101
1753351339929 0.01923 102
1753351356937 0.01934 103
1753351374568 0.01933 104
1753351391874 0.01926 105
1753351408881 0.01927 106
1753351426710 0.01926 107
1753351443808 0.01923 108
1753351461405 0.01925 109
1753351478774 0.01923 110
1753351496425 0.01933 111
1753351513869 0.01922 112
1753351531137 0.01931 113
1753351548657 0.01925 114
1753351565848 0.01927 115
1753351583226 0.01923 116
1753351600777 0.01928 117
1753351618161 0.01931 118
1753351635442 0.01919 119
1753351653097 0.01917 120
1753351670394 0.01918 121
1753351688074 0.01918 122
1753351705739 0.01919 123
1753351723311 0.01924 124
1753351740903 0.0192 125
1753351758224 0.01919 126
1753351775935 0.01921 127
1753351793141 0.01917 128
1753351810554 0.01921 129
1753351828124 0.01924 130
1753351845661 0.01921 131
1753351863145 0.01924 132
1753351880319 0.01915 133
1753351897763 0.01925 134
1753351915306 0.01926 135
1753351932618 0.0192 136
1753351950198 0.0192 137
1753351968221 0.01922 138
1753351985564 0.01939 139
1753352002714 0.01926 140
1753352020188 0.01921 141
1753352037723 0.01927 142
1753352054962 0.01918 143
1753352072392 0.01924 144
1753352089901 0.01926 145
1753352107091 0.01928 146
1753352124664 0.01921 147
1753352142072 0.0192 148
1753352159231 0.01932 149
1753352176383 0.01927 150
1753352193951 0.01922 151
1753352211214 0.0192 152
1753352228914 0.0192 153
1753352246356 0.0192 154
1753352263746 0.01919 155
1753352280733 0.01924 156
1753352298250 0.01923 157
1753352315625 0.01925 158
1753352332922 0.01917 159
1753352350424 0.01926 160
1753352367898 0.01919 161
1753352385354 0.01923 162
1753352402926 0.01919 163
1753352420105 0.01931 164
1753352437494 0.01918 165
1753352454349 0.01917 166
1753352471928 0.01925 167
1753352489453 0.0192 168
1753352507547 0.01916 169
1753352525177 0.01916 170
1753352542424 0.01919 171
1753352559789 0.01927 172
1753352577150 0.01928 173
1753352594692 0.01917 174
1753352611629 0.01917 175
1753352629165 0.01927 176
1753352646041 0.01931 177
1753352663295 0.01932 178
1753352680378 0.01919 179
1753352697867 0.01933 180
1753352715471 0.01924 181
1753352732944 0.01924 182
1753352750671 0.01929 183
1753352768180 0.01917 184
1753352785847 0.01916 185
1753352803413 0.01917 186
1753352820779 0.01919 187
1753352837845 0.01934 188
1753352855365 0.0192 189
1753352872643 0.01928 190
1753352889926 0.01915 191
1753352907104 0.01918 192
1753352924403 0.01923 193
1753352941839 0.01916 194
1753352959255 0.0192 195
1753352976811 0.01922 196
1753352994206 0.01915 197
1753353011724 0.01933 198
1753353029665 0.01924 199
1753353046874 0.0192 200
1753353064014 0.0192 201
1753353080934 0.01915 202
1753353098250 0.0193 203
1753353115597 0.01919 204
1753353132837 0.01918 205
1753353150208 0.01925 206
1753353167816 0.01915 207
1753353185739 0.01915 208
1753353203158 0.0192 209
1753353220578 0.01921 210
1753353238214 0.01924 211
1753353255205 0.01927 212
1753353272521 0.01914 213
1753353290078 0.01924 214
1753353308436 0.01918 215
1753353325908 0.01923 216
1753353343170 0.01927 217
1753353360675 0.01926 218
1753353378010 0.01924 219
1753353395268 0.01921 220
1753353412747 0.01917 221
1753353430167 0.01917 222
1753353447580 0.01924 223
1753353465102 0.01929 224
1753353482278 0.01928 225
1753353499623 0.01915 226
1753353517253 0.0193 227
1753353534685 0.01915 228
1753353552144 0.01915 229
1753353570033 0.01916 230
1753353587310 0.0192 231
1753353604710 0.01932 232
1753353622135 0.01917 233
1753353638816 0.01915 234
1753353656312 0.01917 235
1753353673689 0.01918 236
1753353691016 0.01913 237
1753353708640 0.01913 238
1753353726279 0.01926 239
1753353743598 0.01912 240
1753353761187 0.01915 241
1753353778672 0.01926 242
1753353795761 0.01915 243
1753353813255 0.01914 244
1753353830779 0.01916 245
1753353848928 0.01918 246
1753353866532 0.01917 247
1753353883703 0.01919 248
1753353901090 0.01912 249
1753353918658 0.01914 250
1753353936230 0.01917 251
1753353953551 0.01915 252
1753353970852 0.01923 253
1753353988397 0.01919 254
1753354005867 0.01913 255
1753354023540 0.01929 256
1753354041146 0.01918 257
1753354058173 0.01922 258
1753354075631 0.01914 259
1753354093306 0.01914 260
1753354111274 0.01919 261
1753354128508 0.01917 262
1753354145802 0.01925 263
1753354163230 0.01918 264
1753354180562 0.01921 265
1753354197904 0.01936 266
1753354215421 0.01914 267
1753354232413 0.01914 268
1753354249936 0.01925 269
1753354267280 0.0192 270
1753354284832 0.01917 271
1753354302004 0.01918 272
1753354319387 0.01914 273
1753354336752 0.01919 274
1753354354155 0.01916 275
1753354372120 0.01927 276
1753354389716 0.01916 277
1753354407157 0.01915 278
1753354424534 0.01914 279
1753354442012 0.01916 280
1753354459395 0.01929 281
1753354476830 0.01917 282
1753354494355 0.01918 283
1753354511769 0.0192 284
1753354529100 0.01913 285
1753354546885 0.0192 286
1753354564495 0.01909 287
1753354581642 0.01915 288
1753354599198 0.01914 289
1753354616506 0.01919 290
1753354633868 0.01912 291
1753354651586 0.01913 292
1753354669124 0.01916 293
1753354686393 0.01916 294
1753354703884 0.01923 295
1753354721372 0.01915 296
1753354738429 0.0192 297
1753354755639 0.01914 298
1753354773219 0.01925 299
1753354791038 0.01912 300
