1753349594568 0.0010000000474974513 1
1753349611773 0.0010000000474974513 2
1753349628670 0.0010000000474974513 3
1753349645624 0.0010000000474974513 4
1753349663377 0.0010000000474974513 5
1753349681147 0.0010000000474974513 6
1753349699644 0.0010000000474974513 7
1753349717044 0.0010000000474974513 8
1753349734260 0.0010000000474974513 9
1753349751922 0.0010000000474974513 10
1753349768842 0.0010000000474974513 11
1753349786553 0.0010000000474974513 12
1753349803537 0.0010000000474974513 13
1753349821129 0.0010000000474974513 14
1753349838428 0.0010000000474974513 15
1753349855679 0.0010000000474974513 16
1753349872910 0.0010000000474974513 17
1753349889973 0.0010000000474974513 18
1753349907594 0.0010000000474974513 19
1753349925167 0.0010000000474974513 20
1753349942871 0.0010000000474974513 21
1753349960517 0.0010000000474974513 22
1753349978068 0.0010000000474974513 23
1753349995727 0.0010000000474974513 24
1753350013074 0.0010000000474974513 25
1753350030701 0.0010000000474974513 26
1753350048205 0.0010000000474974513 27
1753350065852 0.0010000000474974513 28
1753350083582 0.0010000000474974513 29
1753350101234 0.0010000000474974513 30
1753350118259 0.0010000000474974513 31
1753350135368 0.0010000000474974513 32
1753350153011 0.0010000000474974513 33
1753350170601 0.0010000000474974513 34
1753350188133 0.0010000000474974513 35
1753350205479 0.0010000000474974513 36
1753350222859 0.0010000000474974513 37
1753350240006 0.0010000000474974513 38
1753350257352 0.0010000000474974513 39
1753350274812 0.0010000000474974513 40
1753350292217 0.0010000000474974513 41
1753350309718 0.0010000000474974513 42
1753350327263 0.0010000000474974513 43
1753350344707 0.0010000000474974513 44
1753350361875 0.0010000000474974513 45
1753350378818 0.0010000000474974513 46
1753350396394 0.0010000000474974513 47
1753350414113 0.0010000000474974513 48
1753350431683 0.0010000000474974513 49
1753350449201 0.0010000000474974513 50
1753350466851 0.0010000000474974513 51
1753350484406 0.0010000000474974513 52
1753350501246 0.0010000000474974513 53
1753350518307 0.0010000000474974513 54
1753350535559 0.0010000000474974513 55
1753350553178 0.0010000000474974513 56
1753350570277 0.0010000000474974513 57
1753350587791 0.0010000000474974513 58
1753350605159 0.0010000000474974513 59
1753350622638 0.0010000000474974513 60
1753350640140 0.0010000000474974513 61
1753350657435 0.0010000000474974513 62
1753350674531 0.0010000000474974513 63
1753350691917 0.0010000000474974513 64
1753350709399 0.0010000000474974513 65
1753350726701 0.0010000000474974513 66
1753350744189 0.0010000000474974513 67
1753350761128 0.0010000000474974513 68
1753350778549 0.0010000000474974513 69
1753350796087 0.0010000000474974513 70
1753350814067 0.00020000000949949026 71
1753350830966 0.00020000000949949026 72
1753350848447 0.00020000000949949026 73
1753350865632 0.00020000000949949026 74
1753350883316 0.00020000000949949026 75
1753350900981 0.00020000000949949026 76
1753350918432 0.00020000000949949026 77
1753350935991 0.00020000000949949026 78
1753350953425 0.00020000000949949026 79
1753350970600 4.0000002627493814e-05 80
1753350987970 4.0000002627493814e-05 81
1753351005505 4.0000002627493814e-05 82
1753351022959 4.0000002627493814e-05 83
1753351040369 4.0000002627493814e-05 84
1753351057919 4.0000002627493814e-05 85
1753351075147 4.0000002627493814e-05 86
1753351092853 4.0000002627493814e-05 87
1753351110012 4.0000002627493814e-05 88
1753351127550 8.000000889296643e-06 89
1753351144996 8.000000889296643e-06 90
1753351162887 8.000000889296643e-06 91
1753351180497 8.000000889296643e-06 92
1753351198084 8.000000889296643e-06 93
1753351215495 8.000000889296643e-06 94
1753351232950 8.000000889296643e-06 95
1753351250009 8.000000889296643e-06 96
1753351267482 8.000000889296643e-06 97
1753351285061 1.6000001323845936e-06 98
1753351302393 1.6000001323845936e-06 99
1753351319370 1.6000001323845936e-06 100
1753351336793 1.6000001323845936e-06 101
1753351353782 1.6000001323845936e-06 102
1753351371422 1.6000001323845936e-06 103
1753351388735 1.6000001323845936e-06 104
1753351405770 1.6000001323845936e-06 105
1753351423556 1.6000001323845936e-06 106
1753351440661 9.999999974752427e-07 107
1753351458271 9.999999974752427e-07 108
1753351475655 9.999999974752427e-07 109
1753351493227 9.999999974752427e-07 110
1753351510727 9.999999974752427e-07 111
1753351527937 9.999999974752427e-07 112
1753351545502 9.999999974752427e-07 113
1753351562705 9.999999974752427e-07 114
1753351580078 9.999999974752427e-07 115
1753351597611 9.999999974752427e-07 116
1753351615012 9.999999974752427e-07 117
1753351632294 9.999999974752427e-07 118
1753351649918 9.999999974752427e-07 119
1753351667261 9.999999974752427e-07 120
1753351684914 9.999999974752427e-07 121
1753351702597 9.999999974752427e-07 122
1753351720163 9.999999974752427e-07 123
1753351737747 9.999999974752427e-07 124
1753351755053 9.999999974752427e-07 125
1753351772714 9.999999974752427e-07 126
1753351790022 9.999999974752427e-07 127
1753351807417 9.999999974752427e-07 128
1753351824959 9.999999974752427e-07 129
1753351842509 9.999999974752427e-07 130
1753351859965 9.999999974752427e-07 131
1753351877150 9.999999974752427e-07 132
1753351894491 9.999999974752427e-07 133
1753351912159 9.999999974752427e-07 134
1753351929444 9.999999974752427e-07 135
1753351947017 9.999999974752427e-07 136
1753351965020 9.999999974752427e-07 137
1753351982427 9.999999974752427e-07 138
1753351999529 9.999999974752427e-07 139
1753352016992 9.999999974752427e-07 140
1753352034547 9.999999974752427e-07 141
1753352051771 9.999999974752427e-07 142
1753352069283 9.999999974752427e-07 143
1753352086747 9.999999974752427e-07 144
1753352103944 9.999999974752427e-07 145
1753352121524 9.999999974752427e-07 146
1753352138916 9.999999974752427e-07 147
1753352156036 9.999999974752427e-07 148
1753352173243 9.999999974752427e-07 149
1753352190805 9.999999974752427e-07 150
1753352208050 9.999999974752427e-07 151
1753352225757 9.999999974752427e-07 152
1753352243183 9.999999974752427e-07 153
1753352260554 9.999999974752427e-07 154
1753352277571 9.999999974752427e-07 155
1753352295057 9.999999974752427e-07 156
1753352312492 9.999999974752427e-07 157
1753352329783 9.999999974752427e-07 158
1753352347294 9.999999974752427e-07 159
1753352364722 9.999999974752427e-07 160
1753352382203 9.999999974752427e-07 161
1753352399803 9.999999974752427e-07 162
1753352416951 9.999999974752427e-07 163
1753352434306 9.999999974752427e-07 164
1753352451215 9.999999974752427e-07 165
1753352468802 9.999999974752427e-07 166
1753352486297 9.999999974752427e-07 167
1753352504402 9.999999974752427e-07 168
1753352522030 9.999999974752427e-07 169
1753352539235 9.999999974752427e-07 170
1753352556620 9.999999974752427e-07 171
1753352573943 9.999999974752427e-07 172
1753352591551 9.999999974752427e-07 173
1753352608496 9.999999974752427e-07 174
1753352625998 9.999999974752427e-07 175
1753352642904 9.999999974752427e-07 176
1753352660160 9.999999974752427e-07 177
1753352677252 9.999999974752427e-07 178
1753352694676 9.999999974752427e-07 179
1753352712315 9.999999974752427e-07 180
1753352729744 9.999999974752427e-07 181
1753352747525 9.999999974752427e-07 182
1753352765007 9.999999974752427e-07 183
1753352782693 9.999999974752427e-07 184
1753352800247 9.999999974752427e-07 185
1753352817632 9.999999974752427e-07 186
1753352834692 9.999999974752427e-07 187
1753352852200 9.999999974752427e-07 188
1753352869467 9.999999974752427e-07 189
1753352886733 9.999999974752427e-07 190
1753352903939 9.999999974752427e-07 191
1753352921264 9.999999974752427e-07 192
1753352938623 9.999999974752427e-07 193
1753352956078 9.999999974752427e-07 194
1753352973641 9.999999974752427e-07 195
1753352991038 9.999999974752427e-07 196
1753353008586 9.999999974752427e-07 197
1753353026512 9.999999974752427e-07 198
1753353043731 9.999999974752427e-07 199
1753353060798 9.999999974752427e-07 200
1753353077747 9.999999974752427e-07 201
1753353095116 9.999999974752427e-07 202
1753353112464 9.999999974752427e-07 203
1753353129698 9.999999974752427e-07 204
1753353147036 9.999999974752427e-07 205
1753353164618 9.999999974752427e-07 206
1753353182586 9.999999974752427e-07 207
1753353200014 9.999999974752427e-07 208
1753353217418 9.999999974752427e-07 209
1753353235048 9.999999974752427e-07 210
1753353252039 9.999999974752427e-07 211
1753353269353 9.999999974752427e-07 212
1753353286880 9.999999974752427e-07 213
1753353305261 9.999999974752427e-07 214
1753353322724 9.999999974752427e-07 215
1753353340019 9.999999974752427e-07 216
1753353357533 9.999999974752427e-07 217
1753353374825 9.999999974752427e-07 218
1753353392089 9.999999974752427e-07 219
1753353409608 9.999999974752427e-07 220
1753353426965 9.999999974752427e-07 221
1753353444386 9.999999974752427e-07 222
1753353461923 9.999999974752427e-07 223
1753353479111 9.999999974752427e-07 224
1753353496436 9.999999974752427e-07 225
1753353514108 9.999999974752427e-07 226
1753353531485 9.999999974752427e-07 227
1753353548952 9.999999974752427e-07 228
1753353566884 9.999999974752427e-07 229
1753353584169 9.999999974752427e-07 230
1753353601567 9.999999974752427e-07 231
1753353618944 9.999999974752427e-07 232
1753353635664 9.999999974752427e-07 233
1753353653141 9.999999974752427e-07 234
1753353670492 9.999999974752427e-07 235
1753353687840 9.999999974752427e-07 236
1753353705510 9.999999974752427e-07 237
1753353723133 9.999999974752427e-07 238
1753353740435 9.999999974752427e-07 239
1753353758006 9.999999974752427e-07 240
1753353775521 9.999999974752427e-07 241
1753353792591 9.999999974752427e-07 242
1753353810080 9.999999974752427e-07 243
1753353827581 9.999999974752427e-07 244
1753353845785 9.999999974752427e-07 245
1753353863341 9.999999974752427e-07 246
1753353880578 9.999999974752427e-07 247
1753353897932 9.999999974752427e-07 248
1753353915489 9.999999974752427e-07 249
1753353933058 9.999999974752427e-07 250
1753353950370 9.999999974752427e-07 251
1753353967710 9.999999974752427e-07 252
1753353985237 9.999999974752427e-07 253
1753354002719 9.999999974752427e-07 254
1753354020367 9.999999974752427e-07 255
1753354037957 9.999999974752427e-07 256
1753354054997 9.999999974752427e-07 257
1753354072490 9.999999974752427e-07 258
1753354090127 9.999999974752427e-07 259
1753354108110 9.999999974752427e-07 260
1753354125358 9.999999974752427e-07 261
1753354142676 9.999999974752427e-07 262
1753354160066 9.999999974752427e-07 263
1753354177368 9.999999974752427e-07 264
1753354194743 9.999999974752427e-07 265
1753354212284 9.999999974752427e-07 266
1753354229233 9.999999974752427e-07 267
1753354246752 9.999999974752427e-07 268
1753354264120 9.999999974752427e-07 269
1753354281647 9.999999974752427e-07 270
1753354298840 9.999999974752427e-07 271
1753354316263 9.999999974752427e-07 272
1753354333611 9.999999974752427e-07 273
1753354351006 9.999999974752427e-07 274
1753354368929 9.999999974752427e-07 275
1753354386572 9.999999974752427e-07 276
1753354404033 9.999999974752427e-07 277
1753354421394 9.999999974752427e-07 278
1753354438872 9.999999974752427e-07 279
1753354456232 9.999999974752427e-07 280
1753354473675 9.999999974752427e-07 281
1753354491205 9.999999974752427e-07 282
1753354508580 9.999999974752427e-07 283
1753354525986 9.999999974752427e-07 284
1753354543712 9.999999974752427e-07 285
1753354561294 9.999999974752427e-07 286
1753354578473 9.999999974752427e-07 287
1753354596043 9.999999974752427e-07 288
1753354613321 9.999999974752427e-07 289
1753354630730 9.999999974752427e-07 290
1753354648451 9.999999974752427e-07 291
1753354665965 9.999999974752427e-07 292
1753354683262 9.999999974752427e-07 293
1753354700754 9.999999974752427e-07 294
1753354718221 9.999999974752427e-07 295
1753354735321 9.999999974752427e-07 296
1753354752504 9.999999974752427e-07 297
1753354770080 9.999999974752427e-07 298
1753354787827 9.999999974752427e-07 299
1753354805047 9.999999974752427e-07 300
