1753249016585 1.0 0
1753249051181 2.0 0
1753249085820 3.0 0
1753249121373 4.0 0
1753249156056 5.0 0
1753249191067 6.0 0
1753249226012 7.0 0
1753249260835 8.0 0
1753249295493 9.0 0
1753249330146 10.0 0
1753249365020 11.0 0
1753249400587 12.0 0
1753249435697 13.0 0
1753249471205 14.0 0
1753249506255 15.0 0
1753249541417 16.0 0
1753249576072 17.0 0
1753249611311 18.0 0
1753249646065 19.0 0
1753249715367 21.0 0
1753249750245 22.0 0
1753249819541 24.0 0
1753249889094 26.0 0
1753249958502 28.0 0
1753250097236 32.0 0
1753250131475 33.0 0
1753250166337 34.0 0
1753250201233 35.0 0
1753250376192 40.0 0
1753250445963 42.0 0
1753250621143 47.0 0
1753250796161 52.0 0
1753251494801 72.0 0
