1753248990693 0.40054 1
1753249027531 0.29022 2
1753249062116 0.2242 3
1753249096761 0.17607 4
1753249132254 0.13885 5
1753249167039 0.11161 6
1753249201972 0.09174 7
1753249236906 0.07695 8
1753249271658 0.06584 9
1753249306354 0.0575 10
1753249340858 0.05083 11
1753249375973 0.04576 12
1753249411458 0.04171 13
1753249446730 0.03854 14
1753249482271 0.0359 15
1753249517114 0.03391 16
1753249552205 0.03204 17
1753249586993 0.03042 18
1753249622211 0.0292 19
1753249656682 0.02809 20
1753249691220 0.02723 21
1753249726154 0.02628 22
1753249761146 0.02557 23
1753249795669 0.02503 24
1753249830487 0.02453 25
1753249865179 0.02396 26
1753249899856 0.02347 27
1753249934613 0.02306 28
1753249969434 0.02272 29
1753250004112 0.02248 30
1753250039179 0.02214 31
1753250073731 0.02192 32
1753250107987 0.02175 33
1753250142455 0.02139 34
1753250177201 0.02125 35
1753250212133 0.02099 36
1753250246864 0.02084 37
1753250281591 0.02082 38
1753250317096 0.02062 39
1753250352196 0.02049 40
1753250387135 0.02041 41
1753250421786 0.02025 42
1753250456905 0.02023 43
1753250491718 0.01996 44
1753250527014 0.01991 45
1753250562600 0.02 46
1753250597537 0.01992 47
1753250632123 0.01961 48
1753250667013 0.01956 49
1753250702134 0.01952 50
1753250737034 0.0195 51
1753250771895 0.01946 52
1753250806999 0.01954 53
1753250841923 0.01926 54
1753250877097 0.01928 55
1753250912679 0.01947 56
1753250947165 0.01915 57
1753250982045 0.01911 58
1753251017116 0.01898 59
1753251051738 0.01893 60
1753251086430 0.01886 61
1753251121233 0.01881 62
1753251155873 0.01884 63
1753251190753 0.01884 64
1753251226638 0.01881 65
1753251261320 0.01873 66
1753251296421 0.01873 67
1753251331196 0.01866 68
1753251366118 0.0187 69
1753251400845 0.01874 70
1753251435824 0.01868 71
1753251471034 0.01859 72
1753251505809 0.01869 73
1753251540674 0.01861 74
1753251575601 0.01849 75
1753251610588 0.01849 76
1753251645566 0.01844 77
1753251680505 0.01857 78
1753251715492 0.01843 79
1753251750388 0.01852 80
1753251785576 0.01843 81
1753251820506 0.01844 82
1753251855172 0.01842 83
1753251890489 0.01853 84
1753251925472 0.01834 85
1753251960091 0.01835 86
1753251995067 0.01833 87
1753252030338 0.01833 88
1753252065589 0.01833 89
1753252100811 0.01824 90
1753252136058 0.01822 91
1753252171267 0.01824 92
1753252205882 0.01826 93
1753252240571 0.01819 94
1753252275676 0.01814 95
1753252310639 0.01815 96
1753252345344 0.01819 97
1753252379922 0.01803 98
1753252414334 0.01803 99
1753252449048 0.01801 100
1753252483379 0.01806 101
1753252518659 0.01811 102
1753252553212 0.01806 103
1753252588241 0.01808 104
1753252623044 0.01821 105
1753252657734 0.01799 106
1753252692075 0.01828 107
1753252726586 0.01801 108
1753252761346 0.01823 109
1753252795946 0.01811 110
1753252831305 0.01794 111
1753252866019 0.01804 112
1753252901031 0.01797 113
1753252935559 0.01809 114
1753252970444 0.01809 115
1753253005116 0.01837 116
1753253039781 0.01795 117
1753253074998 0.01792 118
1753253109835 0.01793 119
1753253144485 0.0179 120
1753253179804 0.01784 121
1753253214548 0.01792 122
1753253249268 0.01804 123
1753253284523 0.01788 124
1753253319212 0.01779 125
1753253353757 0.01781 126
1753253388730 0.01793 127
1753253423170 0.01795 128
1753253458166 0.01795 129
1753253492869 0.01804 130
1753253527622 0.01784 131
1753253562517 0.01784 132
1753253597317 0.01778 133
1753253633026 0.01774 134
1753253667981 0.01773 135
1753253703010 0.01778 136
1753253738385 0.01789 137
1753253773480 0.01773 138
1753253808438 0.01775 139
1753253843418 0.01768 140
1753253878003 0.01803 141
1753253912896 0.01805 142
1753253947375 0.01781 143
1753253982402 0.01774 144
1753254017476 0.01778 145
1753254051894 0.01779 146
1753254087098 0.01784 147
1753254122308 0.01772 148
1753254157468 0.01769 149
1753254191977 0.01777 150
1753254226722 0.01809 151
1753254261782 0.01778 152
1753254296757 0.0177 153
1753254331432 0.01793 154
1753254366019 0.01778 155
1753254400525 0.0177 156
1753254435270 0.01771 157
1753254470195 0.01783 158
1753254505319 0.01785 159
1753254540284 0.01773 160
1753254575804 0.01774 161
1753254611098 0.01764 162
1753254645874 0.01768 163
1753254680870 0.01772 164
1753254715672 0.01764 165
1753254750983 0.01761 166
1753254785823 0.0176 167
1753254820921 0.01755 168
1753254855469 0.01762 169
1753254890100 0.01758 170
1753254924656 0.01752 171
1753254959715 0.01756 172
1753254994759 0.0181 173
1753255029497 0.01782 174
1753255064054 0.01785 175
1753255098920 0.01761 176
1753255133445 0.01761 177
1753255167565 0.01769 178
1753255202665 0.0177 179
1753255237637 0.01771 180
1753255272311 0.01758 181
1753255307294 0.01775 182
1753255341221 0.01783 183
1753255375881 0.01775 184
1753255410744 0.01775 185
1753255445766 0.0178 186
1753255480400 0.01771 187
1753255514982 0.01762 188
1753255549875 0.01778 189
1753255584555 0.01766 190
1753255619038 0.01751 191
1753255653776 0.01746 192
1753255688493 0.01746 193
1753255723825 0.0175 194
1753255758289 0.01755 195
1753255792957 0.01745 196
1753255827825 0.01756 197
1753255863346 0.01776 198
1753255897717 0.0175 199
1753255932830 0.01754 200
1753255967613 0.01747 201
1753256002163 0.01784 202
1753256036677 0.01768 203
1753256071493 0.01752 204
1753256106109 0.01753 205
1753256141148 0.01768 206
1753256175561 0.01749 207
1753256210165 0.01747 208
1753256244996 0.01744 209
1753256279355 0.01743 210
1753256313637 0.01743 211
1753256348642 0.01753 212
1753256383255 0.01753 213
1753256418211 0.01764 214
1753256453240 0.01743 215
1753256487644 0.01757 216
1753256522356 0.01742 217
1753256556713 0.01746 218
1753256591862 0.01742 219
1753256626337 0.01746 220
1753256662115 0.01744 221
1753256697259 0.01772 222
1753256731723 0.01755 223
1753256766507 0.01765 224
1753256801323 0.01747 225
1753256836388 0.01767 226
1753256870790 0.01743 227
1753256905706 0.0174 228
1753256940316 0.01747 229
1753256974703 0.01738 230
1753257009920 0.01743 231
1753257045435 0.01751 232
1753257080277 0.01787 233
1753257114847 0.01747 234
1753257149695 0.01737 235
1753257184631 0.01731 236
1753257219748 0.0174 237
1753257254277 0.01749 238
1753257288684 0.01733 239
1753257323581 0.01736 240
1753257358727 0.01724 241
1753257393216 0.01729 242
1753257427231 0.01731 243
1753257462364 0.01737 244
1753257496898 0.01729 245
1753257531429 0.01727 246
1753257565760 0.01774 247
1753257600719 0.01792 248
1753257635951 0.01756 249
1753257670967 0.01739 250
1753257705823 0.01735 251
1753257740586 0.01749 252
1753257775497 0.01752 253
1753257810583 0.01744 254
1753257845225 0.01736 255
1753257879913 0.01741 256
1753257914186 0.01747 257
1753257949103 0.01763 258
1753257984096 0.01746 259
1753258018757 0.01741 260
1753258053324 0.0175 261
1753258088516 0.0174 262
1753258123218 0.01743 263
1753258158067 0.01739 264
1753258192954 0.0176 265
1753258227902 0.01758 266
1753258262958 0.01735 267
1753258298219 0.01734 268
1753258333611 0.01728 269
1753258368181 0.01744 270
1753258402900 0.01737 271
1753258437713 0.01744 272
1753258472516 0.01728 273
1753258507316 0.01726 274
1753258542171 0.01728 275
1753258576262 0.0172 276
1753258610709 0.01727 277
1753258646365 0.01716 278
1753258681831 0.01725 279
1753258716455 0.01728 280
1753258751081 0.0172 281
1753258785980 0.01721 282
1753258820468 0.01736 283
1753258855647 0.01746 284
1753258890005 0.01721 285
1753258924522 0.01718 286
1753258959028 0.01715 287
1753258994311 0.01717 288
1753259028674 0.01715 289
1753259063084 0.01729 290
1753259097593 0.0172 291
1753259131908 0.01716 292
1753259166697 0.01723 293
1753259201686 0.01723 294
1753259236628 0.01726 295
1753259271451 0.01743 296
1753259306738 0.01742 297
1753259341480 0.01726 298
1753259376220 0.01716 299
1753259410857 0.01741 300
