1753229812935 1.0 0
1753229826492 2.0 0
1753229840042 3.0 0
1753229854380 4.0 0
1753229867973 5.0 0
1753229881510 6.0 0
1753229894992 7.0 0
1753229908855 8.0 0
1753229922418 9.0 0
1753229935880 10.0 0
1753229949682 11.0 0
1753229963276 12.0 0
1753229976873 13.0 0
1753229990368 14.0 0
1753230004044 15.0 0
1753230017838 16.0 0
1753230031291 17.0 0
1753230044892 18.0 0
1753230058926 19.0 0
1753230072684 20.0 0
1753230086329 21.0 0
1753230100082 22.0 0
1753230113903 23.0 0
1753230127414 24.0 0
1753230140908 25.0 0
1753230154707 26.0 0
1753230168451 27.0 0
1753230182238 28.0 0
1753230195802 29.0 0
1753230209522 30.0 0
1753230223232 31.0 0
1753230236651 32.0 0
1753230250083 33.0 0
1753230263875 34.0 0
1753230277570 35.0 0
1753230291108 36.0 0
1753230305007 37.0 0
1753230318787 38.0 0
1753230332379 39.0 0
1753230345872 40.0 0
1753230359484 41.0 0
1753230373274 42.0 0
1753230386932 43.0 0
1753230400480 44.0 0
1753230428374 46.0 0
1753230441925 47.0 0
1753230455297 48.0 0
1753230469234 49.0 0
1753230482885 50.0 0
1753230496443 51.0 0
1753230509973 52.0 0
1753230564454 56.0 0
1753230578232 57.0 0
1753230605935 59.0 0
1753230619638 60.0 0
1753230674034 64.0 0
1753230687559 65.0 0
1753230782844 72.0 0
1753230823619 75.0 0
1753230850925 77.0 0
1753230891917 80.0 0
