1753229800564 0.52581 1
1753229815638 0.44898 2
1753229829188 0.39759 3
1753229843042 0.35326 4
1753229856971 0.31274 5
1753229870577 0.27794 6
1753229884055 0.24705 7
1753229897621 0.21964 8
1753229911462 0.19556 9
1753229925010 0.1746 10
1753229938518 0.15629 11
1753229952363 0.14042 12
1753229965888 0.12676 13
1753229979511 0.11484 14
1753229993054 0.10454 15
1753230006721 0.09562 16
1753230020477 0.08782 17
1753230034011 0.08106 18
1753230047497 0.07516 19
1753230061548 0.06998 20
1753230075322 0.06545 21
1753230088987 0.06139 22
1753230102690 0.05782 23
1753230116510 0.05473 24
1753230130094 0.05184 25
1753230143520 0.04934 26
1753230157322 0.04704 27
1753230171098 0.045 28
1753230184885 0.04315 29
1753230198419 0.04151 30
1753230212137 0.04004 31
1753230225828 0.03868 32
1753230239263 0.03739 33
1753230252761 0.03635 34
1753230266468 0.03521 35
1753230280202 0.03429 36
1753230293730 0.03336 37
1753230307630 0.03257 38
1753230321375 0.0318 39
1753230334899 0.03109 40
1753230348456 0.03047 41
1753230362167 0.02989 42
1753230375868 0.02928 43
1753230389633 0.02879 44
1753230403102 0.0283 45
1753230417087 0.02785 46
1753230430978 0.02742 47
1753230444424 0.02697 48
1753230457952 0.02659 49
1753230471888 0.02607 50
1753230485464 0.02545 51
1753230498967 0.0249 52
1753230512515 0.02446 53
1753230526222 0.02415 54
1753230539589 0.02391 55
1753230553049 0.02365 56
1753230567004 0.02341 57
1753230581205 0.0232 58
1753230594925 0.02301 59
1753230608515 0.02283 60
1753230622308 0.02266 61
1753230635901 0.02248 62
1753230649446 0.02232 63
1753230662836 0.02219 64
1753230676590 0.02202 65
1753230690250 0.0219 66
1753230703617 0.02177 67
1753230717372 0.02164 68
1753230730865 0.02153 69
1753230744628 0.02141 70
1753230758074 0.02132 71
1753230771534 0.02117 72
1753230785494 0.02107 73
1753230798958 0.02103 74
1753230812360 0.02088 75
1753230826170 0.02078 76
1753230839889 0.02077 77
1753230853556 0.02062 78
1753230866975 0.02059 79
1753230881031 0.02047 80
1753230894552 0.0204 81
1753230908069 0.02029 82
1753230921958 0.02024 83
1753230935658 0.02013 84
1753230949649 0.0201 85
1753230963140 0.02008 86
1753230976675 0.02 87
1753230990577 0.01991 88
1753231004251 0.01984 89
1753231017819 0.01979 90
1753231031688 0.0197 91
1753231045390 0.0197 92
1753231058905 0.01966 93
1753231072584 0.01961 94
1753231086531 0.01956 95
1753231100123 0.01951 96
1753231113756 0.01947 97
1753231127706 0.01939 98
1753231141258 0.01932 99
1753231155035 0.01933 100
1753231168610 0.01925 101
1753231182027 0.01924 102
1753231195711 0.01917 103
1753231209340 0.01914 104
1753231223111 0.01917 105
1753231236817 0.01907 106
1753231250533 0.01904 107
1753231264138 0.01904 108
1753231277760 0.01892 109
1753231291822 0.01891 110
1753231305413 0.01894 111
1753231319253 0.01884 112
1753231333073 0.0188 113
1753231346874 0.01881 114
1753231360720 0.01874 115
1753231374322 0.01873 116
1753231387902 0.01865 117
1753231401906 0.01866 118
1753231415660 0.01868 119
1753231429290 0.01861 120
1753231443175 0.01855 121
1753231456962 0.01855 122
1753231470504 0.01843 123
1753231483997 0.01844 124
1753231497668 0.01842 125
1753231511231 0.01839 126
1753231524892 0.01836 127
1753231538536 0.01835 128
1753231552249 0.01836 129
1753231566197 0.01835 130
1753231579842 0.01834 131
1753231593464 0.01828 132
1753231607405 0.01822 133
1753231620951 0.01823 134
1753231634354 0.01822 135
1753231648306 0.01818 136
1753231661949 0.01816 137
1753231675557 0.01809 138
1753231689025 0.01809 139
1753231702678 0.0181 140
1753231716407 0.01811 141
1753231729897 0.01803 142
1753231743658 0.01799 143
1753231757463 0.01799 144
1753231771038 0.01796 145
1753231784612 0.01799 146
1753231798132 0.01794 147
1753231811822 0.01797 148
1753231825557 0.01796 149
1753231838888 0.01792 150
1753231852540 0.01788 151
1753231865874 0.01787 152
1753231879492 0.01785 153
1753231892966 0.01785 154
1753231906599 0.01783 155
1753231920238 0.01784 156
1753231933866 0.01779 157
1753231947836 0.01777 158
1753231961507 0.01776 159
1753231975190 0.01777 160
1753231988681 0.01773 161
1753232002077 0.01771 162
1753232015860 0.0177 163
1753232029509 0.01768 164
1753232043241 0.01764 165
1753232057224 0.01765 166
1753232070727 0.01765 167
1753232084602 0.01762 168
1753232098261 0.01764 169
1753232112000 0.01763 170
1753232125688 0.01761 171
1753232139368 0.01754 172
1753232152977 0.01756 173
1753232166652 0.01756 174
1753232180354 0.0175 175
1753232193943 0.01748 176
1753232207636 0.01748 177
1753232221444 0.01749 178
1753232235069 0.01751 179
1753232248717 0.01744 180
1753232262315 0.01749 181
1753232275846 0.01742 182
1753232289642 0.01747 183
1753232303324 0.01745 184
1753232316887 0.01744 185
1753232330860 0.01743 186
1753232344355 0.01747 187
1753232357891 0.0174 188
1753232371643 0.01742 189
1753232385246 0.01738 190
1753232398853 0.01733 191
1753232412637 0.01734 192
1753232426255 0.01735 193
1753232440247 0.01738 194
1753232453778 0.01735 195
1753232467894 0.0173 196
1753232481552 0.0173 197
1753232495180 0.01734 198
1753232508895 0.01733 199
1753232522469 0.01731 200
1753232536438 0.01729 201
1753232550090 0.01728 202
1753232563510 0.01727 203
1753232577554 0.01726 204
1753232591165 0.01729 205
1753232604603 0.01729 206
1753232618649 0.01722 207
1753232632286 0.01726 208
1753232646255 0.01725 209
1753232659922 0.01722 210
1753232673802 0.01721 211
1753232687555 0.01723 212
1753232701163 0.01721 213
1753232714846 0.01717 214
1753232728414 0.0172 215
1753232742244 0.01719 216
1753232755816 0.01721 217
1753232769204 0.01719 218
1753232782818 0.01712 219
1753232796743 0.01713 220
1753232810213 0.01714 221
1753232824345 0.01713 222
1753232838362 0.01712 223
1753232851943 0.01713 224
1753232865349 0.01708 225
1753232879051 0.01713 226
1753232893241 0.01709 227
1753232906819 0.01713 228
1753232920788 0.01706 229
1753232934222 0.01709 230
1753232948086 0.01711 231
1753232961652 0.01708 232
1753232975370 0.01706 233
1753232989224 0.01706 234
1753233002811 0.01709 235
1753233016383 0.01706 236
1753233030180 0.01707 237
1753233043615 0.01703 238
1753233057317 0.01704 239
1753233070746 0.017 240
1753233084380 0.01704 241
1753233098180 0.01705 242
1753233111632 0.01704 243
1753233125328 0.0171 244
1753233138681 0.01699 245
1753233152340 0.01697 246
1753233165948 0.01696 247
1753233179548 0.01697 248
1753233193062 0.01702 249
1753233206397 0.01702 250
1753233219971 0.01698 251
1753233233624 0.01693 252
1753233247076 0.01698 253
1753233260660 0.01691 254
1753233274325 0.01696 255
1753233288029 0.017 256
1753233301617 0.01694 257
1753233315177 0.01689 258
1753233328850 0.0169 259
1753233342494 0.0169 260
1753233356076 0.0169 261
1753233369486 0.01696 262
1753233383241 0.01692 263
1753233396799 0.01689 264
1753233410355 0.01692 265
1753233423863 0.0169 266
1753233437543 0.01694 267
1753233451186 0.01687 268
1753233464734 0.01692 269
1753233478503 0.01689 270
1753233491989 0.01693 271
1753233506154 0.01695 272
1753233519585 0.0169 273
1753233533341 0.01686 274
1753233547105 0.01685 275
1753233560917 0.01685 276
1753233574358 0.01687 277
1753233588196 0.0169 278
1753233602003 0.01686 279
1753233615558 0.01692 280
1753233629070 0.01687 281
1753233642874 0.01689 282
1753233656664 0.01685 283
1753233670248 0.01682 284
1753233683956 0.01684 285
1753233697548 0.01681 286
1753233711337 0.01679 287
1753233724992 0.01681 288
1753233738455 0.01679 289
1753233752292 0.01679 290
1753233765989 0.01686 291
1753233779499 0.01682 292
1753233793281 0.01684 293
1753233806971 0.0168 294
1753233820725 0.01683 295
1753233834504 0.01681 296
1753233848155 0.01676 297
1753233861872 0.01678 298
1753233875759 0.01683 299
1753233889521 0.01684 300
