1752860435377 1.0 0
1752860454482 2.0 0
1752860473325 3.0 0
1752860491830 4.0 0
1752860510070 5.0 0
1752860529159 6.0 0
1752860548386 7.0 0
1752860566951 8.0 0
1752860585587 9.0 0
1752860604533 10.0 0
1752860624113 11.0 0
1752860642822 12.0 0
1752860661730 13.0 0
1752860680508 14.0 0
1752860699672 15.0 0
1752860718333 16.0 0
1752860736942 17.0 0
1752860755540 18.0 0
1752860774530 19.0 0
1752860793116 20.0 0
1752860811516 21.0 0
1752860830500 22.0 0
1752860849252 23.0 0
1752860868129 24.0 0
1752860905363 26.0 0
1752860924190 27.0 0
1752860961311 29.0 0
1752860980190 30.0 0
1752860998908 31.0 0
1752861017611 32.0 0
1752861073838 35.0 0
1752861092984 36.0 0
1752861112078 37.0 0
1752861149348 39.0 0
1752861168628 40.0 0
1752861187861 41.0 0
1752861301018 47.0 0
1752861339601 49.0 0
1752861433378 54.0 0
1752861471324 56.0 0
