1752860421314 0.44676 1
1752860440202 0.35029 2
1752860459225 0.28767 3
1752860478178 0.23745 4
1752860496539 0.19561 5
1752860514825 0.16145 6
1752860533888 0.13553 7
1752860553152 0.11516 8
1752860571630 0.09895 9
1752860590232 0.08599 10
1752860609280 0.07538 11
1752860628931 0.06667 12
1752860647471 0.0584 13
1752860666428 0.05211 14
1752860685303 0.0474 15
1752860704347 0.04363 16
1752860723042 0.04053 17
1752860741709 0.03792 18
1752860760458 0.03567 19
1752860779337 0.03384 20
1752860797858 0.03227 21
1752860816221 0.03089 22
1752860835123 0.02968 23
1752860853989 0.02864 24
1752860872895 0.02773 25
1752860891333 0.02692 26
1752860910023 0.02622 27
1752860928914 0.02562 28
1752860947460 0.02505 29
1752860966027 0.02457 30
1752860984870 0.02407 31
1752861003625 0.0237 32
1752861022233 0.02335 33
1752861040932 0.02301 34
1752861059790 0.02268 35
1752861078539 0.02239 36
1752861097650 0.02218 37
1752861116745 0.02197 38
1752861135211 0.0217 39
1752861154107 0.02153 40
1752861173398 0.02131 41
1752861192625 0.02115 42
1752861211645 0.02099 43
1752861230673 0.02083 44
1752861249588 0.02073 45
1752861267929 0.02053 46
1752861287137 0.02044 47
1752861305666 0.02033 48
1752861325005 0.02021 49
1752861344289 0.0201 50
1752861362707 0.01999 51
1752861381363 0.01993 52
1752861400164 0.01982 53
1752861418875 0.01976 54
1752861438079 0.01962 55
1752861456861 0.01959 56
1752861476032 0.0195 57
1752861494782 0.01943 58
1752861513803 0.01935 59
1752861532512 0.01934 60
1752861551325 0.01926 61
1752861569910 0.01921 62
1752861588657 0.01916 63
1752861607417 0.01913 64
1752861625933 0.01905 65
1752861645103 0.01898 66
