1753282859317 1.0 0
1753282892242 2.0 0
1753282924296 3.0 0
1753282956480 4.0 0
1753282988802 5.0 0
1753283021665 6.0 0
1753283055223 7.0 0
1753283088119 8.0 0
1753283120100 9.0 0
1753283153366 10.0 0
1753283185400 11.0 0
1753283217343 12.0 0
1753283249416 13.0 0
1753283281535 14.0 0
1753283313938 15.0 0
1753283346004 16.0 0
1753283378481 17.0 0
1753283410889 18.0 0
1753283443138 19.0 0
1753283476209 20.0 0
1753283508736 21.0 0
1753283541292 22.0 0
1753283605978 24.0 0
1753283638676 25.0 0
1753283770069 29.0 0
1753283803072 30.0 0
1753283835280 31.0 0
1753284031696 37.0 0
1753284130432 40.0 0
1753284396362 48.0 0
