1753282841611 0.52468 1
1753282874742 0.37152 2
1753282907566 0.2761 3
1753282939606 0.20625 4
1753282971798 0.15594 5
1753283004075 0.12066 6
1753283036917 0.09595 7
1753283070584 0.07853 8
1753283103449 0.06597 9
1753283135368 0.05678 10
1753283168734 0.04882 11
1753283200731 0.04302 12
1753283232620 0.0389 13
1753283264738 0.03581 14
1753283296835 0.03338 15
1753283329204 0.03136 16
1753283361405 0.02978 17
1753283394021 0.02841 18
1753283426321 0.02727 19
1753283458636 0.02631 20
1753283491913 0.02549 21
1753283524214 0.02473 22
1753283556755 0.02413 23
1753283589165 0.0236 24
1753283621634 0.02316 25
1753283654238 0.02274 26
1753283686816 0.02237 27
1753283720253 0.02202 28
1753283753292 0.02172 29
1753283785997 0.0215 30
1753283818569 0.02122 31
1753283851082 0.02104 32
1753283883525 0.02085 33
1753283915985 0.02064 34
1753283949267 0.02046 35
1753283982145 0.02035 36
1753284014755 0.0202 37
1753284047390 0.02008 38
1753284079949 0.01997 39
1753284113464 0.01986 40
1753284146071 0.01972 41
1753284179798 0.01965 42
1753284212622 0.01955 43
1753284245578 0.01949 44
1753284279103 0.0194 45
1753284312106 0.01935 46
1753284345223 0.01924 47
1753284378249 0.01923 48
1753284412050 0.0191 49
1753284445039 0.01908 50
1753284478183 0.01899 51
1753284511123 0.01897 52
1753284545135 0.01889 53
1753284578898 0.01881 54
1753284612037 0.01876 55
1753284645956 0.01872 56
1753284678935 0.01873 57
1753284712647 0.01864 58
1753284745803 0.01855 59
1753284778905 0.01854 60
1753284812880 0.01855 61
1753284845874 0.01848 62
1753284879345 0.01846 63
1753284912228 0.01845 64
1753284945280 0.01839 65
1753284978719 0.01839 66
1753285011729 0.01828 67
1753285045004 0.01829 68
1753285078442 0.01826 69
1753285111614 0.01825 70
1753285144870 0.01817 71
1753285178058 0.01811 72
1753285211320 0.01811 73
1753285243935 0.01816 74
1753285277625 0.01807 75
1753285310912 0.01806 76
1753285344240 0.01801 77
1753285377376 0.01804 78
1753285410629 0.018 79
1753285443418 0.018 80
1753285476376 0.01798 81
1753285509705 0.01795 82
1753285542672 0.01792 83
1753285575829 0.01795 84
1753285609005 0.01786 85
1753285642096 0.01787 86
1753285675369 0.01784 87
1753285709089 0.01781 88
1753285742194 0.01778 89
1753285775374 0.01779 90
1753285808597 0.01779 91
1753285841692 0.01778 92
1753285875059 0.01772 93
1753285908658 0.01768 94
1753285942042 0.01769 95
1753285975077 0.01768 96
1753286008447 0.01768 97
1753286041734 0.01761 98
1753286074848 0.01757 99
1753286108231 0.01762 100
1753286142026 0.01759 101
1753286176799 0.01758 102
1753286210144 0.01756 103
1753286246424 0.01757 104
1753286279930 0.01753 105
1753286313278 0.01753 106
1753286347110 0.01752 107
1753286381205 0.01746 108
1753286415063 0.01746 109
1753286447716 0.01746 110
1753286480877 0.01749 111
1753286514326 0.01745 112
1753286547230 0.01743 113
1753286580080 0.0174 114
1753286612522 0.01743 115
1753286645108 0.01738 116
1753286677919 0.01738 117
1753286710355 0.0174 118
1753286742692 0.01731 119
1753286775907 0.01735 120
1753286809494 0.01735 121
1753286842901 0.01735 122
1753286876023 0.01732 123
1753286909587 0.01728 124
1753286942712 0.01726 125
1753286977131 0.01727 126
1753287009608 0.01727 127
1753287042031 0.01727 128
1753287075098 0.01723 129
1753287108109 0.01724 130
1753287141004 0.01725 131
1753287174218 0.01723 132
1753287207344 0.01721 133
1753287240665 0.01717 134
1753287273842 0.01721 135
1753287307335 0.01716 136
1753287340448 0.01715 137
1753287373016 0.01716 138
1753287406531 0.01714 139
1753287439227 0.01716 140
1753287471922 0.01714 141
1753287505847 0.01713 142
1753287538965 0.01714 143
1753287571797 0.01714 144
1753287605359 0.01711 145
1753287637610 0.0171 146
1753287671041 0.01709 147
1753287705106 0.01707 148
1753287738335 0.01708 149
1753287771704 0.01708 150
1753287804902 0.01708 151
1753287837981 0.01712 152
1753287871343 0.01701 153
1753287905235 0.01703 154
1753287938491 0.01701 155
1753287972465 0.01705 156
1753288005617 0.01703 157
1753288039351 0.01701 158
1753288072455 0.01699 159
1753288106156 0.01701 160
1753288139443 0.01702 161
1753288173498 0.01697 162
1753288206526 0.01699 163
1753288240043 0.017 164
1753288273073 0.01696 165
1753288306939 0.01697 166
1753288339433 0.01699 167
1753288371914 0.01695 168
1753288404498 0.017 169
1753288436649 0.01696 170
1753288470478 0.0169 171
1753288503898 0.01694 172
1753288537163 0.01695 173
1753288571004 0.01689 174
1753288604422 0.01694 175
1753288637791 0.01694 176
1753288670396 0.01691 177
1753288702707 0.01693 178
1753288735057 0.01692 179
1753288767851 0.01692 180
1753288801130 0.0169 181
1753288833885 0.01688 182
1753288867071 0.01688 183
1753288900024 0.01688 184
1753288933264 0.01691 185
1753288966643 0.0169 186
1753288999645 0.01689 187
1753289032912 0.01683 188
1753289066249 0.01683 189
1753289099379 0.01686 190
1753289131897 0.01687 191
1753289165130 0.01686 192
1753289198773 0.01684 193
1753289231766 0.01684 194
1753289264829 0.01685 195
1753289297108 0.01686 196
1753289330353 0.01682 197
1753289363543 0.01679 198
1753289395933 0.01682 199
1753289428383 0.01678 200
1753289460837 0.01683 201
1753289494194 0.0168 202
1753289526870 0.01678 203
1753289559841 0.01678 204
1753289592812 0.01682 205
1753289625897 0.0168 206
1753289658661 0.01679 207
1753289691922 0.01679 208
1753289725365 0.01679 209
1753289758125 0.01681 210
1753289790971 0.01679 211
1753289823360 0.01676 212
1753289856525 0.01674 213
1753289889888 0.01675 214
1753289922378 0.01675 215
1753289955366 0.01673 216
1753289988131 0.01674 217
1753290020918 0.01674 218
1753290054298 0.01678 219
1753290087182 0.01678 220
1753290120359 0.01676 221
1753290153124 0.01674 222
1753290186642 0.01674 223
1753290219378 0.01676 224
1753290252484 0.01674 225
1753290285674 0.0167 226
1753290319174 0.0167 227
1753290352370 0.0167 228
1753290385891 0.01673 229
1753290418959 0.0167 230
1753290452210 0.01667 231
1753290486379 0.01674 232
1753290520150 0.01669 233
1753290553330 0.0167 234
1753290587381 0.01671 235
1753290619960 0.01666 236
1753290653806 0.01673 237
1753290687060 0.01671 238
1753290720353 0.01667 239
1753290753068 0.0167 240
1753290786498 0.01665 241
1753290819765 0.01667 242
1753290852930 0.01667 243
1753290885780 0.01664 244
1753290919015 0.01667 245
1753290952102 0.01669 246
1753290985965 0.01669 247
1753291019758 0.01665 248
1753291053145 0.01668 249
1753291086352 0.01666 250
1753291120192 0.01668 251
1753291153616 0.01665 252
1753291186256 0.01661 253
1753291219479 0.01665 254
1753291252896 0.01663 255
1753291286510 0.01663 256
1753291320244 0.01663 257
1753291354092 0.01663 258
1753291387563 0.01661 259
1753291420688 0.01661 260
1753291454035 0.01666 261
1753291487203 0.01665 262
1753291520701 0.01664 263
1753291554122 0.01664 264
1753291587817 0.01664 265
1753291620830 0.0166 266
1753291654402 0.01661 267
1753291688094 0.0166 268
1753291721222 0.01661 269
1753291754995 0.01662 270
1753291788085 0.01661 271
1753291820915 0.01658 272
1753291854434 0.01654 273
1753291887896 0.01661 274
1753291921208 0.0166 275
1753291954295 0.01661 276
1753291987981 0.01659 277
1753292021108 0.01655 278
1753292054481 0.01654 279
1753292088058 0.01662 280
1753292120771 0.0166 281
1753292153982 0.01659 282
1753292187331 0.01659 283
1753292220488 0.01659 284
1753292253762 0.01659 285
1753292287229 0.01659 286
1753292320704 0.01659 287
1753292354326 0.01658 288
1753292387627 0.01659 289
1753292420943 0.01656 290
1753292454332 0.01654 291
1753292487377 0.01655 292
1753292520758 0.01657 293
1753292554218 0.01658 294
1753292587249 0.01653 295
1753292620388 0.01657 296
1753292653452 0.01653 297
1753292686976 0.01654 298
1753292720189 0.01654 299
1753292753822 0.01656 300
