1753257402563 1.0 0
1753257418251 2.0 0
1753257432785 3.0 0
1753257447350 4.0 0
1753257462249 5.0 0
1753257476955 6.0 0
1753257491438 7.0 0
1753257506038 8.0 0
1753257520913 9.0 0
1753257535609 10.0 0
1753257550047 11.0 0
1753257565132 12.0 0
1753257579638 13.0 0
1753257594276 14.0 0
1753257608868 15.0 0
1753257623650 16.0 0
1753257638730 17.0 0
1753257653219 18.0 0
1753257667924 19.0 0
1753257682796 20.0 0
1753257697364 21.0 0
1753257711962 22.0 0
1753257726648 23.0 0
1753257741448 24.0 0
1753257756041 25.0 0
1753257770685 26.0 0
1753257785617 27.0 0
1753257800286 28.0 0
1753257814809 29.0 0
1753257829349 30.0 0
1753257843948 31.0 0
1753257858865 32.0 0
1753257873839 33.0 0
1753257888420 34.0 0
1753257903214 35.0 0
1753257946884 38.0 0
1753257961691 39.0 0
1753257990875 41.0 0
1753258020285 43.0 0
1753258034888 44.0 0
1753258049456 45.0 0
1753258107930 49.0 0
1753258224841 57.0 0
1753258355866 66.0 0
1753258399594 69.0 0
1753258414074 70.0 0
