1753257390464 0.54533 1
1753257406207 0.4293 2
1753257421935 0.3649 3
1753257436460 0.30992 4
1753257451038 0.26196 5
1753257465845 0.22114 6
1753257480610 0.18708 7
1753257495076 0.15906 8
1753257509616 0.13618 9
1753257524589 0.1175 10
1753257539160 0.10232 11
1753257553753 0.08997 12
1753257568699 0.07989 13
1753257583338 0.07165 14
1753257597973 0.06468 15
1753257612513 0.05897 16
1753257627283 0.05424 17
1753257642279 0.05018 18
1753257656908 0.04679 19
1753257671449 0.04385 20
1753257686426 0.04135 21
1753257701069 0.03916 22
1753257715772 0.03729 23
1753257730170 0.03561 24
1753257745139 0.0342 25
1753257759648 0.03288 26
1753257774301 0.03178 27
1753257789263 0.03077 28
1753257803883 0.02985 29
1753257818429 0.02902 30
1753257833025 0.0283 31
1753257847564 0.02763 32
1753257862519 0.02699 33
1753257877526 0.02644 34
1753257892020 0.02595 35
1753257906757 0.02546 36
1753257921455 0.02505 37
1753257935959 0.02467 38
1753257950435 0.02429 39
1753257965393 0.02399 40
1753257979870 0.02365 41
1753257994480 0.02333 42
1753258009271 0.0231 43
1753258023864 0.02286 44
1753258038558 0.0226 45
1753258053133 0.02246 46
1753258067585 0.02223 47
1753258082409 0.02197 48
1753258096930 0.02178 49
1753258111572 0.02162 50
1753258126126 0.02149 51
1753258140575 0.02135 52
1753258155162 0.02119 53
1753258170115 0.02103 54
1753258184617 0.02092 55
1753258199116 0.02074 56
1753258213826 0.02069 57
1753258228410 0.02055 58
1753258243102 0.02043 59
1753258257651 0.02031 60
1753258272022 0.02029 61
1753258286959 0.02015 62
1753258301431 0.02012 63
1753258315906 0.02002 64
1753258330380 0.01995 65
1753258344953 0.01982 66
1753258359551 0.01975 67
1753258373970 0.01968 68
1753258388647 0.01961 69
1753258403256 0.01955 70
1753258417655 0.01949 71
1753258432066 0.01946 72
1753258446631 0.01939 73
1753258461645 0.01933 74
1753258476136 0.01927 75
1753258490631 0.01925 76
1753258505389 0.01914 77
1753258519946 0.01907 78
1753258534406 0.01902 79
1753258548931 0.019 80
1753258563756 0.01897 81
1753258578321 0.0189 82
1753258592739 0.01889 83
1753258607986 0.01882 84
1753258623000 0.01877 85
1753258637518 0.01872 86
1753258652087 0.01868 87
1753258666598 0.01866 88
1753258681249 0.01863 89
1753258695724 0.01861 90
1753258710227 0.01859 91
1753258724878 0.01854 92
1753258739456 0.01848 93
1753258754173 0.01846 94
1753258768650 0.01843 95
1753258783491 0.01842 96
1753258798157 0.01841 97
1753258812740 0.01836 98
1753258827550 0.01835 99
1753258842205 0.01828 100
1753258856807 0.01828 101
1753258871367 0.01827 102
1753258885980 0.01822 103
1753258900871 0.01821 104
1753258915296 0.01819 105
1753258930228 0.01814 106
1753258945272 0.01813 107
1753258959680 0.01814 108
1753258974301 0.01803 109
1753258988798 0.01805 110
1753259003697 0.01807 111
1753259018239 0.01802 112
1753259032796 0.01799 113
1753259047688 0.01797 114
1753259062286 0.01795 115
1753259076827 0.01795 116
1753259091621 0.01791 117
1753259106138 0.0179 118
1753259121150 0.01792 119
1753259135785 0.01786 120
1753259150327 0.01785 121
1753259165014 0.01783 122
1753259179401 0.01783 123
1753259194081 0.01781 124
1753259208570 0.01779 125
1753259223070 0.01775 126
1753259237630 0.01776 127
1753259252248 0.01774 128
1753259266908 0.01771 129
1753259281395 0.0177 130
1753259295920 0.01771 131
1753259310522 0.01765 132
1753259325188 0.01762 133
1753259339681 0.01763 134
1753259354225 0.01762 135
1753259368854 0.01759 136
1753259383341 0.01763 137
1753259398315 0.01759 138
1753259412958 0.01757 139
1753259427573 0.01754 140
1753259442068 0.01756 141
1753259457016 0.01753 142
1753259471553 0.01753 143
1753259486195 0.01751 144
1753259501090 0.01752 145
1753259515521 0.01751 146
1753259530129 0.01749 147
1753259545168 0.01747 148
1753259559627 0.01746 149
1753259574228 0.01749 150
1753259588783 0.01746 151
1753259603356 0.01744 152
1753259618251 0.01745 153
1753259632616 0.01742 154
1753259647288 0.01737 155
1753259661936 0.01733 156
1753259676547 0.01737 157
1753259691140 0.01736 158
1753259705671 0.01738 159
1753259720726 0.01738 160
1753259735214 0.01737 161
1753259749713 0.01732 162
1753259764575 0.0173 163
1753259779142 0.01733 164
1753259793575 0.01729 165
1753259808050 0.01729 166
1753259822443 0.01733 167
1753259837169 0.01726 168
1753259851684 0.01729 169
1753259866599 0.01728 170
1753259881131 0.01725 171
1753259895577 0.01724 172
1753259909982 0.01729 173
1753259924509 0.01726 174
1753259939311 0.01719 175
1753259953780 0.01724 176
1753259968291 0.01721 177
1753259983130 0.01721 178
1753259997531 0.01719 179
1753260012160 0.01717 180
1753260026996 0.01716 181
1753260041644 0.01721 182
1753260056322 0.01714 183
1753260070921 0.01718 184
1753260085651 0.01715 185
1753260100142 0.01717 186
1753260114914 0.01714 187
1753260129324 0.01715 188
1753260143896 0.01713 189
1753260158593 0.01709 190
1753260173088 0.01711 191
1753260187641 0.01712 192
1753260202807 0.0171 193
1753260217416 0.01706 194
1753260231816 0.01709 195
1753260246402 0.0171 196
1753260260872 0.01707 197
1753260275634 0.01708 198
1753260290131 0.01707 199
1753260304884 0.01708 200
1753260319502 0.01703 201
1753260334093 0.01704 202
1753260348581 0.01704 203
1753260363081 0.01705 204
1753260377812 0.01701 205
1753260392138 0.01704 206
1753260406447 0.01702 207
1753260421225 0.017 208
1753260435878 0.01704 209
1753260450525 0.01702 210
1753260464987 0.01698 211
1753260479464 0.01701 212
1753260494268 0.01697 213
1753260508779 0.01699 214
1753260523568 0.01697 215
1753260537939 0.01701 216
1753260552408 0.01696 217
1753260566971 0.01695 218
1753260581472 0.01694 219
1753260596813 0.01693 220
1753260611298 0.01696 221
1753260625783 0.017 222
1753260640755 0.01695 223
1753260655273 0.01694 224
1753260669802 0.01694 225
1753260684332 0.01694 226
1753260698850 0.01697 227
1753260713660 0.01694 228
1753260728088 0.01692 229
1753260742902 0.01697 230
1753260757457 0.01695 231
1753260771982 0.01692 232
1753260786646 0.0169 233
1753260801070 0.0169 234
1753260815924 0.0169 235
1753260830457 0.01688 236
1753260844944 0.01688 237
1753260859787 0.01686 238
1753260874380 0.01689 239
1753260888816 0.01687 240
1753260903350 0.01688 241
1753260917798 0.01687 242
1753260932538 0.01688 243
1753260947115 0.01688 244
1753260962038 0.0169 245
1753260976592 0.01687 246
1753260991517 0.01684 247
1753261006011 0.01683 248
1753261020674 0.01681 249
1753261035600 0.01684 250
1753261050242 0.01685 251
1753261064689 0.01682 252
1753261079608 0.01685 253
1753261093981 0.01684 254
1753261108763 0.01682 255
1753261123618 0.0168 256
1753261138324 0.01683 257
1753261152861 0.01686 258
1753261167386 0.01684 259
1753261181966 0.01681 260
1753261196822 0.01679 261
1753261211685 0.01679 262
1753261226230 0.01681 263
1753261241013 0.01684 264
1753261255621 0.01681 265
1753261270063 0.01679 266
1753261284623 0.01679 267
1753261299441 0.01681 268
1753261314165 0.01678 269
1753261328738 0.01684 270
1753261343751 0.01679 271
1753261358308 0.01678 272
1753261372735 0.01678 273
1753261387356 0.01677 274
1753261401704 0.01677 275
1753261416674 0.01676 276
1753261431267 0.01676 277
1753261445802 0.01673 278
1753261460424 0.01674 279
1753261475012 0.01674 280
1753261489534 0.01674 281
1753261504152 0.01674 282
1753261518750 0.01675 283
1753261533798 0.01677 284
1753261548132 0.01677 285
1753261562961 0.01673 286
1753261577380 0.01672 287
1753261591963 0.01676 288
1753261606608 0.01673 289
1753261621135 0.01673 290
1753261635865 0.01671 291
1753261650449 0.01674 292
1753261665037 0.01673 293
1753261679866 0.01671 294
1753261694306 0.01672 295
1753261709060 0.01671 296
1753261723503 0.01674 297
1753261738461 0.01674 298
1753261753325 0.01674 299
1753261768240 0.01672 300
