1753234191991 1.0 0
1753234207771 2.0 0
1753234223493 3.0 0
1753234239540 4.0 0
1753234255188 5.0 0
1753234271332 6.0 0
1753234287278 7.0 0
1753234302728 8.0 0
1753234318611 9.0 0
1753234334099 10.0 0
1753234349600 11.0 0
1753234365333 12.0 0
1753234380845 13.0 0
1753234396265 14.0 0
1753234412006 15.0 0
1753234427720 16.0 0
1753234443278 17.0 0
1753234458799 18.0 0
1753234474422 19.0 0
1753234489898 20.0 0
1753234505400 21.0 0
1753234521102 22.0 0
1753234536475 23.0 0
1753234552061 24.0 0
1753234567600 25.0 0
1753234582999 26.0 0
1753234598760 27.0 0
1753234614298 28.0 0
1753234629828 29.0 0
1753234645519 30.0 0
1753234661221 31.0 0
1753234692478 33.0 0
1753234708358 34.0 0
1753234723763 35.0 0
1753234755137 37.0 0
1753234786225 39.0 0
1753234801853 40.0 0
1753234848589 43.0 0
1753234973318 51.0 0
1753234988877 52.0 0
1753235019913 54.0 0
1753235035400 55.0 0
1753235081743 58.0 0
1753235190820 65.0 0
