1753234173474 0.53388 1
1753234196565 0.42498 2
1753234212368 0.36262 3
1753234228036 0.31135 4
1753234243977 0.26612 5
1753234259848 0.2261 6
1753234275787 0.19324 7
1753234291653 0.16577 8
1753234307156 0.14295 9
1753234323083 0.12003 10
1753234338564 0.10251 11
1753234354062 0.08888 12
1753234369821 0.07818 13
1753234385299 0.06952 14
1753234400696 0.06245 15
1753234416421 0.05672 16
1753234432212 0.05188 17
1753234447797 0.04785 18
1753234463164 0.04454 19
1753234478890 0.04193 20
1753234494349 0.03929 21
1753234509834 0.03719 22
1753234525463 0.03542 23
1753234540830 0.03383 24
1753234556584 0.03245 25
1753234571989 0.03123 26
1753234587479 0.0302 27
1753234603280 0.02926 28
1753234618813 0.0284 29
1753234634303 0.02765 30
1753234649991 0.02697 31
1753234665604 0.02633 32
1753234681149 0.02579 33
1753234697068 0.0253 34
1753234712758 0.02486 35
1753234728335 0.02448 36
1753234743844 0.02406 37
1753234759572 0.0237 38
1753234775009 0.0234 39
1753234790764 0.02308 40
1753234806288 0.02282 41
1753234821936 0.02258 42
1753234837560 0.02238 43
1753234853006 0.02212 44
1753234868536 0.0219 45
1753234884741 0.0217 46
1753234900301 0.02153 47
1753234915813 0.02139 48
1753234931348 0.02122 49
1753234946944 0.02105 50
1753234962314 0.02089 51
1753234977656 0.02079 52
1753234993342 0.02063 53
1753235008693 0.02053 54
1753235024385 0.02046 55
1753235039809 0.02034 56
1753235055161 0.02021 57
1753235070768 0.0201 58
1753235086267 0.02004 59
1753235101562 0.01993 60
1753235117292 0.0199 61
1753235132915 0.0198 62
1753235148501 0.01969 63
1753235164078 0.01966 64
1753235179791 0.01958 65
1753235195349 0.01954 66
1753235210905 0.01943 67
1753235226611 0.01938 68
1753235242025 0.01932 69
1753235257698 0.01928 70
1753235273091 0.01927 71
1753235288543 0.01913 72
1753235304764 0.0191 73
1753235320521 0.01901 74
1753235336026 0.019 75
1753235351699 0.01897 76
1753235367408 0.01892 77
1753235382730 0.0189 78
1753235398199 0.01891 79
1753235413810 0.01882 80
1753235429249 0.01875 81
1753235444627 0.01869 82
1753235460278 0.01874 83
1753235475713 0.01863 84
1753235491332 0.01857 85
1753235506839 0.01858 86
1753235522122 0.01853 87
1753235538055 0.0185 88
1753235553625 0.01845 89
1753235569002 0.01845 90
1753235584590 0.01842 91
1753235600263 0.01842 92
1753235615708 0.01837 93
1753235631006 0.01831 94
1753235646751 0.01829 95
1753235662057 0.01828 96
1753235677745 0.0183 97
1753235693512 0.01828 98
1753235708882 0.0182 99
1753235724655 0.01822 100
1753235740384 0.01814 101
1753235756165 0.01813 102
1753235771891 0.01813 103
1753235787522 0.01808 104
1753235802926 0.01808 105
1753235818716 0.01812 106
1753235834329 0.01802 107
1753235849746 0.01804 108
1753235865343 0.01797 109
1753235880989 0.01801 110
1753235896875 0.01794 111
1753235912210 0.01791 112
1753235927698 0.01791 113
1753235943571 0.01791 114
1753235958964 0.01789 115
1753235974359 0.01791 116
1753235990027 0.01787 117
1753236005618 0.01782 118
1753236021014 0.0178 119
1753236036601 0.01782 120
1753236052202 0.0178 121
1753236067922 0.0178 122
1753236083385 0.01777 123
1753236099078 0.01773 124
1753236114404 0.01772 125
1753236130248 0.0177 126
1753236145845 0.01768 127
1753236161453 0.0177 128
1753236177150 0.01767 129
1753236192585 0.01764 130
1753236208126 0.01767 131
1753236223838 0.01768 132
1753236239759 0.01768 133
1753236255176 0.01761 134
1753236270563 0.01759 135
1753236286191 0.01755 136
1753236301879 0.01756 137
1753236317231 0.01755 138
1753236332923 0.01761 139
1753236348612 0.01753 140
1753236364236 0.01753 141
1753236379670 0.01751 142
1753236395203 0.0175 143
1753236410857 0.01754 144
1753236426363 0.01748 145
1753236441906 0.0175 146
1753236457564 0.01749 147
1753236473281 0.01746 148
1753236488758 0.01748 149
1753236504332 0.01743 150
1753236520075 0.01744 151
1753236535775 0.01742 152
1753236551214 0.01746 153
1753236567065 0.01739 154
1753236582558 0.01739 155
1753236598216 0.0174 156
1753236613620 0.01747 157
1753236629239 0.01738 158
1753236644843 0.01739 159
1753236660346 0.01732 160
1753236675874 0.01733 161
1753236691503 0.01736 162
1753236707154 0.0173 163
1753236722717 0.01733 164
1753236738268 0.01731 165
1753236754083 0.01729 166
1753236769749 0.0173 167
1753236785120 0.01736 168
1753236800814 0.01729 169
1753236816354 0.01727 170
1753236832378 0.01729 171
1753236847739 0.01723 172
1753236863056 0.0173 173
1753236878639 0.01725 174
1753236894057 0.01726 175
1753236909503 0.01726 176
1753236925157 0.01724 177
1753236941322 0.01724 178
1753236956981 0.01728 179
1753236972474 0.01726 180
1753236988582 0.01722 181
1753237004611 0.01719 182
1753237020134 0.01719 183
1753237036136 0.01719 184
1753237051959 0.0172 185
1753237067442 0.01716 186
1753237083081 0.01714 187
1753237098524 0.01719 188
1753237114312 0.01712 189
1753237129905 0.01716 190
1753237145327 0.01713 191
1753237161061 0.01712 192
1753237176709 0.01714 193
1753237192175 0.01714 194
1753237207562 0.0171 195
1753237222994 0.01715 196
1753237238621 0.01711 197
1753237254026 0.01712 198
1753237269772 0.0171 199
1753237285413 0.01713 200
1753237301025 0.01709 201
1753237316518 0.01709 202
1753237332172 0.01706 203
1753237347918 0.0171 204
1753237363414 0.01708 205
1753237378791 0.01708 206
1753237394538 0.01706 207
1753237410109 0.01711 208
1753237425807 0.01708 209
1753237441184 0.01707 210
1753237456645 0.01706 211
1753237472360 0.01705 212
1753237487842 0.01702 213
1753237503356 0.01699 214
1753237519236 0.01705 215
1753237534722 0.01698 216
1753237550186 0.01701 217
1753237565824 0.017 218
1753237581487 0.01702 219
1753237597287 0.01703 220
1753237612819 0.017 221
1753237628529 0.01701 222
1753237644229 0.01699 223
1753237659870 0.01701 224
1753237675570 0.01699 225
1753237690929 0.01705 226
1753237706605 0.01698 227
1753237721912 0.01693 228
1753237737277 0.01696 229
1753237752943 0.01696 230
1753237768415 0.01698 231
1753237783959 0.01695 232
1753237799512 0.01695 233
1753237815501 0.01694 234
1753237830991 0.01696 235
1753237846738 0.01693 236
1753237862389 0.01697 237
1753237878170 0.01695 238
1753237893772 0.01705 239
1753237909393 0.01695 240
1753237924897 0.01694 241
1753237940714 0.0169 242
1753237956134 0.01696 243
1753237971740 0.01693 244
1753237987620 0.01689 245
1753238003112 0.01688 246
1753238018669 0.01693 247
1753238034373 0.01687 248
1753238050147 0.01693 249
1753238065789 0.01686 250
1753238081261 0.01688 251
1753238097154 0.01692 252
1753238112890 0.01688 253
1753238128389 0.01696 254
1753238144007 0.01689 255
1753238159449 0.01692 256
1753238175137 0.01689 257
1753238190472 0.01688 258
1753238205844 0.01685 259
1753238221517 0.01687 260
1753238236990 0.01689 261
1753238252488 0.01692 262
1753238268538 0.01688 263
1753238284377 0.0169 264
1753238299854 0.01687 265
1753238315467 0.01683 266
1753238331154 0.01685 267
1753238346941 0.01685 268
1753238362377 0.01686 269
1753238377855 0.01684 270
1753238393370 0.01684 271
1753238409229 0.01686 272
1753238424813 0.01682 273
1753238440327 0.01687 274
1753238456104 0.01681 275
1753238471631 0.01681 276
1753238487325 0.0168 277
1753238503044 0.0168 278
1753238518710 0.01683 279
1753238534281 0.01687 280
1753238549721 0.01683 281
1753238565314 0.01682 282
1753238580966 0.01681 283
1753238596445 0.01685 284
1753238612041 0.01679 285
1753238627392 0.0168 286
1753238642984 0.01677 287
1753238658531 0.01678 288
1753238674029 0.01678 289
1753238689880 0.01681 290
1753238705406 0.01679 291
1753238720800 0.01678 292
1753238736521 0.01679 293
1753238752215 0.01676 294
1753238767793 0.01681 295
1753238783435 0.0168 296
1753238799155 0.01678 297
1753238815259 0.01675 298
1753238830681 0.01678 299
1753238846314 0.01688 300
