1751311145059 1.0 0
1751311281894 2.0 0
1751311415678 3.0 0
1751311552917 4.0 0
1751311692868 5.0 0
1751311827039 6.0 0
1751311960794 7.0 0
1751312092805 8.0 0
1751312225987 9.0 0
1751312360607 10.0 0
1751312496181 11.0 0
1751312633031 12.0 0
1751312771826 13.0 0
1751312902231 14.0 0
1751313037067 15.0 0
1751313174076 16.0 0
1751313309569 17.0 0
1751313441008 18.0 0
1751313570898 19.0 0
1751313701137 20.0 0
1751313967432 22.0 0
1751314101862 23.0 0
1751314235598 24.0 0
1751314374655 25.0 0
1751314505952 26.0 0
1751314775792 28.0 0
1751314908145 29.0 0
1751315173088 31.0 0
1751315435803 33.0 0
1751315572058 34.0 0
1751315970500 37.0 0
1751316643210 42.0 0
1751316908770 44.0 0
