1751311030578 0.49588 1
1751311246645 0.22477 2
1751311381718 0.10483 3
1751311522278 0.06165 4
1751311662295 0.04372 5
1751311795769 0.03493 6
1751311926309 0.03002 7
1751312058307 0.027 8
1751312195552 0.02503 9
1751312330026 0.02355 10
1751312465569 0.02247 11
1751312599756 0.02173 12
1751312733443 0.02118 13
1751312870869 0.02071 14
1751313005976 0.0204 15
1751313143429 0.02016 16
1751313277723 0.01992 17
1751313408398 0.01971 18
1751313537819 0.01957 19
1751313670757 0.01942 20
1751313803663 0.01925 21
1751313937282 0.01917 22
1751314069063 0.01911 23
1751314200968 0.01901 24
1751314340399 0.01889 25
1751314475197 0.01882 26
1751314609110 0.01878 27
1751314745480 0.01872 28
1751314877712 0.01865 29
1751315008256 0.0186 30
1751315139138 0.01856 31
1751315272133 0.01851 32
1751315405227 0.01848 33
1751315541339 0.01847 34
1751315673874 0.01841 35
1751315805011 0.0184 36
1751315937486 0.01835 37
1751316070687 0.01829 38
1751316205662 0.01827 39
1751316339818 0.01825 40
1751316478388 0.01822 41
1751316608720 0.01824 42
1751316741316 0.01816 43
1751316876839 0.01816 44
1751317011605 0.01811 45
1751317144234 0.01807 46
1751317273313 0.0181 47
1751317403077 0.01803 48
1751317536065 0.01804 49
1751317668655 0.01803 50
1751317801821 0.018 51
