1753354915407 1.0 0
1753354933530 2.0 0
1753354951841 3.0 0
1753354970598 4.0 0
1753354988710 5.0 0
1753355007144 6.0 0
1753355025292 7.0 0
1753355043977 8.0 0
1753355062710 9.0 0
1753355080939 10.0 0
1753355098886 11.0 0
1753355117026 12.0 0
1753355135741 13.0 0
1753355153839 14.0 0
1753355172339 15.0 0
1753355191385 16.0 0
1753355209823 17.0 0
1753355228433 18.0 0
1753355246766 19.0 0
1753355265779 20.0 0
1753355283743 21.0 0
1753355301835 22.0 0
1753355319758 23.0 0
1753355338501 24.0 0
1753355357342 25.0 0
1753355375938 26.0 0
1753355393758 27.0 0
1753355411914 28.0 0
1753355430681 29.0 0
1753355449135 30.0 0
1753355468030 31.0 0
1753355486298 32.0 0
1753355504791 33.0 0
1753355522763 34.0 0
1753355540852 35.0 0
1753355559199 36.0 0
1753355577434 37.0 0
1753355632305 40.0 0
1753355650294 41.0 0
1753355687664 43.0 0
1753355725125 45.0 0
1753355761188 47.0 0
1753355816602 50.0 0
1753355852998 52.0 0
1753355871182 53.0 0
1753355926298 56.0 0
1753356000603 60.0 0
