1753354900328 0.58067 1
1753354919555 0.48541 2
1753354937635 0.42704 3
1753354955940 0.37498 4
1753354974655 0.32716 5
1753354992717 0.28329 6
1753355011182 0.24544 7
1753355029369 0.21289 8
1753355048019 0.18532 9
1753355066805 0.16188 10
1753355084963 0.14213 11
1753355102974 0.12553 12
1753355121089 0.11161 13
1753355139792 0.09956 14
1753355157919 0.08964 15
1753355176427 0.0813 16
1753355195448 0.0742 17
1753355213837 0.06811 18
1753355232486 0.06288 19
1753355250852 0.05841 20
1753355269793 0.05453 21
1753355287745 0.05115 22
1753355305858 0.04819 23
1753355323736 0.04564 24
1753355342540 0.0433 25
1753355361374 0.04124 26
1753355379871 0.03949 27
1753355397825 0.03784 28
1753355415947 0.0364 29
1753355434670 0.03512 30
1753355453223 0.03395 31
1753355472098 0.03286 32
1753355490301 0.03192 33
1753355508843 0.03105 34
1753355526854 0.03029 35
1753355544948 0.02955 36
1753355563261 0.02887 37
1753355581551 0.02826 38
1753355599761 0.02766 39
1753355618342 0.02711 40
1753355636391 0.02661 41
1753355654356 0.02611 42
1753355673043 0.02556 43
1753355691664 0.02482 44
1753355710694 0.02445 45
1753355729214 0.02414 46
1753355747198 0.02381 47
1753355765244 0.02348 48
1753355784107 0.02297 49
1753355802418 0.02271 50
1753355820594 0.02253 51
1753355838537 0.02237 52
1753355856995 0.02217 53
1753355875294 0.02199 54
1753355893438 0.02181 55
1753355911869 0.02166 56
1753355930411 0.02155 57
1753355949360 0.02145 58
1753355967713 0.0213 59
1753355986349 0.02113 60
1753356004657 0.02106 61
1753356022678 0.0209 62
1753356040641 0.02085 63
1753356059297 0.02073 64
1753356077799 0.02063 65
1753356095751 0.0205 66
1753356113690 0.02048 67
1753356132339 0.02037 68
1753356150722 0.02026 69
1753356168317 0.02008 70
1753356186209 0.01999 71
1753356204973 0.01994 72
1753356223109 0.0199 73
1753356241775 0.01988 74
1753356259972 0.01984 75
1753356278158 0.01983 76
1753356296408 0.0198 77
1753356314782 0.01978 78
1753356333571 0.01975 79
1753356351641 0.01971 80
1753356369391 0.0197 81
1753356387570 0.01971 82
1753356406271 0.01969 83
1753356424506 0.0197 84
1753356442998 0.01967 85
1753356461638 0.01964 86
1753356479854 0.01965 87
1753356497347 0.01964 88
1753356515184 0.01966 89
1753356532859 0.01966 90
1753356551068 0.01965 91
1753356569558 0.01966 92
1753356587773 0.01965 93
1753356606042 0.01967 94
1753356624841 0.01965 95
1753356643111 0.01966 96
1753356661545 0.01966 97
1753356680362 0.01965 98
1753356699058 0.01967 99
1753356716721 0.01965 100
1753356735088 0.01961 101
1753356753495 0.01963 102
1753356771674 0.01965 103
1753356790738 0.01964 104
1753356808522 0.01963 105
1753356826615 0.01967 106
1753356844845 0.01963 107
1753356863244 0.01965 108
1753356881932 0.01964 109
1753356900242 0.01966 110
1753356918382 0.01965 111
1753356937111 0.01967 112
1753356955796 0.01967 113
1753356973759 0.01966 114
1753356992102 0.01967 115
1753357010949 0.01964 116
1753357028913 0.01965 117
1753357047696 0.01967 118
1753357065871 0.01965 119
1753357084669 0.01964 120
1753357102906 0.01963 121
1753357121446 0.01964 122
1753357139565 0.01964 123
1753357157619 0.01967 124
1753357176181 0.01964 125
1753357193850 0.01964 126
1753357212059 0.01964 127
1753357230737 0.01964 128
1753357248990 0.01965 129
1753357267529 0.01964 130
1753357285137 0.01964 131
1753357303559 0.01962 132
1753357321864 0.01966 133
1753357340374 0.01964 134
1753357358755 0.01963 135
1753357376876 0.01963 136
1753357395108 0.01964 137
1753357413340 0.01962 138
1753357432025 0.01964 139
1753357450433 0.01963 140
1753357469019 0.0196 141
1753357487905 0.01963 142
1753357505687 0.01963 143
1753357523864 0.01963 144
1753357541815 0.01962 145
1753357560076 0.01965 146
1753357578666 0.01965 147
1753357597074 0.01963 148
1753357615114 0.01964 149
1753357633378 0.01963 150
1753357652020 0.01964 151
1753357670480 0.01967 152
1753357688819 0.01963 153
1753357707307 0.01964 154
1753357725343 0.01964 155
1753357743663 0.01967 156
1753357761895 0.01964 157
1753357779932 0.01964 158
1753357798395 0.0196 159
1753357816782 0.01965 160
1753357834801 0.01963 161
1753357853214 0.01963 162
1753357871518 0.01964 163
1753357889465 0.01964 164
1753357907829 0.01963 165
1753357926283 0.01961 166
1753357944354 0.01964 167
1753357962400 0.01962 168
1753357980187 0.01962 169
1753357998742 0.01963 170
1753358016691 0.0196 171
1753358035372 0.0196 172
1753358053749 0.01965 173
1753358072113 0.01961 174
1753358090192 0.01961 175
1753358108915 0.01961 176
1753358127729 0.01963 177
1753358145645 0.01961 178
1753358164068 0.01961 179
1753358182148 0.01963 180
1753358199968 0.01964 181
1753358218283 0.01965 182
1753358236966 0.01963 183
1753358255522 0.01963 184
1753358274109 0.01963 185
1753358292471 0.01964 186
1753358310188 0.01964 187
1753358328053 0.01963 188
1753358346732 0.01963 189
1753358364910 0.01962 190
1753358383079 0.01961 191
1753358401632 0.0196 192
1753358420137 0.01962 193
1753358438154 0.01963 194
1753358456173 0.01964 195
1753358474050 0.0196 196
1753358492457 0.01962 197
1753358510762 0.01963 198
1753358528828 0.01962 199
1753358547250 0.01961 200
1753358566017 0.01963 201
1753358584846 0.01958 202
1753358603018 0.0196 203
1753358621471 0.01966 204
1753358639074 0.01958 205
1753358657368 0.01963 206
1753358674914 0.01961 207
1753358693089 0.01959 208
1753358711390 0.01962 209
1753358729554 0.01961 210
1753358747309 0.01961 211
1753358765590 0.01962 212
1753358783789 0.0196 213
1753358802233 0.01959 214
1753358820347 0.01961 215
1753358838803 0.0196 216
1753358857821 0.01964 217
1753358876228 0.01961 218
1753358894417 0.01963 219
1753358912320 0.01963 220
1753358930480 0.01958 221
1753358948511 0.01965 222
1753358966888 0.01961 223
1753358984989 0.01962 224
1753359003853 0.01963 225
1753359022136 0.01962 226
1753359040781 0.01958 227
1753359058801 0.01961 228
1753359077253 0.01961 229
1753359095394 0.01962 230
1753359113047 0.0196 231
1753359131157 0.01963 232
1753359149377 0.01959 233
1753359167533 0.01961 234
1753359185608 0.01962 235
1753359204132 0.01958 236
1753359222828 0.01959 237
1753359240592 0.01958 238
1753359258429 0.01957 239
1753359276678 0.01961 240
1753359294624 0.01956 241
1753359313705 0.01961 242
1753359331520 0.01959 243
1753359349711 0.01961 244
1753359367355 0.01961 245
1753359385751 0.01961 246
1753359404168 0.0196 247
1753359422611 0.01957 248
1753359440976 0.01962 249
1753359458728 0.01958 250
1753359476973 0.01959 251
1753359495053 0.01959 252
1753359513027 0.01961 253
1753359531008 0.0196 254
1753359549028 0.01959 255
1753359567246 0.01958 256
1753359585297 0.01957 257
1753359603469 0.01961 258
1753359622083 0.01959 259
1753359640505 0.0196 260
1753359658721 0.0196 261
1753359677283 0.01959 262
1753359695993 0.01958 263
1753359714415 0.01959 264
1753359733502 0.01957 265
1753359751499 0.01959 266
1753359769472 0.01957 267
1753359787674 0.01958 268
1753359806216 0.01958 269
1753359824383 0.01956 270
1753359843054 0.01959 271
1753359861261 0.01959 272
1753359879374 0.01957 273
1753359898199 0.01955 274
1753359917331 0.01955 275
1753359936025 0.01956 276
1753359954354 0.01958 277
1753359972618 0.01957 278
1753359990833 0.01958 279
1753360008789 0.01954 280
1753360027562 0.01955 281
1753360046189 0.01958 282
1753360064399 0.01958 283
1753360082131 0.01958 284
1753360100787 0.01958 285
1753360119399 0.01955 286
1753360137716 0.01958 287
1753360156088 0.01958 288
1753360174233 0.01958 289
1753360192963 0.01958 290
1753360211534 0.01956 291
1753360230192 0.01955 292
1753360248760 0.01955 293
1753360267424 0.01956 294
1753360286234 0.01957 295
1753360304219 0.01954 296
1753360322679 0.01959 297
1753360341339 0.01957 298
1753360359642 0.01962 299
1753360377795 0.01955 300
