1753354915413 0.0010000000474974513 1
1753354933536 0.0010000000474974513 2
1753354951847 0.0010000000474974513 3
1753354970603 0.0010000000474974513 4
1753354988715 0.0010000000474974513 5
1753355007148 0.0010000000474974513 6
1753355025304 0.0010000000474974513 7
1753355043984 0.0010000000474974513 8
1753355062714 0.0010000000474974513 9
1753355080944 0.0010000000474974513 10
1753355098891 0.0010000000474974513 11
1753355117033 0.0010000000474974513 12
1753355135745 0.0010000000474974513 13
1753355153844 0.0010000000474974513 14
1753355172347 0.0010000000474974513 15
1753355191394 0.0010000000474974513 16
1753355209827 0.0010000000474974513 17
1753355228437 0.0010000000474974513 18
1753355246771 0.0010000000474974513 19
1753355265785 0.0010000000474974513 20
1753355283748 0.0010000000474974513 21
1753355301840 0.0010000000474974513 22
1753355319765 0.0010000000474974513 23
1753355338509 0.0010000000474974513 24
1753355357347 0.0010000000474974513 25
1753355375943 0.0010000000474974513 26
1753355393763 0.0010000000474974513 27
1753355411921 0.0010000000474974513 28
1753355430686 0.0010000000474974513 29
1753355449140 0.0010000000474974513 30
1753355468037 0.0010000000474974513 31
1753355486306 0.0010000000474974513 32
1753355504795 0.0010000000474974513 33
1753355522768 0.0010000000474974513 34
1753355540856 0.0010000000474974513 35
1753355559204 0.0010000000474974513 36
1753355577439 0.0010000000474974513 37
1753355595720 0.0010000000474974513 38
1753355614349 0.0010000000474974513 39
1753355632313 0.0010000000474974513 40
1753355650304 0.0010000000474974513 41
1753355668994 0.0010000000474974513 42
1753355687669 0.0010000000474974513 43
1753355706613 0.0010000000474974513 44
1753355725131 0.0010000000474974513 45
1753355743125 0.0010000000474974513 46
1753355761194 0.0010000000474974513 47
1753355779636 0.0010000000474974513 48
1753355798406 0.0010000000474974513 49
1753355816607 0.0010000000474974513 50
1753355834470 0.0010000000474974513 51
1753355853003 0.0010000000474974513 52
1753355871186 0.0010000000474974513 53
1753355889387 0.0010000000474974513 54
1753355907844 0.0010000000474974513 55
1753355926306 0.0010000000474974513 56
1753355945291 0.0010000000474974513 57
1753355963735 0.0010000000474974513 58
1753355982256 0.0010000000474974513 59
1753356000608 0.0010000000474974513 60
1753356018622 0.0010000000474974513 61
1753356036582 0.0010000000474974513 62
1753356055249 0.0010000000474974513 63
1753356073756 0.0010000000474974513 64
1753356091672 0.0010000000474974513 65
1753356109617 0.0010000000474974513 66
1753356128261 0.0010000000474974513 67
1753356146670 0.0010000000474974513 68
1753356164332 0.00020000000949949026 69
1753356182134 0.00020000000949949026 70
1753356200922 0.00020000000949949026 71
1753356219018 0.00020000000949949026 72
1753356237702 0.00020000000949949026 73
1753356255888 0.00020000000949949026 74
1753356274102 0.00020000000949949026 75
1753356292319 0.00020000000949949026 76
1753356310792 0.00020000000949949026 77
1753356329533 4.0000002627493814e-05 78
1753356347658 4.0000002627493814e-05 79
1753356365380 4.0000002627493814e-05 80
1753356383500 4.0000002627493814e-05 81
1753356402231 4.0000002627493814e-05 82
1753356420433 4.0000002627493814e-05 83
1753356438938 4.0000002627493814e-05 84
1753356457592 4.0000002627493814e-05 85
1753356475810 4.0000002627493814e-05 86
1753356493400 8.000000889296643e-06 87
1753356511154 8.000000889296643e-06 88
1753356528850 8.000000889296643e-06 89
1753356547036 8.000000889296643e-06 90
1753356565506 8.000000889296643e-06 91
1753356583748 8.000000889296643e-06 92
1753356602029 8.000000889296643e-06 93
1753356620855 8.000000889296643e-06 94
1753356639098 8.000000889296643e-06 95
1753356657579 1.6000001323845936e-06 96
1753356676350 1.6000001323845936e-06 97
1753356695073 1.6000001323845936e-06 98
1753356712760 1.6000001323845936e-06 99
1753356731087 1.6000001323845936e-06 100
1753356749519 1.6000001323845936e-06 101
1753356767614 1.6000001323845936e-06 102
1753356786694 1.6000001323845936e-06 103
1753356804512 1.6000001323845936e-06 104
1753356822589 9.999999974752427e-07 105
1753356840846 9.999999974752427e-07 106
1753356859155 9.999999974752427e-07 107
1753356877845 9.999999974752427e-07 108
1753356896200 9.999999974752427e-07 109
1753356914301 9.999999974752427e-07 110
1753356933168 9.999999974752427e-07 111
1753356951787 9.999999974752427e-07 112
1753356969785 9.999999974752427e-07 113
1753356988027 9.999999974752427e-07 114
1753357006933 9.999999974752427e-07 115
1753357024843 9.999999974752427e-07 116
1753357043633 9.999999974752427e-07 117
1753357061785 9.999999974752427e-07 118
1753357080626 9.999999974752427e-07 119
1753357098834 9.999999974752427e-07 120
1753357117407 9.999999974752427e-07 121
1753357135513 9.999999974752427e-07 122
1753357153537 9.999999974752427e-07 123
1753357172158 9.999999974752427e-07 124
1753357189872 9.999999974752427e-07 125
1753357208074 9.999999974752427e-07 126
1753357226685 9.999999974752427e-07 127
1753357244950 9.999999974752427e-07 128
1753357263510 9.999999974752427e-07 129
1753357281122 9.999999974752427e-07 130
1753357299530 9.999999974752427e-07 131
1753357317823 9.999999974752427e-07 132
1753357336368 9.999999974752427e-07 133
1753357354733 9.999999974752427e-07 134
1753357372810 9.999999974752427e-07 135
1753357391126 9.999999974752427e-07 136
1753357409300 9.999999974752427e-07 137
1753357427993 9.999999974752427e-07 138
1753357446380 9.999999974752427e-07 139
1753357464998 9.999999974752427e-07 140
1753357483821 9.999999974752427e-07 141
1753357501679 9.999999974752427e-07 142
1753357519884 9.999999974752427e-07 143
1753357537813 9.999999974752427e-07 144
1753357556030 9.999999974752427e-07 145
1753357574650 9.999999974752427e-07 146
1753357593042 9.999999974752427e-07 147
1753357611101 9.999999974752427e-07 148
1753357629377 9.999999974752427e-07 149
1753357648044 9.999999974752427e-07 150
1753357666428 9.999999974752427e-07 151
1753357684853 9.999999974752427e-07 152
1753357703197 9.999999974752427e-07 153
1753357721348 9.999999974752427e-07 154
1753357739608 9.999999974752427e-07 155
1753357757816 9.999999974752427e-07 156
1753357775998 9.999999974752427e-07 157
1753357794380 9.999999974752427e-07 158
1753357812854 9.999999974752427e-07 159
1753357830778 9.999999974752427e-07 160
1753357849258 9.999999974752427e-07 161
1753357867569 9.999999974752427e-07 162
1753357885505 9.999999974752427e-07 163
1753357903871 9.999999974752427e-07 164
1753357922223 9.999999974752427e-07 165
1753357940338 9.999999974752427e-07 166
1753357958409 9.999999974752427e-07 167
1753357976197 9.999999974752427e-07 168
1753357994757 9.999999974752427e-07 169
1753358012716 9.999999974752427e-07 170
1753358031391 9.999999974752427e-07 171
1753358049744 9.999999974752427e-07 172
1753358068108 9.999999974752427e-07 173
1753358086204 9.999999974752427e-07 174
1753358104912 9.999999974752427e-07 175
1753358123755 9.999999974752427e-07 176
1753358141722 9.999999974752427e-07 177
1753358159988 9.999999974752427e-07 178
1753358178070 9.999999974752427e-07 179
1753358196033 9.999999974752427e-07 180
1753358214269 9.999999974752427e-07 181
1753358232988 9.999999974752427e-07 182
1753358251567 9.999999974752427e-07 183
1753358270171 9.999999974752427e-07 184
1753358288499 9.999999974752427e-07 185
1753358306249 9.999999974752427e-07 186
1753358324060 9.999999974752427e-07 187
1753358342680 9.999999974752427e-07 188
1753358360887 9.999999974752427e-07 189
1753358379091 9.999999974752427e-07 190
1753358397651 9.999999974752427e-07 191
1753358416186 9.999999974752427e-07 192
1753358434202 9.999999974752427e-07 193
1753358452200 9.999999974752427e-07 194
1753358470073 9.999999974752427e-07 195
1753358488454 9.999999974752427e-07 196
1753358506767 9.999999974752427e-07 197
1753358524710 9.999999974752427e-07 198
1753358543123 9.999999974752427e-07 199
1753358562032 9.999999974752427e-07 200
1753358580738 9.999999974752427e-07 201
1753358599002 9.999999974752427e-07 202
1753358617406 9.999999974752427e-07 203
1753358635127 9.999999974752427e-07 204
1753358653335 9.999999974752427e-07 205
1753358670947 9.999999974752427e-07 206
1753358689102 9.999999974752427e-07 207
1753358707396 9.999999974752427e-07 208
1753358725605 9.999999974752427e-07 209
1753358743362 9.999999974752427e-07 210
1753358761550 9.999999974752427e-07 211
1753358779827 9.999999974752427e-07 212
1753358798215 9.999999974752427e-07 213
1753358816245 9.999999974752427e-07 214
1753358834764 9.999999974752427e-07 215
1753358853780 9.999999974752427e-07 216
1753358872190 9.999999974752427e-07 217
1753358890447 9.999999974752427e-07 218
1753358908401 9.999999974752427e-07 219
1753358926512 9.999999974752427e-07 220
1753358944421 9.999999974752427e-07 221
1753358962930 9.999999974752427e-07 222
1753358980940 9.999999974752427e-07 223
1753358999760 9.999999974752427e-07 224
1753359018163 9.999999974752427e-07 225
1753359036806 9.999999974752427e-07 226
1753359054833 9.999999974752427e-07 227
1753359073309 9.999999974752427e-07 228
1753359091432 9.999999974752427e-07 229
1753359109053 9.999999974752427e-07 230
1753359127234 9.999999974752427e-07 231
1753359145399 9.999999974752427e-07 232
1753359163445 9.999999974752427e-07 233
1753359181677 9.999999974752427e-07 234
1753359200142 9.999999974752427e-07 235
1753359218809 9.999999974752427e-07 236
1753359236590 9.999999974752427e-07 237
1753359254434 9.999999974752427e-07 238
1753359272716 9.999999974752427e-07 239
1753359290606 9.999999974752427e-07 240
1753359309592 9.999999974752427e-07 241
1753359327550 9.999999974752427e-07 242
1753359345766 9.999999974752427e-07 243
1753359363385 9.999999974752427e-07 244
1753359381779 9.999999974752427e-07 245
1753359400200 9.999999974752427e-07 246
1753359418682 9.999999974752427e-07 247
1753359436993 9.999999974752427e-07 248
1753359454806 9.999999974752427e-07 249
1753359472880 9.999999974752427e-07 250
1753359491045 9.999999974752427e-07 251
1753359509040 9.999999974752427e-07 252
1753359527023 9.999999974752427e-07 253
1753359545095 9.999999974752427e-07 254
1753359563238 9.999999974752427e-07 255
1753359581303 9.999999974752427e-07 256
1753359599514 9.999999974752427e-07 257
1753359618121 9.999999974752427e-07 258
1753359636536 9.999999974752427e-07 259
1753359654772 9.999999974752427e-07 260
1753359673266 9.999999974752427e-07 261
1753359691971 9.999999974752427e-07 262
1753359710384 9.999999974752427e-07 263
1753359729526 9.999999974752427e-07 264
1753359747544 9.999999974752427e-07 265
1753359765516 9.999999974752427e-07 266
1753359783667 9.999999974752427e-07 267
1753359802265 9.999999974752427e-07 268
1753359820431 9.999999974752427e-07 269
1753359839045 9.999999974752427e-07 270
1753359857296 9.999999974752427e-07 271
1753359875418 9.999999974752427e-07 272
1753359894209 9.999999974752427e-07 273
1753359913334 9.999999974752427e-07 274
1753359932073 9.999999974752427e-07 275
1753359950398 9.999999974752427e-07 276
1753359968654 9.999999974752427e-07 277
1753359986905 9.999999974752427e-07 278
1753360004791 9.999999974752427e-07 279
1753360023594 9.999999974752427e-07 280
1753360042205 9.999999974752427e-07 281
1753360060459 9.999999974752427e-07 282
1753360078175 9.999999974752427e-07 283
1753360096833 9.999999974752427e-07 284
1753360115419 9.999999974752427e-07 285
1753360133718 9.999999974752427e-07 286
1753360152140 9.999999974752427e-07 287
1753360170250 9.999999974752427e-07 288
1753360188861 9.999999974752427e-07 289
1753360207564 9.999999974752427e-07 290
1753360226209 9.999999974752427e-07 291
1753360244785 9.999999974752427e-07 292
1753360263444 9.999999974752427e-07 293
1753360282264 9.999999974752427e-07 294
1753360300204 9.999999974752427e-07 295
1753360318571 9.999999974752427e-07 296
1753360337246 9.999999974752427e-07 297
1753360355653 9.999999974752427e-07 298
1753360373798 9.999999974752427e-07 299
1753360392465 9.999999974752427e-07 300
