1753387214303 1.0 0
1753387232730 2.0 0
1753387250347 3.0 0
1753387268023 4.0 0
1753387285828 5.0 0
1753387303904 6.0 0
1753387321781 7.0 0
1753387340049 8.0 0
1753387358367 9.0 0
1753387376221 10.0 0
1753387394815 11.0 0
1753387412973 12.0 0
1753387430894 13.0 0
1753387449075 14.0 0
1753387467770 15.0 0
1753387485384 16.0 0
1753387503497 17.0 0
1753387521751 18.0 0
1753387539938 19.0 0
1753387557837 20.0 0
1753387575884 21.0 0
1753387593926 22.0 0
1753387612086 23.0 0
1753387630194 24.0 0
1753387648205 25.0 0
1753387666387 26.0 0
1753387685077 27.0 0
1753387702658 28.0 0
1753387721060 29.0 0
1753387739393 30.0 0
1753387757995 31.0 0
1753387775971 32.0 0
1753387793674 33.0 0
1753387811592 34.0 0
1753387848119 36.0 0
1753387865671 37.0 0
1753387884111 38.0 0
1753387919941 40.0 0
1753387937914 41.0 0
1753387992296 44.0 0
1753388083598 49.0 0
1753388191869 55.0 0
