1753387199760 0.51274 1
1753387218365 0.44356 2
1753387236722 0.39332 3
1753387254361 0.34629 4
1753387272111 0.29967 5
1753387289903 0.25789 6
1753387307842 0.22138 7
1753387325733 0.19018 8
1753387344006 0.16385 9
1753387362269 0.14189 10
1753387380167 0.12373 11
1753387398751 0.10873 12
1753387417177 0.09617 13
1753387434814 0.08584 14
1753387452987 0.07715 15
1753387471683 0.06988 16
1753387489364 0.0638 17
1753387507420 0.05865 18
1753387525748 0.05424 19
1753387543897 0.05047 20
1753387561782 0.04722 21
1753387579859 0.04441 22
1753387597940 0.04199 23
1753387616090 0.03983 24
1753387634187 0.03731 25
1753387652189 0.03501 26
1753387670365 0.03349 27
1753387689071 0.03226 28
1753387706648 0.03109 29
1753387725049 0.03015 30
1753387743315 0.02927 31
1753387761882 0.02853 32
1753387779895 0.02781 33
1753387797647 0.02711 34
1753387815514 0.02651 35
1753387833445 0.02595 36
1753387852025 0.02547 37
1753387869513 0.02506 38
1753387888017 0.02465 39
1753387906186 0.02426 40
1753387923811 0.02395 41
1753387941791 0.02361 42
1753387959635 0.02337 43
1753387978052 0.0231 44
1753387996199 0.02283 45
1753388014349 0.02253 46
1753388032435 0.02233 47
1753388051093 0.02213 48
1753388069215 0.02193 49
1753388087527 0.02174 50
1753388105567 0.02152 51
1753388123669 0.02136 52
1753388141462 0.02123 53
1753388159369 0.0211 54
1753388177703 0.02098 55
1753388195884 0.02083 56
1753388213440 0.02068 57
1753388231621 0.02054 58
1753388248859 0.02049 59
1753388266505 0.02043 60
1753388284172 0.02032 61
1753388301691 0.02016 62
1753388319926 0.02014 63
1753388337978 0.01995 64
1753388356326 0.01979 65
1753388374176 0.01973 66
1753388392056 0.01966 67
1753388409866 0.01963 68
1753388428067 0.0196 69
1753388445823 0.0196 70
1753388463802 0.01955 71
1753388481759 0.01953 72
1753388499826 0.01951 73
1753388517329 0.01945 74
1753388535279 0.01944 75
1753388553128 0.0194 76
1753388570756 0.01944 77
1753388588360 0.01938 78
1753388606229 0.01938 79
1753388623427 0.01942 80
1753388640904 0.01939 81
1753388658793 0.01938 82
1753388677555 0.01939 83
1753388695702 0.01938 84
1753388714326 0.01945 85
1753388732113 0.01934 86
1753388749923 0.01936 87
1753388767914 0.01936 88
1753388785385 0.01935 89
1753388803572 0.01938 90
1753388821828 0.01938 91
1753388839602 0.01938 92
1753388857499 0.01938 93
1753388876197 0.01934 94
1753388893745 0.01939 95
1753388912386 0.01935 96
1753388930213 0.0194 97
1753388948908 0.01937 98
1753388967380 0.01936 99
1753388985336 0.01936 100
1753389003303 0.0194 101
1753389021590 0.01938 102
1753389040235 0.01939 103
1753389058732 0.01935 104
1753389076783 0.01936 105
1753389095458 0.01932 106
1753389113360 0.01938 107
1753389132352 0.01937 108
1753389149955 0.01939 109
1753389168291 0.01937 110
1753389186836 0.01938 111
1753389205056 0.01936 112
1753389223436 0.01936 113
1753389241442 0.0194 114
1753389260203 0.01933 115
1753389278561 0.01937 116
1753389296386 0.01938 117
1753389314335 0.01938 118
1753389332323 0.01935 119
1753389350232 0.01935 120
1753389367790 0.01936 121
1753389386014 0.01936 122
1753389403884 0.01938 123
1753389422341 0.01936 124
1753389439979 0.01936 125
1753389458119 0.01936 126
1753389476428 0.01934 127
1753389494272 0.01937 128
1753389512808 0.01936 129
1753389530214 0.01934 130
1753389548093 0.01937 131
1753389566299 0.01935 132
1753389584312 0.01936 133
1753389602155 0.01935 134
1753389619973 0.01935 135
1753389637957 0.01937 136
1753389656371 0.01936 137
1753389674373 0.01936 138
1753389692166 0.01934 139
1753389710274 0.01939 140
1753389728051 0.01936 141
1753389745916 0.01934 142
1753389763463 0.01936 143
1753389780945 0.01938 144
1753389799391 0.01934 145
1753389817633 0.01937 146
1753389835412 0.01937 147
1753389853446 0.01939 148
1753389871753 0.01931 149
1753389889844 0.01938 150
1753389908459 0.01936 151
1753389927051 0.01936 152
1753389945871 0.01935 153
1753389963624 0.01935 154
1753389982356 0.01935 155
1753390000741 0.01937 156
1753390018636 0.01936 157
1753390036656 0.01938 158
1753390055299 0.01936 159
1753390073561 0.01936 160
1753390091739 0.01934 161
1753390110177 0.01935 162
1753390128860 0.01932 163
1753390147017 0.01936 164
1753390165516 0.01934 165
1753390184126 0.01935 166
1753390202639 0.01934 167
1753390220474 0.01938 168
1753390239013 0.01934 169
1753390256697 0.01936 170
1753390275606 0.01937 171
1753390293595 0.01936 172
1753390312267 0.01936 173
1753390330234 0.01934 174
1753390348088 0.01932 175
1753390366036 0.01937 176
1753390383825 0.01936 177
1753390402528 0.01934 178
1753390420755 0.01939 179
1753390438693 0.01934 180
1753390456734 0.01935 181
1753390475159 0.01933 182
1753390493238 0.01933 183
1753390511032 0.01939 184
1753390529191 0.01934 185
1753390547135 0.01936 186
1753390565337 0.01933 187
1753390583254 0.01935 188
1753390601387 0.01937 189
1753390619344 0.01932 190
1753390636972 0.01934 191
1753390655424 0.01933 192
1753390673398 0.01936 193
1753390691434 0.01932 194
1753390709223 0.01935 195
1753390727063 0.01932 196
1753390745281 0.01935 197
1753390763543 0.01934 198
1753390781823 0.01933 199
1753390800010 0.01932 200
1753390818210 0.01933 201
1753390836116 0.01934 202
1753390854040 0.01931 203
1753390872271 0.01933 204
1753390890140 0.01935 205
1753390907957 0.01934 206
1753390926557 0.01933 207
1753390944057 0.01934 208
1753390962208 0.01935 209
1753390980452 0.01932 210
1753390998728 0.01933 211
1753391016654 0.01933 212
1753391034283 0.01933 213
1753391052651 0.01936 214
1753391070679 0.01932 215
1753391089218 0.01931 216
1753391107483 0.01933 217
1753391125795 0.01932 218
1753391143987 0.01932 219
1753391162768 0.01934 220
1753391180307 0.01936 221
1753391198476 0.01931 222
1753391216304 0.01932 223
1753391234485 0.01931 224
1753391252051 0.01936 225
1753391270178 0.01931 226
1753391288111 0.01932 227
1753391306003 0.01932 228
1753391323789 0.0193 229
1753391341985 0.01936 230
1753391359844 0.0193 231
1753391378022 0.01935 232
1753391395750 0.01933 233
1753391413409 0.0193 234
1753391431673 0.01935 235
1753391449815 0.01929 236
1753391467888 0.01931 237
1753391486212 0.01934 238
1753391504366 0.01933 239
1753391522546 0.01933 240
1753391540587 0.01934 241
1753391558337 0.0193 242
1753391576234 0.01934 243
1753391594319 0.01931 244
1753391612403 0.01936 245
1753391630318 0.0193 246
1753391648082 0.01932 247
1753391665844 0.01933 248
1753391683571 0.0193 249
1753391701844 0.0193 250
1753391719519 0.0193 251
1753391738344 0.01931 252
1753391756854 0.01931 253
1753391775501 0.01932 254
1753391793188 0.01931 255
1753391810732 0.01931 256
1753391828815 0.01927 257
1753391846387 0.01929 258
1753391864039 0.01933 259
1753391881819 0.01933 260
1753391899562 0.01931 261
1753391918591 0.01932 262
1753391936401 0.01927 263
1753391954098 0.0193 264
1753391972101 0.01931 265
1753391990093 0.01933 266
1753392007994 0.0193 267
1753392025826 0.0193 268
1753392043879 0.01929 269
1753392062084 0.01931 270
1753392079706 0.01931 271
1753392098007 0.01931 272
1753392116096 0.01932 273
1753392134182 0.01929 274
1753392152166 0.01931 275
1753392170069 0.0193 276
1753392188333 0.01929 277
1753392206388 0.01928 278
1753392224902 0.0193 279
1753392243173 0.01929 280
1753392261168 0.01927 281
1753392278968 0.01928 282
1753392297006 0.01929 283
1753392314842 0.01931 284
1753392333376 0.01929 285
1753392351095 0.01928 286
1753392369166 0.01928 287
1753392386917 0.01925 288
1753392404971 0.01928 289
1753392422802 0.01928 290
1753392440934 0.01929 291
1753392458734 0.01931 292
1753392476880 0.01931 293
1753392494623 0.0193 294
1753392512520 0.01931 295
1753392530017 0.01929 296
1753392547787 0.01927 297
1753392566403 0.01929 298
1753392584164 0.0193 299
1753392601654 0.01931 300
