1753387214313 0.0010000000474974513 1
1753387232734 0.0010000000474974513 2
1753387250351 0.0010000000474974513 3
1753387268030 0.0010000000474974513 4
1753387285835 0.0010000000474974513 5
1753387303912 0.0010000000474974513 6
1753387321786 0.0010000000474974513 7
1753387340055 0.0010000000474974513 8
1753387358371 0.0010000000474974513 9
1753387376231 0.0010000000474974513 10
1753387394820 0.0010000000474974513 11
1753387412978 0.0010000000474974513 12
1753387430902 0.0010000000474974513 13
1753387449083 0.0010000000474974513 14
1753387467786 0.0010000000474974513 15
1753387485390 0.0010000000474974513 16
1753387503501 0.0010000000474974513 17
1753387521757 0.0010000000474974513 18
1753387539943 0.0010000000474974513 19
1753387557842 0.0010000000474974513 20
1753387575889 0.0010000000474974513 21
1753387593949 0.0010000000474974513 22
1753387612093 0.0010000000474974513 23
1753387630201 0.0010000000474974513 24
1753387648223 0.0010000000474974513 25
1753387666392 0.0010000000474974513 26
1753387685085 0.0010000000474974513 27
1753387702663 0.0010000000474974513 28
1753387721065 0.0010000000474974513 29
1753387739401 0.0010000000474974513 30
1753387758005 0.0010000000474974513 31
1753387775978 0.0010000000474974513 32
1753387793681 0.0010000000474974513 33
1753387811597 0.0010000000474974513 34
1753387829528 0.0010000000474974513 35
1753387848125 0.0010000000474974513 36
1753387865678 0.0010000000474974513 37
1753387884119 0.0010000000474974513 38
1753387902349 0.0010000000474974513 39
1753387919950 0.0010000000474974513 40
1753387937919 0.0010000000474974513 41
1753387955688 0.0010000000474974513 42
1753387974042 0.0010000000474974513 43
1753387992301 0.0010000000474974513 44
1753388010446 0.0010000000474974513 45
1753388028483 0.0010000000474974513 46
1753388047167 0.0010000000474974513 47
1753388065230 0.0010000000474974513 48
1753388083607 0.0010000000474974513 49
1753388101657 0.0010000000474974513 50
1753388119799 0.0010000000474974513 51
1753388137556 0.0010000000474974513 52
1753388155371 0.0010000000474974513 53
1753388173706 0.0010000000474974513 54
1753388191876 0.0010000000474974513 55
1753388209469 0.0010000000474974513 56
1753388227664 0.0010000000474974513 57
1753388244988 0.0010000000474974513 58
1753388262579 0.0010000000474974513 59
1753388280260 0.0010000000474974513 60
1753388297769 0.0010000000474974513 61
1753388316050 0.0010000000474974513 62
1753388334049 0.0010000000474974513 63
1753388352410 0.00020000000949949026 64
1753388370274 0.00020000000949949026 65
1753388388151 0.00020000000949949026 66
1753388405974 0.00020000000949949026 67
1753388424181 0.00020000000949949026 68
1753388441915 0.00020000000949949026 69
1753388459913 0.00020000000949949026 70
1753388477829 0.00020000000949949026 71
1753388495975 0.00020000000949949026 72
1753388513447 4.0000002627493814e-05 73
1753388531393 4.0000002627493814e-05 74
1753388549197 4.0000002627493814e-05 75
1753388566833 4.0000002627493814e-05 76
1753388584421 4.0000002627493814e-05 77
1753388602322 4.0000002627493814e-05 78
1753388619503 4.0000002627493814e-05 79
1753388636993 4.0000002627493814e-05 80
1753388654843 4.0000002627493814e-05 81
1753388673604 8.000000889296643e-06 82
1753388691760 8.000000889296643e-06 83
1753388710362 8.000000889296643e-06 84
1753388728190 8.000000889296643e-06 85
1753388746047 8.000000889296643e-06 86
1753388764013 8.000000889296643e-06 87
1753388781516 8.000000889296643e-06 88
1753388799680 8.000000889296643e-06 89
1753388817898 8.000000889296643e-06 90
1753388835685 1.6000001323845936e-06 91
1753388853627 1.6000001323845936e-06 92
1753388872230 1.6000001323845936e-06 93
1753388889815 1.6000001323845936e-06 94
1753388908255 1.6000001323845936e-06 95
1753388926346 1.6000001323845936e-06 96
1753388944957 1.6000001323845936e-06 97
1753388963439 1.6000001323845936e-06 98
1753388981398 1.6000001323845936e-06 99
1753388999402 9.999999974752427e-07 100
1753389017597 9.999999974752427e-07 101
1753389036283 9.999999974752427e-07 102
1753389054772 9.999999974752427e-07 103
1753389072799 9.999999974752427e-07 104
1753389091506 9.999999974752427e-07 105
1753389109407 9.999999974752427e-07 106
1753389128430 9.999999974752427e-07 107
1753389146082 9.999999974752427e-07 108
1753389164455 9.999999974752427e-07 109
1753389182996 9.999999974752427e-07 110
1753389201176 9.999999974752427e-07 111
1753389219533 9.999999974752427e-07 112
1753389237571 9.999999974752427e-07 113
1753389256247 9.999999974752427e-07 114
1753389274639 9.999999974752427e-07 115
1753389292435 9.999999974752427e-07 116
1753389310346 9.999999974752427e-07 117
1753389328366 9.999999974752427e-07 118
1753389346346 9.999999974752427e-07 119
1753389363898 9.999999974752427e-07 120
1753389382051 9.999999974752427e-07 121
1753389399964 9.999999974752427e-07 122
1753389418355 9.999999974752427e-07 123
1753389436103 9.999999974752427e-07 124
1753389454111 9.999999974752427e-07 125
1753389472504 9.999999974752427e-07 126
1753389490387 9.999999974752427e-07 127
1753389508790 9.999999974752427e-07 128
1753389526290 9.999999974752427e-07 129
1753389544192 9.999999974752427e-07 130
1753389562410 9.999999974752427e-07 131
1753389580406 9.999999974752427e-07 132
1753389598268 9.999999974752427e-07 133
1753389616063 9.999999974752427e-07 134
1753389634052 9.999999974752427e-07 135
1753389652482 9.999999974752427e-07 136
1753389670411 9.999999974752427e-07 137
1753389688245 9.999999974752427e-07 138
1753389706389 9.999999974752427e-07 139
1753389724167 9.999999974752427e-07 140
1753389741921 9.999999974752427e-07 141
1753389759611 9.999999974752427e-07 142
1753389777099 9.999999974752427e-07 143
1753389795520 9.999999974752427e-07 144
1753389813765 9.999999974752427e-07 145
1753389831558 9.999999974752427e-07 146
1753389849544 9.999999974752427e-07 147
1753389867807 9.999999974752427e-07 148
1753389885847 9.999999974752427e-07 149
1753389904513 9.999999974752427e-07 150
1753389923147 9.999999974752427e-07 151
1753389941902 9.999999974752427e-07 152
1753389959729 9.999999974752427e-07 153
1753389978368 9.999999974752427e-07 154
1753389996817 9.999999974752427e-07 155
1753390014690 9.999999974752427e-07 156
1753390032758 9.999999974752427e-07 157
1753390051322 9.999999974752427e-07 158
1753390069640 9.999999974752427e-07 159
1753390087818 9.999999974752427e-07 160
1753390106311 9.999999974752427e-07 161
1753390124990 9.999999974752427e-07 162
1753390143144 9.999999974752427e-07 163
1753390161601 9.999999974752427e-07 164
1753390180188 9.999999974752427e-07 165
1753390198676 9.999999974752427e-07 166
1753390216525 9.999999974752427e-07 167
1753390235104 9.999999974752427e-07 168
1753390252779 9.999999974752427e-07 169
1753390271678 9.999999974752427e-07 170
1753390289621 9.999999974752427e-07 171
1753390308345 9.999999974752427e-07 172
1753390326359 9.999999974752427e-07 173
1753390344193 9.999999974752427e-07 174
1753390362069 9.999999974752427e-07 175
1753390379683 9.999999974752427e-07 176
1753390398571 9.999999974752427e-07 177
1753390416870 9.999999974752427e-07 178
1753390434749 9.999999974752427e-07 179
1753390452772 9.999999974752427e-07 180
1753390471238 9.999999974752427e-07 181
1753390489233 9.999999974752427e-07 182
1753390507134 9.999999974752427e-07 183
1753390525250 9.999999974752427e-07 184
1753390543273 9.999999974752427e-07 185
1753390561458 9.999999974752427e-07 186
1753390579355 9.999999974752427e-07 187
1753390597506 9.999999974752427e-07 188
1753390615448 9.999999974752427e-07 189
1753390633027 9.999999974752427e-07 190
1753390651493 9.999999974752427e-07 191
1753390669449 9.999999974752427e-07 192
1753390687489 9.999999974752427e-07 193
1753390705341 9.999999974752427e-07 194
1753390723138 9.999999974752427e-07 195
1753390741357 9.999999974752427e-07 196
1753390759584 9.999999974752427e-07 197
1753390777884 9.999999974752427e-07 198
1753390796038 9.999999974752427e-07 199
1753390814221 9.999999974752427e-07 200
1753390832183 9.999999974752427e-07 201
1753390850105 9.999999974752427e-07 202
1753390868372 9.999999974752427e-07 203
1753390886198 9.999999974752427e-07 204
1753390904019 9.999999974752427e-07 205
1753390922614 9.999999974752427e-07 206
1753390940113 9.999999974752427e-07 207
1753390958319 9.999999974752427e-07 208
1753390976535 9.999999974752427e-07 209
1753390994771 9.999999974752427e-07 210
1753391012743 9.999999974752427e-07 211
1753391030339 9.999999974752427e-07 212
1753391048701 9.999999974752427e-07 213
1753391066752 9.999999974752427e-07 214
1753391085296 9.999999974752427e-07 215
1753391103580 9.999999974752427e-07 216
1753391121668 9.999999974752427e-07 217
1753391140079 9.999999974752427e-07 218
1753391158855 9.999999974752427e-07 219
1753391176369 9.999999974752427e-07 220
1753391194453 9.999999974752427e-07 221
1753391212369 9.999999974752427e-07 222
1753391230587 9.999999974752427e-07 223
1753391248171 9.999999974752427e-07 224
1753391266275 9.999999974752427e-07 225
1753391284233 9.999999974752427e-07 226
1753391302131 9.999999974752427e-07 227
1753391319929 9.999999974752427e-07 228
1753391338112 9.999999974752427e-07 229
1753391355968 9.999999974752427e-07 230
1753391374144 9.999999974752427e-07 231
1753391391870 9.999999974752427e-07 232
1753391409582 9.999999974752427e-07 233
1753391427793 9.999999974752427e-07 234
1753391445932 9.999999974752427e-07 235
1753391463925 9.999999974752427e-07 236
1753391482199 9.999999974752427e-07 237
1753391500431 9.999999974752427e-07 238
1753391518596 9.999999974752427e-07 239
1753391536662 9.999999974752427e-07 240
1753391554456 9.999999974752427e-07 241
1753391572352 9.999999974752427e-07 242
1753391590356 9.999999974752427e-07 243
1753391608504 9.999999974752427e-07 244
1753391626443 9.999999974752427e-07 245
1753391644145 9.999999974752427e-07 246
1753391661931 9.999999974752427e-07 247
1753391679605 9.999999974752427e-07 248
1753391697935 9.999999974752427e-07 249
1753391715663 9.999999974752427e-07 250
1753391734441 9.999999974752427e-07 251
1753391753002 9.999999974752427e-07 252
1753391771537 9.999999974752427e-07 253
1753391789271 9.999999974752427e-07 254
1753391806741 9.999999974752427e-07 255
1753391824872 9.999999974752427e-07 256
1753391842507 9.999999974752427e-07 257
1753391860148 9.999999974752427e-07 258
1753391877974 9.999999974752427e-07 259
1753391895687 9.999999974752427e-07 260
1753391914731 9.999999974752427e-07 261
1753391932526 9.999999974752427e-07 262
1753391950225 9.999999974752427e-07 263
1753391968228 9.999999974752427e-07 264
1753391986195 9.999999974752427e-07 265
1753392004092 9.999999974752427e-07 266
1753392021952 9.999999974752427e-07 267
1753392039939 9.999999974752427e-07 268
1753392058134 9.999999974752427e-07 269
1753392075828 9.999999974752427e-07 270
1753392094075 9.999999974752427e-07 271
1753392112182 9.999999974752427e-07 272
1753392130294 9.999999974752427e-07 273
1753392148252 9.999999974752427e-07 274
1753392166152 9.999999974752427e-07 275
1753392184416 9.999999974752427e-07 276
1753392202448 9.999999974752427e-07 277
1753392220979 9.999999974752427e-07 278
1753392239264 9.999999974752427e-07 279
1753392257270 9.999999974752427e-07 280
1753392275075 9.999999974752427e-07 281
1753392293135 9.999999974752427e-07 282
1753392310924 9.999999974752427e-07 283
1753392329410 9.999999974752427e-07 284
1753392347147 9.999999974752427e-07 285
1753392365268 9.999999974752427e-07 286
1753392382964 9.999999974752427e-07 287
1753392401014 9.999999974752427e-07 288
1753392418958 9.999999974752427e-07 289
1753392436950 9.999999974752427e-07 290
1753392454786 9.999999974752427e-07 291
1753392472934 9.999999974752427e-07 292
1753392490674 9.999999974752427e-07 293
1753392508648 9.999999974752427e-07 294
1753392526149 9.999999974752427e-07 295
1753392543896 9.999999974752427e-07 296
1753392562498 9.999999974752427e-07 297
1753392580282 9.999999974752427e-07 298
1753392597760 9.999999974752427e-07 299
1753392615448 9.999999974752427e-07 300
