1753262438660 1.0 0
1753262454998 2.0 0
1753262469740 3.0 0
1753262484372 4.0 0
1753262498948 5.0 0
1753262513563 6.0 0
1753262528428 7.0 0
1753262542975 8.0 0
1753262557989 9.0 0
1753262572769 10.0 0
1753262602095 12.0 0
1753262616830 13.0 0
1753262631674 14.0 0
1753262660719 16.0 0
1753262675575 17.0 0
1753262690218 18.0 0
1753262704948 19.0 0
1753262719731 20.0 0
1753262734359 21.0 0
1753262749174 22.0 0
1753262778500 24.0 0
1753262793166 25.0 0
1753262807899 26.0 0
1753262822730 27.0 0
1753262837353 28.0 0
1753262852114 29.0 0
1753262866648 30.0 0
1753262881053 31.0 0
1753262895810 32.0 0
1753262910383 33.0 0
1753262924773 34.0 0
1753262939532 35.0 0
1753262954050 36.0 0
1753262968764 37.0 0
1753262983317 38.0 0
1753262997946 39.0 0
1753263012757 40.0 0
1753263027330 41.0 0
1753263042209 42.0 0
1753263057063 43.0 0
1753263071795 44.0 0
1753263086399 45.0 0
1753263100897 46.0 0
1753263115727 47.0 0
1753263130717 48.0 0
1753263145409 49.0 0
1753263160394 50.0 0
1753263175159 51.0 0
1753263189911 52.0 0
1753263219570 54.0 0
1753263249016 56.0 0
1753263293131 59.0 0
1753263307686 60.0 0
1753263322556 61.0 0
1753263366322 64.0 0
1753263410546 67.0 0
1753263498762 73.0 0
1753263704304 87.0 0
