1753262426800 0.66426 1
1753262442323 0.56204 2
1753262458719 0.49608 3
1753262473436 0.45114 4
1753262487950 0.41124 5
1753262502564 0.37447 6
1753262517239 0.34032 7
1753262532024 0.30913 8
1753262546691 0.28072 9
1753262561593 0.25498 10
1753262576410 0.23128 11
1753262590880 0.20985 12
1753262605709 0.19077 13
1753262620383 0.17366 14
1753262635215 0.15842 15
1753262649751 0.1447 16
1753262664372 0.13215 17
1753262679247 0.12092 18
1753262693931 0.11095 19
1753262708587 0.10215 20
1753262723414 0.09413 21
1753262738042 0.0869 22
1753262752808 0.07863 23
1753262767382 0.06138 24
1753262782075 0.05576 25
1753262796855 0.05239 26
1753262811420 0.04949 27
1753262826334 0.04698 28
1753262841077 0.04478 29
1753262855721 0.0428 30
1753262870248 0.04104 31
1753262884701 0.03941 32
1753262899441 0.03799 33
1753262913951 0.03664 34
1753262928462 0.03545 35
1753262943194 0.03439 36
1753262957740 0.03341 37
1753262972465 0.0325 38
1753262986904 0.03159 39
1753263001554 0.03086 40
1753263016401 0.03015 41
1753263031042 0.02945 42
1753263045863 0.02892 43
1753263060770 0.02835 44
1753263075472 0.0278 45
1753263090052 0.02729 46
1753263104591 0.02682 47
1753263119407 0.02642 48
1753263134431 0.02603 49
1753263149118 0.02566 50
1753263164083 0.02529 51
1753263178927 0.02497 52
1753263193628 0.02467 53
1753263208534 0.02436 54
1753263223259 0.0241 55
1753263238057 0.02386 56
1753263252638 0.02359 57
1753263267100 0.02341 58
1753263282057 0.02319 59
1753263296749 0.02293 60
1753263311366 0.02279 61
1753263326197 0.02261 62
1753263340661 0.02242 63
1753263355374 0.02227 64
1753263369945 0.02207 65
1753263384779 0.02194 66
1753263399623 0.02178 67
1753263414173 0.02162 68
1753263428855 0.0215 69
1753263443575 0.0214 70
1753263458294 0.02129 71
1753263472805 0.02115 72
1753263487371 0.02106 73
1753263502384 0.02096 74
1753263517056 0.02086 75
1753263531591 0.02073 76
1753263546645 0.02061 77
1753263561108 0.02057 78
1753263575685 0.02051 79
1753263590251 0.02038 80
1753263604961 0.02029 81
1753263619529 0.02023 82
1753263634082 0.02015 83
1753263649263 0.02007 84
1753263664204 0.02001 85
1753263678850 0.01994 86
1753263693242 0.01987 87
1753263707952 0.01982 88
1753263722933 0.01977 89
1753263737452 0.01968 90
1753263752102 0.01965 91
1753263766902 0.01958 92
1753263781489 0.01954 93
1753263796093 0.01949 94
1753263810660 0.01939 95
1753263825527 0.01935 96
1753263840435 0.01934 97
1753263854999 0.01931 98
1753263869733 0.01929 99
1753263884317 0.01918 100
1753263899136 0.01913 101
1753263913613 0.01913 102
1753263928327 0.01904 103
1753263943111 0.01903 104
1753263957578 0.01899 105
1753263971947 0.01894 106
1753263986635 0.0189 107
1753264001135 0.0189 108
1753264015830 0.01887 109
1753264030467 0.01881 110
1753264045325 0.01877 111
1753264059952 0.01872 112
1753264074721 0.01867 113
1753264089619 0.0187 114
1753264104235 0.01865 115
1753264118984 0.01863 116
1753264134074 0.01858 117
1753264148623 0.01858 118
1753264163603 0.01854 119
1753264178230 0.01852 120
1753264192878 0.01847 121
1753264207637 0.01843 122
1753264222197 0.01839 123
1753264236716 0.01839 124
1753264251361 0.01839 125
1753264266295 0.01834 126
1753264280856 0.01834 127
1753264295512 0.01837 128
1753264310506 0.0183 129
1753264325254 0.01827 130
1753264339815 0.01823 131
1753264354343 0.01827 132
1753264369300 0.01817 133
1753264383861 0.01816 134
1753264398830 0.01817 135
1753264413489 0.01813 136
1753264428241 0.01811 137
1753264443199 0.01808 138
1753264457696 0.01809 139
1753264472653 0.01806 140
1753264487289 0.01809 141
1753264501908 0.018 142
1753264516595 0.018 143
1753264531222 0.01798 144
1753264546261 0.01795 145
1753264561185 0.01793 146
1753264575912 0.01794 147
1753264590868 0.01787 148
1753264605630 0.01792 149
1753264620799 0.01791 150
1753264635294 0.01787 151
1753264649970 0.01783 152
1753264664864 0.01782 153
1753264679454 0.01784 154
1753264694559 0.01783 155
1753264709200 0.01779 156
1753264724090 0.01773 157
1753264738730 0.01775 158
1753264753335 0.01774 159
1753264768172 0.01776 160
1753264782816 0.01771 161
1753264797456 0.01768 162
1753264812455 0.01768 163
1753264826952 0.01766 164
1753264841602 0.01769 165
1753264856072 0.01765 166
1753264870708 0.01761 167
1753264885667 0.0176 168
1753264900153 0.0176 169
1753264915242 0.01762 170
1753264929782 0.0176 171
1753264944529 0.01756 172
1753264959169 0.01754 173
1753264973617 0.01751 174
1753264988506 0.01754 175
1753265003121 0.01751 176
1753265017652 0.01749 177
1753265032335 0.01756 178
1753265046876 0.01754 179
1753265061852 0.01751 180
1753265076444 0.01744 181
1753265091404 0.01751 182
1753265106223 0.01745 183
1753265120623 0.01744 184
1753265135343 0.01745 185
1753265149949 0.01747 186
1753265165188 0.01741 187
1753265179864 0.01737 188
1753265194526 0.01739 189
1753265209451 0.0174 190
1753265223948 0.01738 191
1753265238319 0.01734 192
1753265253027 0.01737 193
1753265267748 0.01739 194
1753265282471 0.01737 195
1753265297018 0.01729 196
1753265311589 0.0173 197
1753265326350 0.01733 198
1753265340801 0.01729 199
1753265355568 0.01729 200
1753265370312 0.01729 201
1753265384918 0.01731 202
1753265399582 0.0173 203
1753265414235 0.01728 204
1753265429075 0.01725 205
1753265443773 0.01725 206
1753265458555 0.01723 207
1753265473546 0.01727 208
1753265488094 0.01725 209
1753265502923 0.01719 210
1753265517538 0.01726 211
1753265532037 0.01722 212
1753265546838 0.01716 213
1753265561424 0.0172 214
1753265576389 0.0172 215
1753265591026 0.0172 216
1753265605705 0.01715 217
1753265620332 0.01719 218
1753265634903 0.01718 219
1753265649557 0.01718 220
1753265664149 0.01718 221
1753265678629 0.01714 222
1753265693346 0.01714 223
1753265707755 0.01711 224
1753265722376 0.01714 225
1753265736947 0.01714 226
1753265751894 0.01709 227
1753265766574 0.01714 228
1753265780970 0.01711 229
1753265795593 0.01714 230
1753265810068 0.01709 231
1753265824823 0.01711 232
1753265839368 0.01708 233
1753265853803 0.01711 234
1753265868766 0.01708 235
1753265883223 0.01708 236
1753265897643 0.0171 237
1753265912319 0.01708 238
1753265926759 0.01708 239
1753265941437 0.01707 240
1753265955929 0.01705 241
1753265970359 0.01709 242
1753265985493 0.01708 243
1753265999959 0.01702 244
1753266014649 0.01704 245
1753266029386 0.01704 246
1753266044404 0.01702 247
1753266058822 0.01702 248
1753266073464 0.017 249
1753266088136 0.017 250
1753266103027 0.01703 251
1753266117600 0.01703 252
1753266132284 0.01702 253
1753266147212 0.01698 254
1753266161769 0.01698 255
1753266176491 0.01696 256
1753266191059 0.01697 257
1753266206022 0.01697 258
1753266220638 0.01699 259
1753266235185 0.01695 260
1753266250322 0.01698 261
1753266265048 0.01697 262
1753266279655 0.01695 263
1753266294398 0.01695 264
1753266308880 0.01696 265
1753266323605 0.01695 266
1753266338303 0.01695 267
1753266353292 0.01699 268
1753266368153 0.01697 269
1753266382592 0.01693 270
1753266397686 0.01694 271
1753266412089 0.01687 272
1753266427008 0.01693 273
1753266441548 0.0169 274
1753266456130 0.01691 275
1753266471075 0.01697 276
1753266485776 0.01695 277
1753266500370 0.0169 278
1753266515621 0.01694 279
1753266530187 0.01693 280
1753266544893 0.01689 281
1753266559361 0.01689 282
1753266573835 0.0169 283
1753266588798 0.01688 284
1753266603308 0.01688 285
1753266618092 0.01688 286
1753266632711 0.01687 287
1753266647535 0.01686 288
1753266662178 0.0169 289
1753266676543 0.01687 290
1753266691536 0.01686 291
1753266706276 0.01687 292
1753266720853 0.01686 293
1753266735684 0.01688 294
1753266750384 0.01688 295
1753266765399 0.01685 296
1753266780024 0.01684 297
1753266794574 0.01682 298
1753266809366 0.01684 299
1753266823821 0.01685 300
