1750883725968 1.0 0
1750883726268 2.0 0
1750883726561 3.0 0
1750883726860 4.0 0
1750883727152 5.0 0
1750883727443 6.0 0
1750883727734 7.0 0
1750883728026 8.0 0
1750883728319 9.0 0
1750883728615 10.0 0
1750883728910 11.0 0
1750883729202 12.0 0
1750883729496 13.0 0
1750883729789 14.0 0
1750883730080 15.0 0
1750883730375 16.0 0
1750883730668 17.0 0
1750883730962 18.0 0
1750883731280 19.0 0
1750883731799 21.0 0
1750883732089 22.0 0
1750883732377 23.0 0
1750883732669 24.0 0
1750883732958 25.0 0
1750883733478 27.0 0
1750883733768 28.0 0
1750883734287 30.0 0
1750883734806 32.0 0
1750883735097 33.0 0
1750883735394 34.0 0
1750883735688 35.0 0
1750883735982 36.0 0
1750883736493 38.0 0
1750883737675 43.0 0
1750883738191 45.0 0
1750883738484 46.0 0
1750883738774 47.0 0
1750883739066 48.0 0
1750883740038 52.0 0
1750883740557 54.0 0
1750883740849 55.0 0
1750883741830 59.0 0
1750883742348 61.0 0
1750883742639 62.0 0
1750883742934 63.0 0
1750883743224 64.0 0
1750883743514 65.0 0
1750883744266 68.0 0
1750883744555 69.0 0
1750883745073 71.0 0
1750883745363 72.0 0
1750883745654 73.0 0
1750883746626 77.0 0
1750883746917 78.0 0
1750883747208 79.0 0
1750883747499 80.0 0
1750883748243 83.0 0
1750883748533 84.0 0
1750883748822 85.0 0
1750883749111 86.0 0
1750883749634 88.0 0
1750883750153 90.0 0
1750883750443 91.0 0
1750883750968 93.0 0
1750883751263 94.0 0
1750883751787 96.0 0
1750883752533 99.0 0
1750883752824 100.0 0
1750883753573 103.0 0
1750883753863 104.0 0
1750883754153 105.0 0
1750883754442 106.0 0
1750883754961 108.0 0
1750883755710 111.0 0
1750883756000 112.0 0
1750883756290 113.0 0
1750883756583 114.0 0
1750883757328 117.0 0
1750883757652 118.0 0
1750883757942 119.0 0
1750883758230 120.0 0
1750883758750 122.0 0
1750883759272 124.0 0
1750883759563 125.0 0
1750883760089 127.0 0
1750883760384 128.0 0
1750883760676 129.0 0
1750883760968 130.0 0
1750883761726 133.0 0
1750883762252 135.0 0
1750883762545 136.0 0
1750883762836 137.0 0
1750883763356 139.0 0
1750883763647 140.0 0
1750883763941 141.0 0
1750883764231 142.0 0
1750883764982 145.0 0
1750883765272 146.0 0
1750883765561 147.0 0
1750883766339 150.0 0
1750883766626 151.0 0
1750883767132 153.0 0
1750883767866 156.0 0
1750883768153 157.0 0
1750883768434 158.0 0
1750883769400 162.0 0
1750883770575 167.0 0
1750883771304 170.0 0
1750883771587 171.0 0
1750883772548 175.0 0
1750883773736 180.0 0
1750883774026 181.0 0
1750883775436 187.0 0
1750883775719 188.0 0
1750883776003 189.0 0
1750883776735 192.0 0
1750883777019 193.0 0
1750883777304 194.0 0
1750883778253 198.0 0
1750883778993 201.0 0
1750883780169 206.0 0
1750883782023 214.0 0
1750883782309 215.0 0
1750883782599 216.0 0
1750883782881 217.0 0
1750883783387 219.0 0
1750883783669 220.0 0
