1750883725700 0.59102 1
1750883726151 0.5574 2
1750883726445 0.54721 3
1750883726744 0.53363 4
1750883727037 0.51681 5
1750883727329 0.50185 6
1750883727620 0.48852 7
1750883727911 0.47615 8
1750883728205 0.46578 9
1750883728498 0.45583 10
1750883728794 0.44538 11
1750883729087 0.43832 12
1750883729377 0.4278 13
1750883729675 0.4204 14
1750883729965 0.41191 15
1750883730259 0.40434 16
1750883730553 0.39872 17
1750883730847 0.39081 18
1750883731158 0.38418 19
1750883731457 0.37786 20
1750883731686 0.37367 21
1750883731975 0.36537 22
1750883732264 0.36122 23
1750883732555 0.35442 24
1750883732845 0.3505 25
1750883733135 0.34333 26
1750883733364 0.33795 27
1750883733654 0.3342 28
1750883733944 0.32759 29
1750883734173 0.32226 30
1750883734464 0.31806 31
1750883734692 0.31267 32
1750883734983 0.30725 33
1750883735272 0.30243 34
1750883735572 0.29774 35
1750883735869 0.29408 36
1750883736155 0.28948 37
1750883736381 0.28448 38
1750883736670 0.28176 39
1750883736893 0.27647 40
1750883737114 0.27512 41
1750883737336 0.26899 42
1750883737561 0.26505 43
1750883737850 0.26072 44
1750883738078 0.25792 45
1750883738370 0.25425 46
1750883738660 0.25082 47
1750883738950 0.24666 48
1750883739242 0.24337 49
1750883739469 0.24268 50
1750883739698 0.23669 51
1750883739925 0.23272 52
1750883740215 0.22997 53
1750883740444 0.23069 54
1750883740734 0.22392 55
1750883741026 0.22257 56
1750883741259 0.21955 57
1750883741488 0.21672 58
1750883741716 0.21364 59
1750883742006 0.20979 60
1750883742235 0.20744 61
1750883742526 0.20383 62
1750883742820 0.20154 63
1750883743109 0.19858 64
1750883743399 0.19515 65
1750883743695 0.19235 66
1750883743923 0.19129 67
1750883744152 0.18853 68
1750883744441 0.18487 69
1750883744731 0.18366 70
1750883744959 0.17946 71
1750883745247 0.1825 72
1750883745540 0.17585 73
1750883745829 0.17258 74
1750883746056 0.17243 75
1750883746285 0.1689 76
1750883746513 0.16551 77
1750883746803 0.16192 78
1750883747094 0.16048 79
1750883747385 0.15887 80
1750883747674 0.15608 81
1750883747903 0.15465 82
1750883748130 0.15212 83
1750883748419 0.15036 84
1750883748708 0.14665 85
1750883748997 0.1458 86
1750883749291 0.14348 87
1750883749520 0.142 88
1750883749810 0.13914 89
1750883750038 0.13715 90
1750883750329 0.13634 91
1750883750619 0.1335 92
1750883750849 0.13141 93
1750883751145 0.13094 94
1750883751443 0.12929 95
1750883751672 0.12655 96
1750883751962 0.12507 97
1750883752191 0.12256 98
1750883752419 0.12161 99
1750883752710 0.12098 100
1750883753000 0.1196 101
1750883753230 0.11847 102
1750883753458 0.11613 103
1750883753749 0.11455 104
1750883754038 0.11575 105
1750883754328 0.11119 106
1750883754619 0.11014 107
1750883754847 0.11028 108
1750883755137 0.1082 109
1750883755367 0.10767 110
1750883755596 0.10623 111
1750883755886 0.10535 112
1750883756177 0.10345 113
1750883756468 0.10235 114
1750883756758 0.1011 115
1750883756986 0.09885 116
1750883757215 0.09875 117
1750883757504 0.09753 118
1750883757828 0.09787 119
1750883758117 0.0949 120
1750883758406 0.09582 121
1750883758635 0.09298 122
1750883758930 0.09239 123
1750883759158 0.09141 124
1750883759450 0.09046 125
1750883759740 0.08971 126
1750883759975 0.089 127
1750883760268 0.08791 128
1750883760561 0.08696 129
1750883760854 0.08651 130
1750883761145 0.08522 131
1750883761375 0.08408 132
1750883761609 0.08381 133
1750883761904 0.0826 134
1750883762137 0.08214 135
1750883762430 0.08092 136
1750883762722 0.07997 137
1750883763013 0.07938 138
1750883763243 0.07771 139
1750883763533 0.07828 140
1750883763826 0.0782 141
1750883764116 0.07686 142
1750883764408 0.07565 143
1750883764640 0.07527 144
1750883764869 0.07528 145
1750883765158 0.07521 146
1750883765447 0.07409 147
1750883765738 0.07425 148
1750883765971 0.07207 149
1750883766223 0.07114 150
1750883766514 0.07041 151
1750883766796 0.07006 152
1750883767020 0.06976 153
1750883767303 0.06859 154
1750883767524 0.06817 155
1750883767754 0.0668 156
1750883768040 0.06667 157
1750883768323 0.06765 158
1750883768604 0.06662 159
1750883768825 0.06787 160
1750883769064 0.06599 161
1750883769287 0.06603 162
1750883769574 0.06578 163
1750883769796 0.06402 164
1750883770018 0.06386 165
1750883770240 0.06283 166
1750883770464 0.06236 167
1750883770748 0.06192 168
1750883770970 0.06095 169
1750883771193 0.0614 170
1750883771475 0.05961 171
1750883771757 0.05955 172
1750883771992 0.05871 173
1750883772213 0.05824 174
1750883772436 0.05875 175
1750883772721 0.05782 176
1750883772948 0.05742 177
1750883773173 0.05677 178
1750883773397 0.05663 179
1750883773622 0.05602 180
1750883773912 0.05693 181
1750883774199 0.05701 182
1750883774424 0.05475 183
1750883774647 0.05529 184
1750883774873 0.05395 185
1750883775095 0.05324 186
1750883775321 0.05286 187
1750883775607 0.0531 188
1750883775891 0.05217 189
1750883776176 0.05209 190
1750883776399 0.05155 191
1750883776623 0.05123 192
1750883776907 0.0514 193
1750883777192 0.0507 194
1750883777473 0.05041 195
1750883777699 0.05049 196
1750883777920 0.04971 197
1750883778142 0.04953 198
1750883778425 0.04908 199
1750883778647 0.04893 200
1750883778868 0.04762 201
1750883779165 0.04763 202
1750883779387 0.04762 203
1750883779608 0.04716 204
1750883779834 0.04744 205
1750883780057 0.04719 206
1750883780341 0.04614 207
1750883780564 0.04531 208
1750883780787 0.04504 209
1750883781018 0.04493 210
1750883781245 0.04556 211
1750883781466 0.04874 212
1750883781690 0.04505 213
1750883781912 0.04751 214
1750883782197 0.04617 215
1750883782487 0.04533 216
1750883782770 0.04634 217
1750883783052 0.04433 218
1750883783274 0.04518 219
1750883783557 0.04461 220
1750883783838 0.04368 221
1750883784060 0.04297 222
1750883784283 0.04259 223
1750883784505 0.0428 224
1750883784727 0.04178 225
1750883784955 0.04114 226
1750883785178 0.04119 227
1750883785399 0.04083 228
1750883785621 0.04161 229
1750883785844 0.03962 230
