1753270320892 1.0 0
1753270334398 2.0 0
1753270347936 3.0 0
1753270362016 4.0 0
1753270375821 5.0 0
1753270389287 6.0 0
1753270402959 7.0 0
1753270416813 8.0 0
1753270430508 9.0 0
1753270444078 10.0 0
1753270457876 11.0 0
1753270471816 12.0 0
1753270485249 13.0 0
1753270498831 14.0 0
1753270512276 15.0 0
1753270526093 16.0 0
1753270539685 17.0 0
1753270553174 18.0 0
1753270567001 19.0 0
1753270580648 20.0 0
1753270594209 21.0 0
1753270607569 22.0 0
1753270621524 23.0 0
1753270635138 24.0 0
1753270648681 25.0 0
1753270662430 26.0 0
1753270676049 27.0 0
1753270689663 28.0 0
1753270703191 29.0 0
1753270716735 30.0 0
1753270730546 31.0 0
1753270744191 32.0 0
1753270757748 33.0 0
1753270771891 34.0 0
1753270785403 35.0 0
1753270798842 36.0 0
1753270812313 37.0 0
1753270826311 38.0 0
1753270840150 39.0 0
1753270853595 40.0 0
1753270867159 41.0 0
1753270880855 42.0 0
1753270894293 43.0 0
1753270907794 44.0 0
1753270921254 45.0 0
1753270935139 46.0 0
1753270948598 47.0 0
1753270962061 48.0 0
1753271003197 51.0 0
1753271016736 52.0 0
1753271030597 53.0 0
1753271071417 56.0 0
1753271126070 60.0 0
1753271166933 63.0 0
1753271194231 65.0 0
1753271207732 66.0 0
1753271234935 68.0 0
1753271289831 72.0 0
1753271316570 74.0 0
1753271615655 96.0 0
