1753270308130 0.71259 1
1753270323445 0.58518 2
1753270336988 0.52266 3
1753270350736 0.4735 4
1753270364628 0.42392 5
1753270378340 0.37714 6
1753270391990 0.33525 7
1753270405531 0.29797 8
1753270419512 0.26531 9
1753270433215 0.23629 10
1753270446754 0.21086 11
1753270460509 0.18866 12
1753270474370 0.16937 13
1753270487951 0.15256 14
1753270501417 0.13805 15
1753270514924 0.12544 16
1753270528768 0.11451 17
1753270542274 0.10499 18
1753270555820 0.09662 19
1753270569680 0.08938 20
1753270583301 0.08302 21
1753270596732 0.0773 22
1753270610218 0.07227 23
1753270624080 0.06786 24
1753270637729 0.06393 25
1753270651249 0.06046 26
1753270664948 0.0573 27
1753270678695 0.0545 28
1753270692306 0.05194 29
1753270705795 0.04962 30
1753270719328 0.04756 31
1753270733260 0.04571 32
1753270746837 0.04395 33
1753270760427 0.04238 34
1753270774512 0.04096 35
1753270787996 0.03968 36
1753270801466 0.03848 37
1753270814996 0.03735 38
1753270828967 0.03628 39
1753270842712 0.03536 40
1753270856202 0.03452 41
1753270869714 0.03368 42
1753270883386 0.03292 43
1753270896944 0.03217 44
1753270910370 0.03152 45
1753270923820 0.0309 46
1753270937703 0.03035 47
1753270951126 0.02963 48
1753270964679 0.02885 49
1753270978532 0.02812 50
1753270992216 0.02759 51
1753271005821 0.02703 52
1753271019395 0.02657 53
1753271033210 0.02622 54
1753271046837 0.02588 55
1753271060329 0.02557 56
1753271073956 0.02527 57
1753271087440 0.02495 58
1753271100877 0.02472 59
1753271114726 0.02449 60
1753271128684 0.02422 61
1753271142496 0.02399 62
1753271156041 0.02379 63
1753271169675 0.02358 64
1753271183389 0.02336 65
1753271196871 0.02321 66
1753271210410 0.02301 67
1753271224104 0.02288 68
1753271237633 0.0227 69
1753271251455 0.02255 70
1753271265048 0.02241 71
1753271278580 0.02228 72
1753271292321 0.02217 73
1753271305737 0.02201 74
1753271319089 0.02188 75
1753271332868 0.02176 76
1753271346546 0.02165 77
1753271360137 0.02152 78
1753271373583 0.02143 79
1753271387433 0.0213 80
1753271400861 0.0212 81
1753271414399 0.02107 82
1753271428022 0.02103 83
1753271441521 0.02095 84
1753271455243 0.02082 85
1753271468796 0.02076 86
1753271482332 0.02064 87
1753271496137 0.02061 88
1753271509536 0.02054 89
1753271522937 0.02041 90
1753271536474 0.02033 91
1753271550443 0.02026 92
1753271564003 0.02023 93
1753271577374 0.02016 94
1753271591096 0.0201 95
1753271604667 0.02002 96
1753271618351 0.02004 97
1753271632069 0.01991 98
1753271645599 0.01983 99
1753271659593 0.01983 100
1753271673216 0.01972 101
1753271686657 0.01966 102
1753271700617 0.01962 103
1753271714142 0.0196 104
1753271727646 0.01956 105
1753271741458 0.01946 106
1753271755582 0.01938 107
1753271769168 0.01934 108
1753271782791 0.01931 109
1753271796776 0.01928 110
1753271810395 0.01919 111
1753271823978 0.01923 112
1753271837975 0.01918 113
1753271851716 0.01914 114
1753271865618 0.01905 115
1753271879200 0.01902 116
1753271892815 0.01897 117
1753271906708 0.01895 118
1753271920204 0.01888 119
1753271933701 0.01883 120
1753271947462 0.0188 121
1753271961352 0.01882 122
1753271974817 0.01874 123
1753271988215 0.01875 124
1753272001983 0.01868 125
1753272015467 0.01872 126
1753272029033 0.01863 127
1753272042878 0.01861 128
1753272056419 0.0186 129
1753272070276 0.01854 130
1753272083888 0.01853 131
1753272097505 0.01845 132
1753272111242 0.01845 133
1753272124727 0.01847 134
1753272138296 0.01839 135
1753272152234 0.01836 136
1753272165689 0.01837 137
1753272179161 0.01839 138
1753272192832 0.01835 139
1753272206383 0.0183 140
1753272220116 0.01828 141
1753272233875 0.01825 142
1753272247454 0.01822 143
1753272261376 0.01823 144
1753272274960 0.01818 145
1753272288371 0.01811 146
1753272302188 0.01811 147
1753272315714 0.01817 148
1753272329444 0.01812 149
1753272343045 0.01808 150
1753272356837 0.01808 151
1753272370578 0.01802 152
1753272383959 0.01801 153
1753272397621 0.01799 154
1753272411322 0.01796 155
1753272425068 0.01794 156
1753272438636 0.01792 157
1753272452232 0.01787 158
1753272466275 0.01791 159
1753272479860 0.0179 160
1753272493373 0.01783 161
1753272507195 0.01788 162
1753272520792 0.01783 163
1753272534850 0.0178 164
1753272548473 0.01774 165
1753272562218 0.01772 166
1753272576333 0.01774 167
1753272590124 0.01773 168
1753272604043 0.0177 169
1753272617825 0.0177 170
1753272631512 0.0177 171
1753272645085 0.01768 172
1753272658900 0.0177 173
1753272672684 0.01767 174
1753272686147 0.01765 175
1753272699590 0.01766 176
1753272713404 0.01756 177
1753272726795 0.01756 178
1753272740845 0.01752 179
1753272754436 0.01757 180
1753272768095 0.01751 181
1753272781609 0.01757 182
1753272795153 0.01745 183
1753272808954 0.01747 184
1753272822676 0.01744 185
1753272836256 0.0175 186
1753272849777 0.01747 187
1753272863605 0.0175 188
1753272877501 0.01744 189
1753272891307 0.01741 190
1753272904732 0.01743 191
1753272918440 0.01741 192
1753272932009 0.01739 193
1753272945589 0.01741 194
1753272959238 0.01735 195
1753272972872 0.01736 196
1753272986265 0.01742 197
1753272999852 0.01736 198
1753273013467 0.01734 199
1753273026946 0.01736 200
1753273040746 0.0173 201
1753273054358 0.01742 202
1753273068038 0.01729 203
1753273081658 0.01729 204
1753273095183 0.01729 205
1753273108673 0.01728 206
1753273122353 0.01726 207
1753273136009 0.01722 208
1753273149711 0.01727 209
1753273163304 0.01722 210
1753273177126 0.01723 211
1753273190605 0.01725 212
1753273204354 0.01725 213
1753273218074 0.01725 214
1753273231801 0.0172 215
1753273245356 0.01719 216
1753273259068 0.01721 217
1753273272585 0.01721 218
1753273286280 0.01713 219
1753273299920 0.01718 220
1753273313539 0.01712 221
1753273327458 0.01716 222
1753273340987 0.01708 223
1753273354455 0.0171 224
1753273368021 0.01709 225
1753273381713 0.01711 226
1753273395455 0.0171 227
1753273409101 0.01712 228
1753273422966 0.01708 229
1753273436629 0.01709 230
1753273450252 0.01713 231
1753273463751 0.01711 232
1753273477451 0.01709 233
1753273491020 0.01705 234
1753273504631 0.01705 235
1753273518174 0.01704 236
1753273531775 0.01705 237
1753273545741 0.01706 238
1753273559215 0.01702 239
1753273573069 0.017 240
1753273586845 0.01699 241
1753273600249 0.01704 242
1753273613960 0.01701 243
1753273627612 0.01701 244
1753273641232 0.01701 245
1753273654736 0.01701 246
1753273668212 0.01701 247
1753273681862 0.01698 248
1753273695513 0.01698 249
1753273709372 0.01697 250
1753273722772 0.01699 251
1753273736524 0.01696 252
1753273750192 0.017 253
1753273763860 0.01696 254
1753273777739 0.01695 255
1753273791347 0.01694 256
1753273804945 0.01693 257
1753273818836 0.01696 258
1753273832702 0.01695 259
1753273846399 0.01693 260
1753273860277 0.01691 261
1753273873719 0.01692 262
1753273887396 0.01693 263
1753273900879 0.01691 264
1753273914647 0.0169 265
1753273928291 0.01689 266
1753273941767 0.01689 267
1753273955583 0.01688 268
1753273969527 0.01688 269
1753273983371 0.01688 270
1753273996657 0.01687 271
1753274010232 0.01686 272
1753274023745 0.01688 273
1753274037351 0.01687 274
1753274051102 0.01684 275
1753274065180 0.01682 276
1753274078697 0.01682 277
1753274092521 0.01682 278
1753274106180 0.01684 279
1753274119702 0.01685 280
1753274133345 0.01679 281
1753274146875 0.01684 282
1753274160495 0.01687 283
1753274174255 0.01687 284
1753274188043 0.01683 285
1753274201638 0.0168 286
1753274215157 0.01679 287
1753274228759 0.01679 288
1753274242554 0.01679 289
1753274256629 0.01676 290
1753274270343 0.01676 291
1753274284047 0.01678 292
1753274297574 0.01678 293
1753274311073 0.01676 294
1753274325021 0.01675 295
1753274338705 0.01676 296
1753274352127 0.01671 297
1753274365792 0.01678 298
1753274379796 0.01674 299
1753274393387 0.01675 300
