1752945784634 1.0 0
1752945799432 2.0 0
1752945814002 3.0 0
1752945828945 4.0 0
1752945844446 5.0 0
1752945859665 6.0 0
1752945874528 7.0 0
1752945889484 8.0 0
1752945904277 9.0 0
1752945918998 10.0 0
1752945933916 11.0 0
1752945948839 12.0 0
1752945963534 13.0 0
1752945978170 14.0 0
1752945993173 15.0 0
1752946007957 16.0 0
1752946022620 17.0 0
1752946037256 18.0 0
1752946051751 19.0 0
1752946066854 20.0 0
1752946081711 21.0 0
1752946096828 22.0 0
1752946111509 23.0 0
1752946126221 24.0 0
1752946140809 25.0 0
1752946155330 26.0 0
1752946169893 27.0 0
1752946184503 28.0 0
1752946199624 29.0 0
1752946214624 30.0 0
1752946229390 31.0 0
1752946244187 32.0 0
1752946258868 33.0 0
1752946273533 34.0 0
1752946288164 35.0 0
1752946302749 36.0 0
1752946332093 38.0 0
1752946346517 39.0 0
1752946361417 40.0 0
1752946376046 41.0 0
1752946390807 42.0 0
1752946405425 43.0 0
1752946420522 44.0 0
1752946435295 45.0 0
1752946525841 51.0 0
1752946660285 60.0 0
1752946765387 67.0 0
