1752945772383 0.63634 1
1752945787911 0.50689 2
1752945802546 0.42599 3
1752945817168 0.36366 4
1752945832128 0.31122 5
1752945847732 0.26638 6
1752945862973 0.22816 7
1752945877853 0.19581 8
1752945892735 0.16909 9
1752945907559 0.1469 10
1752945922342 0.12857 11
1752945937127 0.1135 12
1752945952121 0.10104 13
1752945966743 0.09056 14
1752945981367 0.08174 15
1752945996416 0.07436 16
1752946011173 0.06812 17
1752946025864 0.06279 18
1752946040464 0.05823 19
1752946054990 0.05429 20
1752946070144 0.05089 21
1752946084972 0.04797 22
1752946100105 0.04534 23
1752946114754 0.04312 24
1752946129465 0.04107 25
1752946144046 0.03928 26
1752946158586 0.03768 27
1752946173144 0.03627 28
1752946187731 0.03497 29
1752946202913 0.03384 30
1752946217909 0.03276 31
1752946232624 0.03186 32
1752946247459 0.03105 33
1752946262083 0.03026 34
1752946276701 0.02953 35
1752946291378 0.02891 36
1752946305987 0.02828 37
1752946320654 0.02771 38
1752946335251 0.02718 39
1752946349652 0.02672 40
1752946364593 0.02627 41
1752946379260 0.02567 42
1752946394103 0.0248 43
1752946408589 0.02404 44
1752946423774 0.02351 45
1752946438504 0.02317 46
1752946453155 0.02291 47
1752946468401 0.02265 48
1752946483390 0.02246 49
1752946498533 0.02234 50
1752946514162 0.02211 51
1752946529162 0.0219 52
1752946544192 0.02176 53
1752946559343 0.02157 54
1752946574352 0.02145 55
1752946589570 0.02134 56
1752946604462 0.0212 57
1752946619284 0.02107 58
1752946633901 0.02094 59
1752946648655 0.02087 60
1752946663601 0.02076 61
1752946678525 0.02063 62
1752946693463 0.02055 63
1752946708396 0.02044 64
1752946723797 0.02038 65
1752946738589 0.02027 66
1752946753560 0.02021 67
1752946768758 0.02015 68
1752946783705 0.02009 69
1752946798681 0.01999 70
1752946813570 0.01991 71
1752946828398 0.01984 72
1752946843469 0.01978 73
1752946858290 0.01971 74
1752946872933 0.01969 75
1752946887691 0.0196 76
1752946902501 0.01951 77
1752946917245 0.01945 78
1752946932338 0.01943 79
1752946947385 0.01938 80
1752946962077 0.01934 81
1752946976697 0.01937 82
1752946991604 0.0193 83
1752947006594 0.01919 84
1752947021283 0.01918 85
1752947036035 0.01908 86
1752947050727 0.01908 87
1752947065306 0.019 88
1752947080001 0.01904 89
1752947094947 0.01894 90
1752947109860 0.01891 91
1752947124566 0.01888 92
1752947139235 0.01888 93
1752947154460 0.01887 94
1752947169514 0.01878 95
1752947184219 0.01876 96
1752947198932 0.01873 97
1752947213715 0.01867 98
1752947228409 0.01865 99
1752947243065 0.01862 100
1752947257751 0.01864 101
1752947272461 0.01859 102
1752947287119 0.01857 103
1752947302355 0.01853 104
1752947317293 0.01852 105
1752947332023 0.01844 106
1752947346779 0.01843 107
1752947361421 0.01842 108
1752947376079 0.01843 109
1752947390738 0.01837 110
1752947405380 0.01836 111
1752947420254 0.0184 112
1752947434908 0.01831 113
1752947449785 0.01829 114
1752947464397 0.01828 115
1752947478946 0.01827 116
1752947493547 0.01824 117
1752947508169 0.01824 118
1752947523210 0.0182 119
1752947538009 0.01818 120
1752947552619 0.01816 121
1752947567100 0.01813 122
1752947581918 0.0181 123
1752947596565 0.01809 124
1752947611110 0.01806 125
1752947625603 0.01806 126
1752947640309 0.01805 127
1752947655597 0.01806 128
1752947670653 0.01805 129
1752947685309 0.01798 130
1752947699913 0.01797 131
1752947714496 0.018 132
1752947729020 0.01798 133
1752947743738 0.01796 134
1752947758237 0.01789 135
1752947773129 0.0179 136
1752947787781 0.01788 137
1752947802450 0.01788 138
1752947817175 0.01786 139
1752947831864 0.01786 140
1752947846495 0.01794 141
1752947861033 0.01785 142
1752947876029 0.01783 143
1752947890877 0.0178 144
1752947905684 0.01781 145
1752947920429 0.0178 146
1752947935117 0.01776 147
1752947949779 0.01778 148
1752947964512 0.01774 149
1752947979173 0.01772 150
1752947993817 0.01773 151
1752948008547 0.01775 152
1752948023409 0.01772 153
1752948038373 0.01765 154
1752948052979 0.0177 155
1752948067913 0.01768 156
1752948082606 0.01771 157
1752948097166 0.01765 158
1752948111766 0.01761 159
1752948126364 0.01761 160
1752948141087 0.0176 161
1752948155749 0.01757 162
1752948170561 0.01763 163
1752948185315 0.01762 164
1752948199992 0.01757 165
1752948214637 0.01757 166
1752948229302 0.01757 167
1752948244540 0.01752 168
1752948259275 0.01754 169
1752948273776 0.01755 170
1752948288509 0.01753 171
1752948303224 0.01752 172
1752948317978 0.01754 173
1752948332779 0.01751 174
1752948347273 0.01751 175
1752948362013 0.01747 176
1752948377313 0.0175 177
1752948392108 0.01747 178
1752948406879 0.01744 179
1752948421431 0.01747 180
1752948436120 0.01747 181
1752948450981 0.01741 182
1752948465530 0.01742 183
1752948480524 0.01738 184
1752948495142 0.0174 185
1752948509579 0.01741 186
1752948524333 0.0174 187
1752948538926 0.0174 188
1752948553591 0.01743 189
1752948568181 0.01742 190
1752948583197 0.01739 191
1752948597713 0.01734 192
1752948612701 0.01738 193
1752948627292 0.01738 194
1752948641926 0.01735 195
1752948656564 0.01734 196
1752948671141 0.01729 197
1752948685784 0.01734 198
1752948700305 0.01728 199
1752948714904 0.01729 200
1752948729408 0.01732 201
1752948744230 0.01734 202
1752948759328 0.01732 203
1752948773889 0.01731 204
1752948788666 0.0173 205
1752948803210 0.01726 206
1752948817752 0.01729 207
1752948832363 0.01726 208
1752948846978 0.01726 209
1752948861590 0.01723 210
1752948876202 0.01724 211
1752948891161 0.01724 212
1752948905887 0.01726 213
1752948920475 0.01725 214
1752948935245 0.01726 215
1752948949851 0.01724 216
1752948965123 0.01723 217
1752948979625 0.01724 218
1752948994357 0.01719 219
1752949008894 0.01716 220
1752949023687 0.01716 221
1752949038368 0.0172 222
1752949053239 0.01718 223
1752949067796 0.01718 224
1752949082432 0.01718 225
1752949097493 0.0172 226
1752949112555 0.01716 227
1752949127283 0.01718 228
1752949141841 0.01716 229
1752949156696 0.01718 230
1752949171356 0.01717 231
1752949186064 0.01715 232
1752949200693 0.01711 233
1752949215374 0.01718 234
1752949230122 0.01717 235
1752949245295 0.01716 236
1752949260123 0.01713 237
1752949274797 0.01712 238
1752949289917 0.01709 239
1752949304544 0.01711 240
1752949319104 0.01714 241
1752949334138 0.01709 242
1752949349064 0.01709 243
1752949363557 0.01713 244
1752949378169 0.01711 245
1752949392889 0.01709 246
1752949407664 0.01707 247
1752949422260 0.01712 248
1752949437329 0.01706 249
1752949452348 0.01712 250
1752949467208 0.01708 251
1752949482067 0.01708 252
1752949497099 0.01709 253
1752949511810 0.0171 254
1752949526467 0.01705 255
1752949541110 0.01706 256
1752949555768 0.01703 257
1752949570445 0.01704 258
1752949585611 0.01707 259
1752949600481 0.01702 260
1752949615306 0.01707 261
1752949630063 0.01711 262
1752949644897 0.01705 263
1752949659764 0.01704 264
1752949674544 0.01706 265
1752949689695 0.01703 266
1752949704362 0.01701 267
1752949718973 0.01701 268
1752949733604 0.01703 269
1752949748403 0.01702 270
1752949763124 0.01701 271
1752949777787 0.017 272
1752949792476 0.017 273
1752949807388 0.01701 274
1752949822210 0.017 275
1752949837424 0.01702 276
1752949852153 0.01702 277
1752949866705 0.017 278
1752949881551 0.01697 279
1752949896263 0.01695 280
1752949910933 0.01695 281
1752949925764 0.017 282
1752949940796 0.01698 283
1752949955516 0.01698 284
1752949970836 0.01693 285
1752949985790 0.01695 286
1752950000593 0.01693 287
1752950015220 0.01693 288
1752950030053 0.01695 289
1752950044961 0.01695 290
1752950060126 0.01696 291
1752950074708 0.01694 292
1752950089304 0.01692 293
1752950104040 0.01691 294
1752950119025 0.01694 295
1752950133746 0.01696 296
1752950148351 0.01695 297
1752950163352 0.01694 298
1752950178076 0.01694 299
1752950193190 0.01693 300
