1753117556132 1.0 0
1753117587557 2.0 0
1753117619829 3.0 0
1753117652879 4.0 0
1753117685042 5.0 0
1753117717882 6.0 0
1753117749828 7.0 0
1753117782265 8.0 0
1753117814372 9.0 0
1753117846221 10.0 0
1753117878114 11.0 0
1753117910678 12.0 0
1753117942799 13.0 0
1753117974710 14.0 0
1753118006778 15.0 0
1753118038668 16.0 0
1753118070628 17.0 0
1753118102359 18.0 0
1753118133926 19.0 0
1753118165963 20.0 0
1753118197523 21.0 0
1753118229188 22.0 0
1753118261575 23.0 0
1753118293472 24.0 0
1753118325698 25.0 0
1753118358409 26.0 0
1753118390517 27.0 0
1753118422991 28.0 0
1753118455291 29.0 0
1753118487588 30.0 0
1753118519629 31.0 0
1753118551611 32.0 0
1753118583694 33.0 0
1753118616058 34.0 0
1753118648159 35.0 0
1753118712649 37.0 0
1753118745326 38.0 0
1753118777812 39.0 0
1753118810185 40.0 0
1753118874113 42.0 0
1753118906801 43.0 0
1753118939579 44.0 0
1753119003666 46.0 0
1753119068840 48.0 0
1753119165768 51.0 0
1753119262154 54.0 0
1753119359131 57.0 0
1753119552352 63.0 0
1753119939940 75.0 0
