1753117531010 0.45784 1
1753117564169 0.35987 2
1753117595768 0.3037 3
1753117628011 0.25842 4
1753117661118 0.219 5
1753117693284 0.18571 6
1753117725968 0.1585 7
1753117758127 0.13629 8
1753117790515 0.11811 9
1753117822513 0.10311 10
1753117854396 0.09069 11
1753117886337 0.0804 12
1753117918904 0.07199 13
1753117950992 0.06504 14
1753117982998 0.0593 15
1753118015006 0.05432 16
1753118046819 0.05026 17
1753118078946 0.04669 18
1753118110551 0.04365 19
1753118142284 0.04107 20
1753118174223 0.03874 21
1753118205780 0.03681 22
1753118237537 0.03516 23
1753118269882 0.0337 24
1753118301941 0.03243 25
1753118334066 0.03126 26
1753118366817 0.03024 27
1753118398896 0.02935 28
1753118431169 0.02856 29
1753118463677 0.02782 30
1753118495920 0.02717 31
1753118528057 0.02658 32
1753118559908 0.02604 33
1753118592096 0.02559 34
1753118624356 0.0251 35
1753118656542 0.02468 36
1753118688528 0.02434 37
1753118721152 0.02401 38
1753118753599 0.02365 39
1753118786119 0.02338 40
1753118818602 0.02307 41
1753118850581 0.02279 42
1753118882371 0.02257 43
1753118915343 0.02236 44
1753118947858 0.02214 45
1753118979787 0.02195 46
1753119012006 0.02178 47
1753119044689 0.02159 48
1753119077260 0.0214 49
1753119109558 0.02131 50
1753119142044 0.02111 51
1753119174154 0.02098 52
1753119205918 0.02087 53
1753119238081 0.02074 54
1753119270701 0.02064 55
1753119302928 0.02052 56
1753119335223 0.02044 57
1753119367546 0.02032 58
1753119399910 0.02021 59
1753119431641 0.02014 60
1753119464224 0.02007 61
1753119496600 0.02002 62
1753119528781 0.01993 63
1753119560701 0.01981 64
1753119592893 0.01977 65
1753119625195 0.01971 66
1753119657646 0.01963 67
1753119690136 0.01954 68
1753119723230 0.01947 69
1753119755481 0.01939 70
1753119787296 0.01936 71
1753119819417 0.01929 72
1753119851570 0.01927 73
1753119883426 0.01919 74
1753119915828 0.01915 75
1753119948441 0.01908 76
1753119980207 0.01901 77
1753120012900 0.01899 78
1753120045419 0.01897 79
1753120077776 0.01894 80
1753120110370 0.01893 81
1753120142481 0.01888 82
1753120175096 0.0188 83
1753120207431 0.01879 84
1753120239973 0.01875 85
1753120271959 0.01872 86
1753120304386 0.0187 87
1753120336738 0.01866 88
1753120369263 0.01863 89
1753120401716 0.01861 90
1753120434857 0.01857 91
1753120466741 0.01857 92
1753120499052 0.01853 93
1753120530960 0.01851 94
1753120563076 0.01849 95
1753120595375 0.01846 96
1753120627809 0.01843 97
1753120660326 0.01842 98
1753120692652 0.01836 99
1753120724833 0.01835 100
1753120757212 0.01838 101
1753120789370 0.01832 102
1753120822003 0.01835 103
1753120853901 0.0183 104
1753120885953 0.01829 105
1753120918326 0.01824 106
1753120951237 0.01823 107
1753120983802 0.01823 108
1753121015981 0.0182 109
1753121048649 0.01819 110
1753121081479 0.01817 111
1753121113741 0.01816 112
1753121146004 0.01815 113
1753121178196 0.01812 114
1753121210490 0.01809 115
1753121242822 0.01807 116
1753121274797 0.01806 117
1753121307051 0.01805 118
1753121339666 0.01805 119
1753121372043 0.01807 120
1753121405278 0.01801 121
1753121437760 0.018 122
1753121469892 0.01798 123
1753121501864 0.01797 124
1753121533863 0.01796 125
1753121566068 0.01796 126
1753121599139 0.01794 127
1753121631343 0.01797 128
1753121663720 0.0179 129
1753121695982 0.01787 130
1753121728040 0.01789 131
1753121760276 0.01786 132
1753121792532 0.01787 133
1753121824931 0.01787 134
1753121857697 0.01782 135
1753121889817 0.01783 136
1753121922128 0.01781 137
1753121954567 0.01781 138
1753121987009 0.01782 139
1753122018965 0.01777 140
1753122051038 0.01774 141
1753122084400 0.01775 142
1753122116758 0.01778 143
1753122148548 0.01772 144
1753122180688 0.01772 145
1753122213302 0.01769 146
1753122245319 0.0177 147
1753122277482 0.0177 148
1753122309946 0.01769 149
1753122342011 0.01767 150
1753122373996 0.01767 151
1753122405947 0.01768 152
1753122437953 0.01766 153
1753122470027 0.01764 154
1753122502151 0.01766 155
1753122534419 0.01763 156
1753122566468 0.01761 157
1753122599020 0.01761 158
1753122631542 0.01759 159
1753122663556 0.01758 160
1753122695605 0.01759 161
1753122727461 0.01759 162
1753122760161 0.01758 163
1753122792287 0.01754 164
1753122824524 0.01752 165
1753122856840 0.01753 166
1753122889541 0.01751 167
1753122921362 0.01754 168
1753122953805 0.01754 169
1753122986072 0.01753 170
1753123018349 0.01751 171
1753123050621 0.01748 172
1753123082623 0.01748 173
1753123114623 0.01747 174
1753123146505 0.01744 175
1753123178697 0.01746 176
1753123210882 0.01747 177
1753123242865 0.01742 178
1753123275372 0.01739 179
1753123307827 0.01743 180
1753123339512 0.01742 181
1753123371357 0.01743 182
1753123403284 0.01743 183
1753123435496 0.0174 184
1753123467592 0.01739 185
1753123499865 0.01738 186
1753123531832 0.01739 187
1753123564236 0.01737 188
1753123596583 0.01739 189
1753123628914 0.01732 190
1753123660825 0.01733 191
1753123692902 0.01734 192
1753123724543 0.01734 193
1753123756938 0.01734 194
1753123789062 0.01735 195
1753123820921 0.01733 196
1753123853050 0.01732 197
1753123885263 0.01731 198
1753123917432 0.01732 199
1753123949781 0.01729 200
1753123981799 0.0173 201
1753124014005 0.01732 202
1753124046530 0.01727 203
1753124078821 0.01724 204
1753124110893 0.01729 205
1753124142601 0.01723 206
1753124174797 0.01726 207
1753124206989 0.01724 208
1753124239723 0.01725 209
1753124272066 0.01724 210
1753124304306 0.01725 211
1753124336626 0.01724 212
1753124369141 0.01721 213
1753124400835 0.01722 214
1753124433134 0.01721 215
1753124465233 0.01722 216
1753124496798 0.01724 217
1753124529605 0.01718 218
1753124562011 0.01716 219
1753124594447 0.01719 220
1753124626355 0.0172 221
1753124658507 0.01719 222
1753124690814 0.01717 223
1753124723036 0.01721 224
1753124755508 0.01719 225
1753124787992 0.01716 226
1753124820359 0.01715 227
1753124852295 0.01717 228
1753124884594 0.01716 229
1753124917276 0.01714 230
1753124948945 0.01711 231
1753124981330 0.01713 232
1753125013319 0.01712 233
1753125046153 0.01711 234
1753125078003 0.01713 235
1753125109978 0.0171 236
1753125142875 0.01712 237
1753125175008 0.01709 238
1753125207423 0.01711 239
1753125240010 0.0171 240
1753125272847 0.01713 241
1753125305619 0.01707 242
1753125337904 0.01708 243
1753125369868 0.01709 244
1753125402001 0.01708 245
1753125434295 0.01711 246
1753125466873 0.01703 247
1753125499474 0.0171 248
1753125531569 0.01704 249
1753125563844 0.01706 250
1753125596049 0.01704 251
1753125628526 0.01706 252
1753125660628 0.01707 253
1753125692770 0.01705 254
1753125725763 0.01703 255
1753125757957 0.01705 256
1753125790190 0.01706 257
1753125822072 0.01702 258
1753125854747 0.01703 259
1753125886822 0.01699 260
1753125919281 0.01702 261
1753125952123 0.01702 262
1753125984531 0.01703 263
1753126016534 0.017 264
1753126049135 0.01703 265
1753126081438 0.017 266
1753126113650 0.01701 267
1753126145980 0.01697 268
1753126178547 0.01699 269
1753126210400 0.01697 270
1753126242952 0.01698 271
1753126275384 0.01696 272
1753126307346 0.01699 273
1753126339571 0.01699 274
1753126371601 0.017 275
1753126403860 0.01697 276
1753126436024 0.01697 277
1753126468122 0.01696 278
1753126500236 0.01697 279
1753126532651 0.01695 280
1753126564764 0.01695 281
1753126597209 0.01696 282
1753126629446 0.01693 283
1753126661950 0.017 284
1753126693544 0.01693 285
1753126725858 0.01697 286
1753126758394 0.01693 287
1753126791083 0.01693 288
1753126823663 0.01693 289
1753126856283 0.01696 290
1753126888843 0.01694 291
1753126921398 0.01694 292
1753126953572 0.01694 293
1753126985692 0.01693 294
1753127017820 0.01693 295
1753127051446 0.01688 296
1753127083521 0.01689 297
1753127115716 0.0169 298
1753127148294 0.01692 299
1753127180465 0.01689 300
