1753348951525 1.0 0
1753348969329 2.0 0
1753348987033 3.0 0
1753349005266 4.0 0
1753349023991 5.0 0
1753349043371 6.0 0
1753349061707 7.0 0
1753349080484 8.0 0
1753349099005 9.0 0
1753349117403 10.0 0
1753349154192 12.0 0
1753349172072 13.0 0
1753349190774 14.0 0
1753349227935 16.0 0
1753349246024 17.0 0
1753349263645 18.0 0
1753349281804 19.0 0
1753349299950 20.0 0
1753349318236 21.0 0
1753349354384 23.0 0
1753349372589 24.0 0
1753349391457 25.0 0
1753349409821 26.0 0
1753349428146 27.0 0
1753349446443 28.0 0
1753349464560 29.0 0
1753349482255 30.0 0
1753349500982 31.0 0
1753349519627 32.0 0
1753349538375 33.0 0
1753349556147 34.0 0
1753349574849 35.0 0
1753349592706 36.0 0
1753349610800 37.0 0
1753349628687 38.0 0
1753349646969 39.0 0
1753349665708 40.0 0
1753349683743 41.0 0
1753349702298 42.0 0
1753349720408 43.0 0
1753349738640 44.0 0
1753349757324 45.0 0
1753349775964 46.0 0
1753349794352 47.0 0
1753349812172 48.0 0
1753349830486 49.0 0
1753349848625 50.0 0
1753349866571 51.0 0
1753349884370 52.0 0
1753349902637 53.0 0
1753349939592 55.0 0
1753349957717 56.0 0
1753349975618 57.0 0
1753349994006 58.0 0
1753350011904 59.0 0
1753350030090 60.0 0
1753350048275 61.0 0
1753350066771 62.0 0
1753350084975 63.0 0
1753350103592 64.0 0
1753350140247 66.0 0
1753350159051 67.0 0
1753350177115 68.0 0
1753350213325 70.0 0
1753350231661 71.0 0
1753350321451 76.0 0
1753350357458 78.0 0
1753350412719 81.0 0
1753350505223 86.0 0
1753350523127 87.0 0
1753350632135 93.0 0
1753350669001 95.0 0
