1753348937125 0.74396 1
1753348955583 0.63286 2
1753348973440 0.57683 3
1753348991199 0.53702 4
1753349009290 0.50053 5
1753349028036 0.46616 6
1753349047342 0.43314 7
1753349065752 0.402 8
1753349084563 0.37275 9
1753349103053 0.34556 10
1753349121449 0.32021 11
1753349140303 0.29638 12
1753349158209 0.27399 13
1753349176113 0.25375 14
1753349194757 0.23521 15
1753349213097 0.21873 16
1753349231937 0.2026 17
1753349250074 0.18823 18
1753349267637 0.17513 19
1753349285850 0.16308 20
1753349303939 0.15222 21
1753349322228 0.1421 22
1753349340456 0.13286 23
1753349358382 0.12445 24
1753349376662 0.11688 25
1753349395456 0.10962 26
1753349413854 0.10202 27
1753349432140 0.09341 28
1753349450390 0.08679 29
1753349468503 0.08156 30
1753349486191 0.07679 31
1753349504952 0.07252 32
1753349523689 0.06856 33
1753349542334 0.06483 34
1753349560157 0.06142 35
1753349578867 0.0581 36
1753349596672 0.05419 37
1753349614857 0.0485 38
1753349632662 0.04355 39
1753349650966 0.04124 40
1753349669705 0.03962 41
1753349687737 0.03832 42
1753349706375 0.03712 43
1753349724365 0.03606 44
1753349742675 0.03513 45
1753349761304 0.03429 46
1753349779981 0.03349 47
1753349798318 0.03282 48
1753349816143 0.03216 49
1753349834529 0.03155 50
1753349852590 0.03094 51
1753349870597 0.03044 52
1753349888324 0.0299 53
1753349906681 0.02938 54
1753349925121 0.02891 55
1753349943577 0.02851 56
1753349961667 0.02809 57
1753349979576 0.02772 58
1753349998065 0.02738 59
1753350015891 0.02699 60
1753350034076 0.02665 61
1753350052306 0.02638 62
1753350070862 0.02608 63
1753350088951 0.02575 64
1753350107577 0.02549 65
1753350125970 0.02525 66
1753350144314 0.02498 67
1753350163044 0.02475 68
1753350181056 0.02449 69
1753350199315 0.0243 70
1753350217326 0.02407 71
1753350235644 0.02391 72
1753350253307 0.0237 73
1753350271412 0.02352 74
1753350289339 0.02336 75
1753350307347 0.02319 76
1753350325446 0.02303 77
1753350343489 0.02286 78
1753350361395 0.02272 79
1753350379658 0.02258 80
1753350398042 0.02245 81
1753350416759 0.02236 82
1753350435455 0.02219 83
1753350454180 0.02206 84
1753350472385 0.0219 85
1753350490879 0.02181 86
1753350509209 0.02173 87
1753350527058 0.02161 88
1753350545479 0.02152 89
1753350563587 0.02144 90
1753350582243 0.02128 91
1753350600505 0.02118 92
1753350617997 0.02113 93
1753350636161 0.02102 94
1753350654712 0.02096 95
1753350672918 0.02082 96
1753350691040 0.02076 97
1753350709509 0.02068 98
1753350727603 0.02064 99
1753350745913 0.02055 100
1753350764291 0.02045 101
1753350782300 0.02045 102
1753350800803 0.02036 103
1753350819137 0.02025 104
1753350837686 0.02009 105
1753350856101 0.02005 106
1753350874343 0.02001 107
1753350892776 0.01997 108
1753350910801 0.01997 109
1753350928910 0.01996 110
1753350947269 0.01993 111
1753350964735 0.0199 112
1753350982482 0.01988 113
1753351000878 0.01985 114
1753351019512 0.01983 115
1753351037673 0.01983 116
1753351056182 0.0198 117
1753351074938 0.01978 118
1753351093555 0.0198 119
1753351111587 0.01981 120
1753351129991 0.01981 121
1753351148275 0.0198 122
1753351166427 0.01981 123
1753351184534 0.01978 124
1753351202787 0.01977 125
1753351221136 0.0198 126
1753351239398 0.01978 127
1753351257720 0.01979 128
1753351275891 0.01977 129
1753351294207 0.0198 130
1753351312395 0.01978 131
1753351330607 0.01976 132
1753351348890 0.01978 133
1753351366913 0.01979 134
1753351385086 0.01979 135
1753351403406 0.01977 136
1753351421814 0.01978 137
1753351440392 0.01977 138
1753351458637 0.01978 139
1753351476756 0.01979 140
1753351495599 0.01979 141
1753351513805 0.01977 142
1753351532105 0.01979 143
1753351550413 0.01977 144
1753351568459 0.01979 145
1753351586901 0.01977 146
1753351604583 0.01976 147
1753351622834 0.0198 148
1753351641379 0.01979 149
1753351659848 0.01977 150
1753351678564 0.01981 151
1753351697321 0.01978 152
1753351715446 0.01977 153
1753351734012 0.01978 154
1753351752209 0.01977 155
1753351770085 0.01976 156
1753351788425 0.01977 157
1753351806534 0.01978 158
1753351824827 0.01978 159
1753351843011 0.01978 160
1753351861191 0.01979 161
1753351878948 0.01978 162
1753351897110 0.01977 163
1753351915290 0.01979 164
1753351933443 0.01978 165
1753351951108 0.01976 166
1753351969480 0.01976 167
1753351987642 0.01978 168
1753352005439 0.01977 169
1753352023490 0.01976 170
1753352041746 0.01978 171
1753352059623 0.01981 172
1753352077742 0.01979 173
1753352095680 0.01979 174
1753352113303 0.01979 175
1753352131091 0.01979 176
1753352148871 0.01975 177
1753352167217 0.01978 178
1753352185656 0.0198 179
1753352203891 0.01979 180
1753352222109 0.01974 181
1753352240027 0.01977 182
1753352258944 0.01977 183
1753352276934 0.01977 184
1753352294961 0.01977 185
1753352313152 0.01977 186
1753352331356 0.01976 187
1753352349687 0.01976 188
1753352368121 0.01978 189
1753352386465 0.01978 190
1753352404032 0.01978 191
1753352421981 0.01978 192
1753352440354 0.01979 193
1753352458709 0.01975 194
1753352477052 0.01976 195
1753352495265 0.01978 196
1753352513610 0.01977 197
1753352531768 0.01977 198
1753352550406 0.01975 199
1753352568430 0.01976 200
1753352586756 0.01978 201
1753352605036 0.01977 202
1753352623046 0.0198 203
1753352641252 0.01977 204
1753352659413 0.01974 205
1753352677472 0.01974 206
1753352695897 0.01973 207
1753352713775 0.01976 208
1753352732404 0.01977 209
1753352750473 0.01977 210
1753352768123 0.01978 211
1753352786488 0.01975 212
1753352804790 0.01974 213
1753352823446 0.01976 214
1753352841752 0.01977 215
1753352860049 0.01977 216
1753352878394 0.01978 217
1753352896439 0.01977 218
1753352914536 0.01978 219
1753352932992 0.01976 220
1753352950798 0.01975 221
1753352969142 0.01978 222
1753352987271 0.01976 223
1753353005545 0.01974 224
1753353024128 0.01976 225
1753353042099 0.01976 226
1753353060194 0.01975 227
1753353078282 0.01975 228
1753353095855 0.01979 229
1753353114056 0.01976 230
1753353131752 0.01978 231
1753353149707 0.01976 232
1753353167601 0.01977 233
1753353186270 0.01978 234
1753353204615 0.01975 235
1753353222890 0.01976 236
1753353240880 0.01976 237
1753353259169 0.01977 238
1753353277278 0.01977 239
1753353295044 0.01977 240
1753353313318 0.01978 241
1753353331861 0.01976 242
1753353350191 0.01975 243
1753353368222 0.01978 244
1753353386185 0.01974 245
1753353404188 0.01975 246
1753353422599 0.01978 247
1753353441422 0.01974 248
1753353459952 0.01975 249
1753353478249 0.01975 250
1753353496193 0.01979 251
1753353514376 0.01976 252
1753353532556 0.01977 253
1753353550985 0.01974 254
1753353568938 0.01974 255
1753353586831 0.01975 256
1753353604928 0.01974 257
1753353623252 0.01975 258
1753353641583 0.01978 259
1753353659697 0.01975 260
1753353678066 0.01976 261
1753353696296 0.01975 262
1753353714866 0.01977 263
1753353733312 0.01974 264
1753353751454 0.01976 265
1753353769316 0.01975 266
1753353787476 0.01977 267
1753353805509 0.01975 268
1753353823986 0.01975 269
1753353842103 0.01974 270
1753353860093 0.01976 271
1753353878580 0.01974 272
1753353896817 0.01974 273
1753353915398 0.01976 274
1753353933719 0.01972 275
1753353952216 0.01976 276
1753353970032 0.01976 277
1753353988065 0.01973 278
1753354006242 0.01973 279
1753354024251 0.01975 280
1753354042251 0.01973 281
1753354060298 0.01976 282
1753354078667 0.01973 283
1753354096515 0.01975 284
1753354114690 0.01975 285
1753354133208 0.01975 286
1753354151116 0.01975 287
1753354169178 0.01973 288
1753354187643 0.01974 289
1753354205832 0.01972 290
1753354224084 0.01974 291
1753354242234 0.01974 292
1753354260646 0.01977 293
1753354278674 0.01971 294
1753354297017 0.01974 295
1753354314747 0.01972 296
1753354332927 0.01971 297
1753354351258 0.01976 298
1753354369057 0.01974 299
1753354387328 0.01976 300
