1753348951535 0.0010000000474974513 1
1753348969334 0.0010000000474974513 2
1753348987040 0.0010000000474974513 3
1753349005270 0.0010000000474974513 4
1753349023996 0.0010000000474974513 5
1753349043375 0.0010000000474974513 6
1753349061712 0.0010000000474974513 7
1753349080491 0.0010000000474974513 8
1753349099015 0.0010000000474974513 9
1753349117408 0.0010000000474974513 10
1753349136262 0.0010000000474974513 11
1753349154196 0.0010000000474974513 12
1753349172079 0.0010000000474974513 13
1753349190779 0.0010000000474974513 14
1753349209038 0.0010000000474974513 15
1753349227944 0.0010000000474974513 16
1753349246032 0.0010000000474974513 17
1753349263650 0.0010000000474974513 18
1753349281808 0.0010000000474974513 19
1753349299955 0.0010000000474974513 20
1753349318241 0.0010000000474974513 21
1753349336416 0.0010000000474974513 22
1753349354389 0.0010000000474974513 23
1753349372598 0.0010000000474974513 24
1753349391467 0.0010000000474974513 25
1753349409829 0.0010000000474974513 26
1753349428151 0.0010000000474974513 27
1753349446448 0.0010000000474974513 28
1753349464565 0.0010000000474974513 29
1753349482261 0.0010000000474974513 30
1753349500987 0.0010000000474974513 31
1753349519637 0.0010000000474974513 32
1753349538383 0.0010000000474974513 33
1753349556155 0.0010000000474974513 34
1753349574855 0.0010000000474974513 35
1753349592711 0.0010000000474974513 36
1753349610805 0.0010000000474974513 37
1753349628694 0.0010000000474974513 38
1753349646975 0.0010000000474974513 39
1753349665713 0.0010000000474974513 40
1753349683751 0.0010000000474974513 41
1753349702308 0.0010000000474974513 42
1753349720413 0.0010000000474974513 43
1753349738645 0.0010000000474974513 44
1753349757329 0.0010000000474974513 45
1753349775974 0.0010000000474974513 46
1753349794357 0.0010000000474974513 47
1753349812178 0.0010000000474974513 48
1753349830494 0.0010000000474974513 49
1753349848634 0.0010000000474974513 50
1753349866585 0.0010000000474974513 51
1753349884375 0.0010000000474974513 52
1753349902642 0.0010000000474974513 53
1753349921172 0.0010000000474974513 54
1753349939598 0.0010000000474974513 55
1753349957722 0.0010000000474974513 56
1753349975626 0.0010000000474974513 57
1753349994013 0.0010000000474974513 58
1753350011911 0.0010000000474974513 59
1753350030095 0.0010000000474974513 60
1753350048280 0.0010000000474974513 61
1753350066776 0.0010000000474974513 62
1753350084980 0.0010000000474974513 63
1753350103598 0.0010000000474974513 64
1753350121976 0.0010000000474974513 65
1753350140257 0.0010000000474974513 66
1753350159059 0.0010000000474974513 67
1753350177121 0.0010000000474974513 68
1753350195376 0.0010000000474974513 69
1753350213329 0.0010000000474974513 70
1753350231666 0.0010000000474974513 71
1753350249320 0.0010000000474974513 72
1753350267403 0.0010000000474974513 73
1753350285388 0.0010000000474974513 74
1753350303399 0.0010000000474974513 75
1753350321460 0.0010000000474974513 76
1753350339446 0.0010000000474974513 77
1753350357462 0.0010000000474974513 78
1753350375702 0.0010000000474974513 79
1753350393982 0.0010000000474974513 80
1753350412725 0.0010000000474974513 81
1753350431470 0.0010000000474974513 82
1753350450128 0.0010000000474974513 83
1753350468337 0.0010000000474974513 84
1753350486840 0.0010000000474974513 85
1753350505227 0.0010000000474974513 86
1753350523132 0.0010000000474974513 87
1753350541476 0.0010000000474974513 88
1753350559643 0.0010000000474974513 89
1753350578334 0.0010000000474974513 90
1753350596517 0.0010000000474974513 91
1753350614038 0.0010000000474974513 92
1753350632139 0.0010000000474974513 93
1753350650718 0.0010000000474974513 94
1753350669005 0.0010000000474974513 95
1753350687039 0.0010000000474974513 96
1753350705498 0.0010000000474974513 97
1753350723695 0.0010000000474974513 98
1753350741945 0.0010000000474974513 99
1753350760255 0.0010000000474974513 100
1753350778263 0.0010000000474974513 101
1753350796805 0.0010000000474974513 102
1753350815158 0.0010000000474974513 103
1753350833627 0.00020000000949949026 104
1753350852111 0.00020000000949949026 105
1753350870367 0.00020000000949949026 106
1753350888707 0.00020000000949949026 107
1753350906852 0.00020000000949949026 108
1753350924898 0.00020000000949949026 109
1753350943330 0.00020000000949949026 110
1753350960709 0.00020000000949949026 111
1753350978397 0.00020000000949949026 112
1753350996906 4.0000002627493814e-05 113
1753351015531 4.0000002627493814e-05 114
1753351033627 4.0000002627493814e-05 115
1753351052143 4.0000002627493814e-05 116
1753351070923 4.0000002627493814e-05 117
1753351089571 4.0000002627493814e-05 118
1753351107621 4.0000002627493814e-05 119
1753351126032 4.0000002627493814e-05 120
1753351144283 4.0000002627493814e-05 121
1753351162438 8.000000889296643e-06 122
1753351180556 8.000000889296643e-06 123
1753351198756 8.000000889296643e-06 124
1753351217110 8.000000889296643e-06 125
1753351235414 8.000000889296643e-06 126
1753351253638 8.000000889296643e-06 127
1753351271827 8.000000889296643e-06 128
1753351290200 8.000000889296643e-06 129
1753351308444 8.000000889296643e-06 130
1753351326515 1.6000001323845936e-06 131
1753351344897 1.6000001323845936e-06 132
1753351362868 1.6000001323845936e-06 133
1753351381092 1.6000001323845936e-06 134
1753351399434 1.6000001323845936e-06 135
1753351417789 1.6000001323845936e-06 136
1753351436485 1.6000001323845936e-06 137
1753351454672 1.6000001323845936e-06 138
1753351472731 1.6000001323845936e-06 139
1753351491602 9.999999974752427e-07 140
1753351509803 9.999999974752427e-07 141
1753351528047 9.999999974752427e-07 142
1753351546417 9.999999974752427e-07 143
1753351564489 9.999999974752427e-07 144
1753351582913 9.999999974752427e-07 145
1753351600650 9.999999974752427e-07 146
1753351618831 9.999999974752427e-07 147
1753351637404 9.999999974752427e-07 148
1753351655862 9.999999974752427e-07 149
1753351674555 9.999999974752427e-07 150
1753351693295 9.999999974752427e-07 151
1753351711434 9.999999974752427e-07 152
1753351729967 9.999999974752427e-07 153
1753351748214 9.999999974752427e-07 154
1753351766085 9.999999974752427e-07 155
1753351784451 9.999999974752427e-07 156
1753351802539 9.999999974752427e-07 157
1753351820738 9.999999974752427e-07 158
1753351839002 9.999999974752427e-07 159
1753351857111 9.999999974752427e-07 160
1753351874960 9.999999974752427e-07 161
1753351893086 9.999999974752427e-07 162
1753351911226 9.999999974752427e-07 163
1753351929500 9.999999974752427e-07 164
1753351947097 9.999999974752427e-07 165
1753351965494 9.999999974752427e-07 166
1753351983728 9.999999974752427e-07 167
1753352001432 9.999999974752427e-07 168
1753352019523 9.999999974752427e-07 169
1753352037777 9.999999974752427e-07 170
1753352055662 9.999999974752427e-07 171
1753352073774 9.999999974752427e-07 172
1753352091719 9.999999974752427e-07 173
1753352109404 9.999999974752427e-07 174
1753352127095 9.999999974752427e-07 175
1753352144933 9.999999974752427e-07 176
1753352163164 9.999999974752427e-07 177
1753352181673 9.999999974752427e-07 178
1753352199870 9.999999974752427e-07 179
1753352218112 9.999999974752427e-07 180
1753352236051 9.999999974752427e-07 181
1753352254605 9.999999974752427e-07 182
1753352272876 9.999999974752427e-07 183
1753352290990 9.999999974752427e-07 184
1753352309200 9.999999974752427e-07 185
1753352327400 9.999999974752427e-07 186
1753352345698 9.999999974752427e-07 187
1753352364117 9.999999974752427e-07 188
1753352382498 9.999999974752427e-07 189
1753352400074 9.999999974752427e-07 190
1753352418027 9.999999974752427e-07 191
1753352436377 9.999999974752427e-07 192
1753352454749 9.999999974752427e-07 193
1753352472993 9.999999974752427e-07 194
1753352491328 9.999999974752427e-07 195
1753352509617 9.999999974752427e-07 196
1753352527693 9.999999974752427e-07 197
1753352546432 9.999999974752427e-07 198
1753352564482 9.999999974752427e-07 199
1753352582666 9.999999974752427e-07 200
1753352601078 9.999999974752427e-07 201
1753352619081 9.999999974752427e-07 202
1753352637307 9.999999974752427e-07 203
1753352655406 9.999999974752427e-07 204
1753352673501 9.999999974752427e-07 205
1753352691920 9.999999974752427e-07 206
1753352709809 9.999999974752427e-07 207
1753352728438 9.999999974752427e-07 208
1753352746553 9.999999974752427e-07 209
1753352764188 9.999999974752427e-07 210
1753352782544 9.999999974752427e-07 211
1753352800839 9.999999974752427e-07 212
1753352819465 9.999999974752427e-07 213
1753352837682 9.999999974752427e-07 214
1753352856015 9.999999974752427e-07 215
1753352874449 9.999999974752427e-07 216
1753352892468 9.999999974752427e-07 217
1753352910630 9.999999974752427e-07 218
1753352928958 9.999999974752427e-07 219
1753352946805 9.999999974752427e-07 220
1753352965189 9.999999974752427e-07 221
1753352983312 9.999999974752427e-07 222
1753353001565 9.999999974752427e-07 223
1753353020059 9.999999974752427e-07 224
1753353038149 9.999999974752427e-07 225
1753353056228 9.999999974752427e-07 226
1753353074310 9.999999974752427e-07 227
1753353091899 9.999999974752427e-07 228
1753353110090 9.999999974752427e-07 229
1753353127810 9.999999974752427e-07 230
1753353145767 9.999999974752427e-07 231
1753353163546 9.999999974752427e-07 232
1753353182277 9.999999974752427e-07 233
1753353200541 9.999999974752427e-07 234
1753353218928 9.999999974752427e-07 235
1753353236914 9.999999974752427e-07 236
1753353255190 9.999999974752427e-07 237
1753353273289 9.999999974752427e-07 238
1753353291064 9.999999974752427e-07 239
1753353309347 9.999999974752427e-07 240
1753353327906 9.999999974752427e-07 241
1753353346229 9.999999974752427e-07 242
1753353364226 9.999999974752427e-07 243
1753353382140 9.999999974752427e-07 244
1753353400202 9.999999974752427e-07 245
1753353418641 9.999999974752427e-07 246
1753353437445 9.999999974752427e-07 247
1753353455984 9.999999974752427e-07 248
1753353474208 9.999999974752427e-07 249
1753353492219 9.999999974752427e-07 250
1753353510418 9.999999974752427e-07 251
1753353528583 9.999999974752427e-07 252
1753353546953 9.999999974752427e-07 253
1753353565048 9.999999974752427e-07 254
1753353582860 9.999999974752427e-07 255
1753353600962 9.999999974752427e-07 256
1753353619273 9.999999974752427e-07 257
1753353637592 9.999999974752427e-07 258
1753353655677 9.999999974752427e-07 259
1753353674039 9.999999974752427e-07 260
1753353692325 9.999999974752427e-07 261
1753353710766 9.999999974752427e-07 262
1753353729312 9.999999974752427e-07 263
1753353747384 9.999999974752427e-07 264
1753353765268 9.999999974752427e-07 265
1753353783470 9.999999974752427e-07 266
1753353801568 9.999999974752427e-07 267
1753353819926 9.999999974752427e-07 268
1753353838136 9.999999974752427e-07 269
1753353856094 9.999999974752427e-07 270
1753353874526 9.999999974752427e-07 271
1753353892815 9.999999974752427e-07 272
1753353911484 9.999999974752427e-07 273
1753353929722 9.999999974752427e-07 274
1753353948301 9.999999974752427e-07 275
1753353966127 9.999999974752427e-07 276
1753353984041 9.999999974752427e-07 277
1753354002271 9.999999974752427e-07 278
1753354020274 9.999999974752427e-07 279
1753354038263 9.999999974752427e-07 280
1753354056311 9.999999974752427e-07 281
1753354074721 9.999999974752427e-07 282
1753354092474 9.999999974752427e-07 283
1753354110651 9.999999974752427e-07 284
1753354129245 9.999999974752427e-07 285
1753354147104 9.999999974752427e-07 286
1753354165204 9.999999974752427e-07 287
1753354183584 9.999999974752427e-07 288
1753354201845 9.999999974752427e-07 289
1753354220108 9.999999974752427e-07 290
1753354238249 9.999999974752427e-07 291
1753354256576 9.999999974752427e-07 292
1753354274605 9.999999974752427e-07 293
1753354293015 9.999999974752427e-07 294
1753354310770 9.999999974752427e-07 295
1753354328944 9.999999974752427e-07 296
1753354347233 9.999999974752427e-07 297
1753354365071 9.999999974752427e-07 298
1753354383323 9.999999974752427e-07 299
1753354401810 9.999999974752427e-07 300
