1753197100344 1.0 0
1753197140446 2.0 0
1753197179856 3.0 0
1753197219642 4.0 0
1753197259189 5.0 0
1753197300441 6.0 0
1753197341372 7.0 0
1753197381316 8.0 0
1753197420702 9.0 0
1753197460410 10.0 0
1753197499991 11.0 0
1753197540471 12.0 0
1753197580066 13.0 0
1753197620410 14.0 0
1753197660187 15.0 0
1753197700127 16.0 0
1753197739815 17.0 0
1753197779393 18.0 0
1753197819151 19.0 0
1753197858841 20.0 0
1753197898680 21.0 0
1753197938493 22.0 0
1753197978567 23.0 0
1753198018425 24.0 0
1753198058208 25.0 0
1753198097391 26.0 0
1753198137104 27.0 0
1753198176715 28.0 0
1753198216457 29.0 0
1753198256440 30.0 0
1753198296341 31.0 0
1753198336277 32.0 0
1753198376153 33.0 0
1753198415804 34.0 0
1753198456147 35.0 0
1753198496464 36.0 0
1753198536186 37.0 0
1753198576046 38.0 0
1753198615676 39.0 0
1753198655509 40.0 0
1753198695327 41.0 0
1753198735073 42.0 0
1753198775140 43.0 0
1753198814942 44.0 0
1753198855475 45.0 0
1753198975147 48.0 0
1753199015064 49.0 0
1753199054686 50.0 0
1753199094376 51.0 0
1753199134603 52.0 0
1753199254854 55.0 0
1753199495222 61.0 0
1753199614150 64.0 0
1753199932663 72.0 0
1753200012349 74.0 0
