1753197069612 0.8948 1
1753197110194 0.77028 2
1753197150213 0.66356 3
1753197189827 0.56086 4
1753197229419 0.45985 5
1753197269051 0.37295 6
1753197310258 0.29867 7
1753197351291 0.23976 8
1753197391191 0.19419 9
1753197430658 0.15901 10
1753197470349 0.1316 11
1753197510014 0.11033 12
1753197550334 0.09386 13
1753197589850 0.08132 14
1753197630502 0.07139 15
1753197670053 0.06357 16
1753197710058 0.0576 17
1753197749776 0.05229 18
1753197789241 0.04799 19
1753197829040 0.04447 20
1753197868724 0.04152 21
1753197908623 0.03902 22
1753197948515 0.0369 23
1753197988459 0.03507 24
1753198028230 0.03348 25
1753198067980 0.0321 26
1753198107338 0.03087 27
1753198146847 0.0298 28
1753198186536 0.02888 29
1753198226259 0.02855 30
1753198266365 0.02746 31
1753198306212 0.02677 32
1753198346312 0.02616 33
1753198386093 0.02556 34
1753198425751 0.02509 35
1753198466042 0.02462 36
1753198506296 0.02424 37
1753198546010 0.02382 38
1753198585920 0.02347 39
1753198625572 0.02313 40
1753198665489 0.02282 41
1753198705259 0.02253 42
1753198744818 0.02226 43
1753198785169 0.02209 44
1753198825248 0.02182 45
1753198865399 0.02162 46
1753198905530 0.02143 47
1753198945454 0.02127 48
1753198985223 0.02106 49
1753199024959 0.02091 50
1753199064659 0.02079 51
1753199104314 0.02065 52
1753199144443 0.02051 53
1753199184769 0.02041 54
1753199224984 0.02028 55
1753199265139 0.02016 56
1753199305825 0.0201 57
1753199345951 0.02001 58
1753199385836 0.0199 59
1753199425323 0.01983 60
1753199465462 0.01972 61
1753199505104 0.01965 62
1753199544764 0.01959 63
1753199584462 0.0195 64
1753199624071 0.01943 65
1753199663570 0.01936 66
1753199703834 0.0193 67
1753199743514 0.01926 68
1753199783438 0.0192 69
1753199823290 0.01914 70
1753199863042 0.01907 71
1753199903178 0.01903 72
1753199942617 0.01896 73
1753199982244 0.01894 74
1753200022227 0.01889 75
1753200061855 0.01886 76
1753200101662 0.01883 77
1753200141499 0.01878 78
1753200181122 0.01873 79
1753200221074 0.0187 80
1753200261270 0.01867 81
1753200300945 0.01864 82
1753200340502 0.0186 83
1753200380560 0.01857 84
1753200420197 0.01856 85
1753200460515 0.01852 86
1753200500281 0.01848 87
1753200539782 0.01845 88
1753200579557 0.01843 89
1753200619404 0.01841 90
1753200659054 0.01838 91
1753200698916 0.01836 92
1753200738543 0.01833 93
1753200778462 0.0183 94
1753200818611 0.01829 95
1753200857934 0.01825 96
1753200899022 0.01824 97
1753200938397 0.01823 98
1753200978181 0.0182 99
1753201018157 0.01819 100
1753201058034 0.01817 101
1753201098089 0.01815 102
1753201138492 0.01814 103
1753201177992 0.01813 104
1753201218030 0.01811 105
1753201258242 0.01808 106
1753201297691 0.01806 107
1753201337516 0.01807 108
1753201377505 0.01803 109
1753201417729 0.01803 110
1753201457798 0.01802 111
1753201497620 0.01799 112
1753201537913 0.01798 113
1753201577859 0.01797 114
1753201618436 0.01795 115
1753201658306 0.01795 116
1753201698095 0.01793 117
1753201737627 0.01793 118
1753201777204 0.0179 119
1753201817223 0.01789 120
1753201857237 0.01787 121
1753201896784 0.01788 122
1753201936666 0.01787 123
1753201976466 0.01785 124
1753202016369 0.01784 125
1753202056437 0.01783 126
1753202096271 0.01782 127
1753202136246 0.01781 128
1753202176149 0.0178 129
1753202215634 0.01778 130
1753202255229 0.01778 131
1753202294866 0.01777 132
1753202334893 0.01777 133
1753202374705 0.01775 134
1753202415126 0.01773 135
1753202454974 0.01774 136
1753202494962 0.01774 137
1753202534950 0.01771 138
1753202574758 0.01772 139
1753202614269 0.01769 140
1753202653767 0.01769 141
1753202693321 0.0177 142
1753202732946 0.01768 143
1753202772778 0.01768 144
1753202812441 0.01766 145
1753202852100 0.01765 146
1753202891546 0.01765 147
1753202931410 0.01765 148
1753202970827 0.01766 149
1753203011092 0.01763 150
1753203050771 0.01763 151
1753203090517 0.01764 152
1753203130262 0.0176 153
1753203170073 0.01762 154
1753203211341 0.0176 155
1753203250686 0.0176 156
1753203290149 0.01758 157
1753203329476 0.01759 158
1753203369566 0.01759 159
1753203409542 0.01758 160
1753203449410 0.01756 161
1753203489363 0.01755 162
1753203529062 0.01757 163
1753203568872 0.01753 164
1753203608871 0.01754 165
1753203648319 0.01753 166
1753203688232 0.01753 167
1753203728638 0.01753 168
1753203768762 0.01753 169
1753206474256 0.01725 237
1753206514489 0.01725 238
1753206554175 0.01726 239
1753206594192 0.01724 240
1753206634044 0.01726 241
1753206674655 0.01725 242
1753206714644 0.01726 243
1753206754344 0.01724 244
1753206793965 0.01723 245
1753206833540 0.01723 246
1753206873187 0.01723 247
1753206912926 0.01724 248
1753206952630 0.01724 249
1753206992728 0.01724 250
1753207032567 0.01723 251
1753207072973 0.01724 252
1753207112615 0.01722 253
1753207152212 0.01722 254
1753207191998 0.01721 255
1753207231831 0.01722 256
1753207271791 0.01721 257
1753207311401 0.0172 258
1753207351229 0.0172 259
1753207391183 0.01722 260
1753207431175 0.01719 261
1753207470929 0.0172 262
1753207510724 0.01719 263
1753207550649 0.01717 264
1753207590139 0.01719 265
1753207630195 0.01719 266
1753207670357 0.01718 267
1753207710401 0.01718 268
1753207750296 0.01719 269
1753207789862 0.01717 270
1753207829476 0.01717 271
1753207869321 0.01717 272
1753207909507 0.01718 273
1753207949176 0.01717 274
1753207988795 0.01717 275
1753208028815 0.01716 276
1753208069391 0.01716 277
1753208109191 0.01716 278
1753208149388 0.01716 279
1753208189400 0.01716 280
1753208229355 0.01717 281
1753208269065 0.01715 282
1753208309145 0.01715 283
1753208349209 0.01714 284
1753208389741 0.01716 285
1753208430368 0.01713 286
1753208470400 0.01714 287
1753208509991 0.01714 288
1753208550109 0.01715 289
1753208590149 0.01715 290
1753208629889 0.01713 291
1753208669987 0.01713 292
1753208709458 0.01714 293
1753208749044 0.01713 294
1753208788622 0.01713 295
1753208828376 0.01713 296
1753208868129 0.01712 297
1753208907716 0.01711 298
1753208947466 0.01713 299
1753208987247 0.01713 300
