1752941345011 1.0 0
1752941381090 2.0 0
1752941416786 3.0 0
1752941452846 4.0 0
1752941488531 5.0 0
1752941524302 6.0 0
1752941560975 7.0 0
1752941596461 8.0 0
1752941632068 9.0 0
1752941668376 10.0 0
1752941704509 11.0 0
1752941740146 12.0 0
1752941776130 13.0 0
1752941813107 14.0 0
1752941848712 15.0 0
1752941884867 16.0 0
1752941921452 17.0 0
1752941957789 18.0 0
1752941995531 19.0 0
1752942032460 20.0 0
1752942068107 21.0 0
1752942140720 23.0 0
1752942178076 24.0 0
1752942397300 30.0 0
1752942472999 32.0 0
1752942619763 36.0 0
