1752941327819 0.52002 1
1752941363889 0.38407 2
1752941399858 0.29037 3
1752941435566 0.217 4
1752941471708 0.1606 5
1752941507298 0.11615 6
1752941543069 0.08677 7
1752941579738 0.0678 8
1752941615209 0.05516 9
1752941650853 0.04652 10
1752941687174 0.03827 11
1752941723322 0.03363 12
1752941758941 0.03082 13
1752941794871 0.02881 14
1752941831853 0.02719 15
1752941867457 0.02595 16
1752941903766 0.02489 17
1752941940220 0.02408 18
1752941976533 0.02341 19
1752942014284 0.02285 20
1752942051368 0.02237 21
1752942087017 0.0219 22
1752942123227 0.02154 23
1752942159617 0.02122 24
1752942197065 0.02098 25
1752942234357 0.0207 26
1752942270358 0.02048 27
1752942306710 0.02028 28
1752942342932 0.02013 29
1752942379169 0.01994 30
1752942416386 0.01979 31
1752942453537 0.01966 32
1752942492139 0.01958 33
1752942529337 0.01939 34
1752942565624 0.01936 35
1752942602901 0.01924 36
1752942639080 0.01917 37
1752942675178 0.0191 38
1752942712309 0.01901 39
1752942749896 0.01894 40
1752942786073 0.01886 41
1752942823340 0.0188 42
1752942860010 0.01876 43
1752942896136 0.01871 44
1752942932423 0.01866 45
1752942969056 0.01859 46
1752943006111 0.01856 47
1752943042410 0.01848 48
1752943079630 0.01848 49
1752943116864 0.01842 50
1752943153635 0.01836 51
1752943190944 0.01831 52
1752943227455 0.01832 53
1752943263982 0.01833 54
1752943301556 0.01824 55
1752943338627 0.0182 56
1752943375186 0.0182 57
1752943411475 0.01819 58
1752943447744 0.01812 59
1752943484874 0.01813 60
1752943521232 0.01807 61
1752943557655 0.01806 62
1752943594163 0.01804 63
1752943631598 0.01799 64
1752943669188 0.01798 65
1752943704803 0.01794 66
1752943741109 0.01795 67
1752943778289 0.01793 68
1752943814848 0.0179 69
1752943851520 0.01786 70
1752943888663 0.01783 71
1752943925882 0.01781 72
1752943963466 0.01783 73
1752943999856 0.01779 74
1752944036215 0.01776 75
1752944073402 0.01775 76
1752944110409 0.01776 77
1752944146557 0.0177 78
1752944183038 0.01769 79
1752944220316 0.01765 80
1752944257625 0.01765 81
1752944293983 0.01764 82
1752944330897 0.01763 83
1752944366716 0.01766 84
1752944403402 0.01758 85
1752944440392 0.01759 86
1752944477700 0.0176 87
1752944513516 0.01755 88
1752944549672 0.01754 89
1752944586343 0.01753 90
1752944622330 0.01752 91
1752944659498 0.01755 92
1752944695516 0.01751 93
1752944732369 0.0175 94
1752944768502 0.01748 95
1752944805259 0.0175 96
1752944841952 0.01746 97
1752944879203 0.01745 98
1752944915104 0.01746 99
1752944951469 0.01741 100
1752944988058 0.01741 101
1752945024864 0.01741 102
1752945061869 0.01738 103
1752945098836 0.01738 104
1752945134965 0.01736 105
1752945172794 0.01736 106
1752945209858 0.01733 107
1752945246422 0.01732 108
1752945283384 0.01733 109
1752945319364 0.01735 110
1752945355415 0.01736 111
1752945391556 0.01735 112
1752945428177 0.0173 113
1752945464528 0.0173 114
1752945501553 0.01728 115
1752945537416 0.01727 116
1752945574602 0.01724 117
1752945610687 0.01728 118
1752945647736 0.01726 119
1752945684738 0.01725 120
1752945721464 0.01724 121
1752945758661 0.01723 122
1752945796140 0.01721 123
1752945832026 0.01721 124
1752945868627 0.01719 125
1752945905965 0.01716 126
1752945942719 0.01718 127
1752945979149 0.0172 128
1752946015168 0.01715 129
1752946051393 0.01712 130
1752946088616 0.01717 131
1752946125306 0.01717 132
1752946163102 0.01715 133
1752946199874 0.01715 134
1752946237509 0.01713 135
1752946273246 0.01714 136
1752946310644 0.01711 137
1752946347435 0.0171 138
1752946384000 0.01713 139
1752946420964 0.0171 140
1752946457483 0.01713 141
1752946493379 0.01709 142
1752946529487 0.01707 143
1752946566220 0.0171 144
1752946602451 0.01708 145
1752946638909 0.01704 146
1752946676104 0.01705 147
1752946712726 0.0171 148
1752946749756 0.01703 149
1752946786434 0.01703 150
1752946823849 0.01703 151
1752946860461 0.01702 152
1752946896920 0.01702 153
1752946933711 0.01704 154
1752946971471 0.01698 155
1752947008591 0.01699 156
1752947044616 0.01697 157
1752947081260 0.01702 158
1752947118024 0.017 159
1752947154893 0.01702 160
1752947191212 0.01699 161
1752947227964 0.01697 162
1752947264291 0.01701 163
1752947301423 0.01696 164
1752947339410 0.01696 165
1752947375816 0.01695 166
1752947412343 0.01695 167
1752947449300 0.01695 168
1752947485872 0.01696 169
1752947522931 0.01693 170
1752947559294 0.01696 171
1752947595541 0.01692 172
1752947632333 0.01693 173
1752947668811 0.01688 174
1752947704888 0.01695 175
1752947741274 0.01694 176
1752947778268 0.01695 177
1752947814612 0.0169 178
1752947851025 0.01691 179
1752947887721 0.0169 180
1752947924108 0.0169 181
1752947961171 0.01694 182
1752947998299 0.01691 183
1752948035428 0.01688 184
1752948071697 0.01687 185
1752948109092 0.01691 186
1752948145429 0.01688 187
1752948182643 0.01685 188
1752948220012 0.01683 189
1752948256067 0.01685 190
1752948293202 0.01688 191
1752948330678 0.01683 192
1752948367268 0.01686 193
1752948404332 0.01683 194
1752948442003 0.01683 195
1752948479306 0.01686 196
1752948515507 0.01683 197
1752948552017 0.01684 198
1752948589058 0.01681 199
1752948625452 0.01685 200
1752948662543 0.01682 201
1752948700221 0.01683 202
1752948736597 0.01682 203
1752948773334 0.01684 204
1752948810074 0.0168 205
1752948846274 0.01678 206
1752948883254 0.01684 207
1752948920461 0.0168 208
1752948957358 0.01678 209
1752948993465 0.01678 210
1752949030264 0.01681 211
1752949067732 0.01679 212
1752949103983 0.01682 213
1752949140524 0.01677 214
1752949177596 0.01678 215
1752949214891 0.01681 216
1752949251724 0.01682 217
1752949287913 0.01677 218
1752949324459 0.01678 219
1752949360636 0.01677 220
1752949397955 0.01677 221
1752949435119 0.01674 222
1752949471475 0.01675 223
1752949508103 0.01673 224
1752949544942 0.01675 225
1752949582178 0.01676 226
1752949618857 0.01679 227
1752949655788 0.01673 228
1752949692798 0.01673 229
1752949729810 0.01675 230
1752949766874 0.01675 231
1752949804332 0.01672 232
1752949841101 0.01676 233
1752949877703 0.01672 234
1752949914911 0.01669 235
1752949952344 0.0167 236
1752949989095 0.0167 237
1752950026519 0.01671 238
1752950062514 0.01672 239
1752950099983 0.01677 240
1752950137246 0.01672 241
1752950174400 0.01673 242
1752950211131 0.01669 243
1752950248323 0.0167 244
1752950285633 0.01672 245
1752950322240 0.01667 246
1752950359650 0.0167 247
1752950396453 0.0167 248
1752950433661 0.01671 249
1752950470762 0.01671 250
1752950508054 0.01668 251
1752950545476 0.01671 252
1752950582822 0.01669 253
1752950619166 0.0167 254
1752950655742 0.01666 255
1752950693113 0.01668 256
1752950730514 0.01668 257
1752950767442 0.01668 258
1752950803536 0.01666 259
1752950840533 0.01667 260
1752950877074 0.01666 261
1752950914022 0.01666 262
1752950950647 0.01668 263
1752950987355 0.01664 264
1752951024117 0.01664 265
1752951060946 0.01665 266
1752951097167 0.01666 267
1752951133193 0.01667 268
1752951170372 0.01662 269
1752951206472 0.01666 270
1752951242812 0.01664 271
1752951279536 0.01666 272
1752951317038 0.01663 273
1752951354341 0.01663 274
1752951390887 0.01663 275
1752951427523 0.01663 276
1752951465187 0.01663 277
1752951502445 0.01666 278
1752951538275 0.01664 279
1752951574768 0.01663 280
1752951611707 0.0166 281
1752951649111 0.01662 282
1752951685806 0.01665 283
1752951722861 0.01663 284
1752951759926 0.01661 285
1752951796657 0.01664 286
1752951833393 0.01662 287
1752951869582 0.01661 288
1752951906784 0.01661 289
