1753399861434 1.0 0
1753399881060 2.0 0
1753399899676 3.0 0
1753399918251 4.0 0
1753399937285 5.0 0
1753399956214 6.0 0
1753399975158 7.0 0
1753399994287 8.0 0
1753400013217 9.0 0
1753400031995 10.0 0
1753400050864 11.0 0
1753400069627 12.0 0
1753400089145 13.0 0
1753400108308 14.0 0
1753400126663 15.0 0
1753400145917 16.0 0
1753400164858 17.0 0
1753400183858 18.0 0
1753400203088 19.0 0
1753400222304 20.0 0
1753400240856 21.0 0
1753400260043 22.0 0
1753400279436 23.0 0
1753400298257 24.0 0
1753400317336 25.0 0
1753400336280 26.0 0
1753400355223 27.0 0
1753400374646 28.0 0
1753400393893 29.0 0
1753400413235 30.0 0
1753400431539 31.0 0
1753400450204 32.0 0
1753400468682 33.0 0
1753400487754 34.0 0
1753400506661 35.0 0
1753400525182 36.0 0
1753400543947 37.0 0
1753400562994 38.0 0
1753400582236 39.0 0
1753400600928 40.0 0
1753400620239 41.0 0
1753400658149 43.0 0
1753400676710 44.0 0
1753400696224 45.0 0
1753400715654 46.0 0
1753400734548 47.0 0
1753400753427 48.0 0
1753400772478 49.0 0
1753400791319 50.0 0
1753400810559 51.0 0
1753400829657 52.0 0
1753400848505 53.0 0
1753400866961 54.0 0
1753400886206 55.0 0
1753400905509 56.0 0
1753400924628 57.0 0
1753400962927 59.0 0
1753401000564 61.0 0
1753401019359 62.0 0
1753401038271 63.0 0
1753401057321 64.0 0
1753401076588 65.0 0
1753401132858 68.0 0
1753401151956 69.0 0
1753401208879 72.0 0
1753401284674 76.0 0
