1753399847134 0.69577 1
1753399866200 0.58953 2
1753399885855 0.54093 3
1753399904473 0.49666 4
1753399922951 0.45417 5
1753399942044 0.41366 6
1753399960853 0.37331 7
1753399979881 0.33641 8
1753399999001 0.30408 9
1753400017893 0.27221 10
1753400036629 0.24344 11
1753400055580 0.21804 12
1753400074298 0.1957 13
1753400093883 0.17617 14
1753400112991 0.1591 15
1753400131419 0.14407 16
1753400150677 0.1311 17
1753400169577 0.11967 18
1753400188516 0.10959 19
1753400207822 0.10083 20
1753400227030 0.09313 21
1753400245508 0.08617 22
1753400264688 0.08019 23
1753400284137 0.07324 24
1753400303000 0.06819 25
1753400321946 0.06386 26
1753400340920 0.05998 27
1753400359973 0.05663 28
1753400379407 0.05363 29
1753400398566 0.05092 30
1753400417849 0.04855 31
1753400436216 0.04637 32
1753400454853 0.04444 33
1753400473331 0.04262 34
1753400492424 0.04094 35
1753400511319 0.03951 36
1753400529773 0.03821 37
1753400548593 0.03697 38
1753400567729 0.03588 39
1753400586879 0.03484 40
1753400605626 0.03387 41
1753400624938 0.03298 42
1753400643892 0.03218 43
1753400662843 0.03142 44
1753400681401 0.03075 45
1753400700856 0.03009 46
1753400720289 0.02952 47
1753400739205 0.02892 48
1753400758145 0.02844 49
1753400777139 0.02787 50
1753400796072 0.02742 51
1753400815218 0.02701 52
1753400834316 0.02664 53
1753400853144 0.02626 54
1753400871659 0.02592 55
1753400890820 0.02555 56
1753400910206 0.02527 57
1753400929303 0.02495 58
1753400948254 0.02468 59
1753400967679 0.02441 60
1753400986338 0.02413 61
1753401005321 0.02388 62
1753401024136 0.02369 63
1753401042939 0.02348 64
1753401062028 0.02324 65
1753401081290 0.02307 66
1753401100293 0.0229 67
1753401119028 0.02269 68
1753401137536 0.02255 69
1753401156692 0.02236 70
1753401175426 0.02219 71
1753401194336 0.02206 72
1753401213560 0.0219 73
1753401232886 0.02181 74
1753401251278 0.02163 75
1753401270329 0.02157 76
1753401289362 0.0214 77
1753401307749 0.02131 78
1753401326386 0.02115 79
1753401344797 0.02109 80
1753401364027 0.02097 81
1753401382368 0.02092 82
1753401401279 0.02079 83
1753401419795 0.0207 84
1753401439130 0.02063 85
1753401457708 0.02042 86
1753401476630 0.02036 87
1753401495795 0.02031 88
1753401514406 0.02031 89
1753401533101 0.0203 90
1753401551778 0.02026 91
1753401570677 0.02024 92
1753401589561 0.02021 93
1753401608433 0.02018 94
1753401627091 0.02015 95
1753401645835 0.02015 96
1753401664755 0.0201 97
1753401683148 0.0201 98
1753401702104 0.02013 99
1753401721374 0.02012 100
1753401740393 0.02012 101
1753401759276 0.02009 102
1753401778443 0.0201 103
1753401797043 0.02009 104
1753401816108 0.02006 105
1753401834368 0.02009 106
1753401852924 0.02006 107
1753401871934 0.02008 108
1753401890505 0.02006 109
1753401909830 0.02008 110
1753401928339 0.02006 111
1753401947172 0.02008 112
1753401966164 0.02006 113
1753401984861 0.02006 114
1753402003981 0.02005 115
1753402023210 0.02005 116
1753402042243 0.02005 117
1753402061543 0.02007 118
1753402080822 0.02005 119
1753402099473 0.02007 120
1753402118290 0.02006 121
1753402136991 0.02007 122
1753402155996 0.02007 123
1753402174453 0.02006 124
1753402193372 0.02006 125
1753402212391 0.02003 126
1753402230942 0.02007 127
1753402249974 0.02007 128
1753402268951 0.02005 129
1753402288266 0.02004 130
1753402306803 0.02004 131
1753402326097 0.02006 132
1753402345176 0.02006 133
1753402364136 0.02007 134
1753402383451 0.02009 135
1753402402425 0.02005 136
1753402421095 0.02004 137
1753402440064 0.02005 138
1753402459190 0.02005 139
1753402478068 0.02005 140
1753402496886 0.02005 141
1753402515893 0.02004 142
1753402534809 0.02006 143
1753402553345 0.02007 144
1753402572625 0.02005 145
1753402591800 0.02008 146
1753402610854 0.02008 147
1753402629979 0.02008 148
1753402649165 0.02004 149
1753402668958 0.02005 150
1753402687724 0.02006 151
1753402706485 0.02004 152
1753402725546 0.02006 153
1753402744791 0.02006 154
1753402763619 0.02005 155
1753402782322 0.02004 156
1753402801231 0.02009 157
1753402820663 0.02006 158
1753402839139 0.02004 159
1753402858344 0.02007 160
1753402877330 0.02004 161
1753402896471 0.02003 162
1753402915651 0.02009 163
1753402933754 0.02005 164
1753402952582 0.02006 165
1753402971346 0.02005 166
1753402990320 0.02007 167
1753403009001 0.02004 168
1753403028085 0.02007 169
1753403046820 0.02004 170
1753403065813 0.02006 171
1753403085027 0.02006 172
1753403104593 0.02005 173
1753403123247 0.02004 174
1753403142321 0.02004 175
1753403161628 0.02003 176
1753403180290 0.02007 177
1753403199310 0.02007 178
1753403218315 0.02003 179
1753403236686 0.02006 180
1753403255510 0.02004 181
1753403274311 0.02005 182
1753403293145 0.02007 183
1753403312287 0.02005 184
1753403331173 0.02007 185
1753403349880 0.02003 186
1753403368306 0.02006 187
1753403387198 0.02003 188
1753403406068 0.02003 189
1753403424976 0.02002 190
1753403443825 0.02004 191
1753403462900 0.02002 192
1753403481982 0.02004 193
1753403500654 0.02001 194
1753403519455 0.02005 195
1753403538366 0.02002 196
1753403557170 0.02004 197
1753403575805 0.02006 198
1753403595136 0.02003 199
1753403614640 0.02004 200
1753403633206 0.02005 201
1753403651937 0.02002 202
1753403671359 0.02005 203
1753403690314 0.02001 204
1753403709651 0.02003 205
1753403728714 0.02004 206
1753403747712 0.02004 207
1753403766455 0.02002 208
1753403785589 0.02004 209
1753403804527 0.02002 210
1753403823552 0.02005 211
1753403842529 0.02 212
1753403861308 0.02004 213
1753403880024 0.02005 214
1753403899357 0.02004 215
1753403917764 0.02004 216
1753403936525 0.02004 217
1753403955698 0.02004 218
1753403974797 0.02003 219
1753403993794 0.02002 220
1753404013171 0.02002 221
1753404032036 0.02001 222
1753404050480 0.02003 223
1753404069458 0.02003 224
1753404088447 0.02004 225
1753404107085 0.02003 226
1753404125956 0.02005 227
1753404144815 0.02003 228
1753404163780 0.02002 229
1753404183127 0.02001 230
1753404201974 0.02003 231
1753404220986 0.02002 232
1753404240161 0.02001 233
1753404259053 0.02001 234
1753404278476 0.02003 235
1753404297597 0.02002 236
1753404316685 0.02002 237
1753404335824 0.02003 238
1753404354702 0.02004 239
1753404373947 0.02001 240
1753404393204 0.02005 241
1753404412615 0.02002 242
1753404431978 0.02003 243
1753404450931 0.02003 244
1753404470208 0.02003 245
1753404489036 0.02001 246
1753404507656 0.02002 247
1753404526705 0.02 248
1753404545900 0.02 249
1753404565103 0.02001 250
1753404583681 0.02 251
1753404602852 0.02003 252
1753404621827 0.02002 253
1753404641040 0.02 254
1753404660472 0.02002 255
1753404679375 0.02 256
1753404697744 0.01999 257
1753404716895 0.02 258
1753404735367 0.02002 259
1753404754728 0.02 260
1753404773552 0.01997 261
1753404792621 0.01999 262
1753404812143 0.01998 263
1753404831417 0.01999 264
1753404850561 0.02 265
1753404869417 0.01997 266
1753404888489 0.02002 267
1753404907143 0.02001 268
1753404926020 0.01997 269
1753404944327 0.02001 270
1753404963355 0.01999 271
1753404982310 0.02 272
1753405001154 0.02001 273
1753405020162 0.02 274
1753405039217 0.02001 275
1753405058240 0.01999 276
1753405077139 0.02 277
1753405096232 0.01999 278
1753405114975 0.01999 279
1753405133686 0.02001 280
1753405152862 0.02 281
1753405171561 0.02 282
1753405190748 0.02001 283
1753405210178 0.01998 284
1753405229274 0.01999 285
1753405248518 0.01998 286
1753405267897 0.01999 287
1753405286404 0.02 288
1753405305758 0.02001 289
1753405324827 0.01998 290
1753405343534 0.02 291
1753405362064 0.01999 292
1753405381221 0.01995 293
1753405400556 0.01998 294
1753405419689 0.01999 295
1753405438362 0.01996 296
1753405456709 0.01997 297
1753405475679 0.01996 298
1753405494576 0.01999 299
1753405513418 0.01998 300
