1753399861442 0.0010000000474974513 1
1753399881065 0.0010000000474974513 2
1753399899681 0.0010000000474974513 3
1753399918256 0.0010000000474974513 4
1753399937292 0.0010000000474974513 5
1753399956221 0.0010000000474974513 6
1753399975166 0.0010000000474974513 7
1753399994291 0.0010000000474974513 8
1753400013222 0.0010000000474974513 9
1753400032000 0.0010000000474974513 10
1753400050868 0.0010000000474974513 11
1753400069630 0.0010000000474974513 12
1753400089152 0.0010000000474974513 13
1753400108314 0.0010000000474974513 14
1753400126670 0.0010000000474974513 15
1753400145921 0.0010000000474974513 16
1753400164864 0.0010000000474974513 17
1753400183862 0.0010000000474974513 18
1753400203092 0.0010000000474974513 19
1753400222308 0.0010000000474974513 20
1753400240865 0.0010000000474974513 21
1753400260049 0.0010000000474974513 22
1753400279442 0.0010000000474974513 23
1753400298262 0.0010000000474974513 24
1753400317340 0.0010000000474974513 25
1753400336284 0.0010000000474974513 26
1753400355227 0.0010000000474974513 27
1753400374650 0.0010000000474974513 28
1753400393918 0.0010000000474974513 29
1753400413242 0.0010000000474974513 30
1753400431551 0.0010000000474974513 31
1753400450207 0.0010000000474974513 32
1753400468686 0.0010000000474974513 33
1753400487759 0.0010000000474974513 34
1753400506665 0.0010000000474974513 35
1753400525186 0.0010000000474974513 36
1753400543953 0.0010000000474974513 37
1753400563002 0.0010000000474974513 38
1753400582242 0.0010000000474974513 39
1753400600935 0.0010000000474974513 40
1753400620243 0.0010000000474974513 41
1753400639137 0.0010000000474974513 42
1753400658154 0.0010000000474974513 43
1753400676714 0.0010000000474974513 44
1753400696229 0.0010000000474974513 45
1753400715662 0.0010000000474974513 46
1753400734555 0.0010000000474974513 47
1753400753434 0.0010000000474974513 48
1753400772482 0.0010000000474974513 49
1753400791323 0.0010000000474974513 50
1753400810563 0.0010000000474974513 51
1753400829661 0.0010000000474974513 52
1753400848509 0.0010000000474974513 53
1753400866968 0.0010000000474974513 54
1753400886212 0.0010000000474974513 55
1753400905515 0.0010000000474974513 56
1753400924632 0.0010000000474974513 57
1753400943519 0.0010000000474974513 58
1753400962931 0.0010000000474974513 59
1753400981674 0.0010000000474974513 60
1753401000569 0.0010000000474974513 61
1753401019366 0.0010000000474974513 62
1753401038280 0.0010000000474974513 63
1753401057328 0.0010000000474974513 64
1753401076592 0.0010000000474974513 65
1753401095532 0.0010000000474974513 66
1753401114349 0.0010000000474974513 67
1753401132862 0.0010000000474974513 68
1753401151961 0.0010000000474974513 69
1753401170750 0.0010000000474974513 70
1753401189637 0.0010000000474974513 71
1753401208886 0.0010000000474974513 72
1753401228198 0.0010000000474974513 73
1753401246599 0.0010000000474974513 74
1753401265684 0.0010000000474974513 75
1753401284678 0.0010000000474974513 76
1753401303074 0.0010000000474974513 77
1753401321651 0.0010000000474974513 78
1753401340146 0.0010000000474974513 79
1753401359365 0.0010000000474974513 80
1753401377709 0.0010000000474974513 81
1753401396531 0.0010000000474974513 82
1753401415092 0.0010000000474974513 83
1753401434361 0.0010000000474974513 84
1753401453027 0.00020000000949949026 85
1753401471941 0.00020000000949949026 86
1753401491053 0.00020000000949949026 87
1753401509615 0.00020000000949949026 88
1753401528408 0.00020000000949949026 89
1753401547123 0.00020000000949949026 90
1753401565995 0.00020000000949949026 91
1753401584913 0.00020000000949949026 92
1753401603731 0.00020000000949949026 93
1753401622414 4.0000002627493814e-05 94
1753401641148 4.0000002627493814e-05 95
1753401660074 4.0000002627493814e-05 96
1753401678480 4.0000002627493814e-05 97
1753401697428 4.0000002627493814e-05 98
1753401716708 4.0000002627493814e-05 99
1753401735652 4.0000002627493814e-05 100
1753401754578 4.0000002627493814e-05 101
1753401773776 4.0000002627493814e-05 102
1753401792279 8.000000889296643e-06 103
1753401811401 8.000000889296643e-06 104
1753401829711 8.000000889296643e-06 105
1753401848151 8.000000889296643e-06 106
1753401867174 8.000000889296643e-06 107
1753401885838 8.000000889296643e-06 108
1753401905065 8.000000889296643e-06 109
1753401923659 8.000000889296643e-06 110
1753401942482 8.000000889296643e-06 111
1753401961416 1.6000001323845936e-06 112
1753401980184 1.6000001323845936e-06 113
1753401999296 1.6000001323845936e-06 114
1753402018210 1.6000001323845936e-06 115
1753402037353 1.6000001323845936e-06 116
1753402056775 1.6000001323845936e-06 117
1753402076108 1.6000001323845936e-06 118
1753402094771 1.6000001323845936e-06 119
1753402113634 1.6000001323845936e-06 120
1753402132291 9.999999974752427e-07 121
1753402151352 9.999999974752427e-07 122
1753402169804 9.999999974752427e-07 123
1753402188698 9.999999974752427e-07 124
1753402207684 9.999999974752427e-07 125
1753402226269 9.999999974752427e-07 126
1753402245238 9.999999974752427e-07 127
1753402264276 9.999999974752427e-07 128
1753402283621 9.999999974752427e-07 129
1753402302145 9.999999974752427e-07 130
1753402321451 9.999999974752427e-07 131
1753402340408 9.999999974752427e-07 132
1753402359351 9.999999974752427e-07 133
1753402378771 9.999999974752427e-07 134
1753402397751 9.999999974752427e-07 135
1753402416376 9.999999974752427e-07 136
1753402435397 9.999999974752427e-07 137
1753402454505 9.999999974752427e-07 138
1753402473260 9.999999974752427e-07 139
1753402492189 9.999999974752427e-07 140
1753402511167 9.999999974752427e-07 141
1753402530119 9.999999974752427e-07 142
1753402548645 9.999999974752427e-07 143
1753402567916 9.999999974752427e-07 144
1753402586990 9.999999974752427e-07 145
1753402606128 9.999999974752427e-07 146
1753402625360 9.999999974752427e-07 147
1753402644480 9.999999974752427e-07 148
1753402663899 9.999999974752427e-07 149
1753402682986 9.999999974752427e-07 150
1753402701817 9.999999974752427e-07 151
1753402720873 9.999999974752427e-07 152
1753402740089 9.999999974752427e-07 153
1753402758934 9.999999974752427e-07 154
1753402777556 9.999999974752427e-07 155
1753402796594 9.999999974752427e-07 156
1753402815933 9.999999974752427e-07 157
1753402834361 9.999999974752427e-07 158
1753402853600 9.999999974752427e-07 159
1753402872627 9.999999974752427e-07 160
1753402891818 9.999999974752427e-07 161
1753402910965 9.999999974752427e-07 162
1753402929085 9.999999974752427e-07 163
1753402947934 9.999999974752427e-07 164
1753402966721 9.999999974752427e-07 165
1753402985721 9.999999974752427e-07 166
1753403004232 9.999999974752427e-07 167
1753403023314 9.999999974752427e-07 168
1753403042134 9.999999974752427e-07 169
1753403061087 9.999999974752427e-07 170
1753403080388 9.999999974752427e-07 171
1753403099844 9.999999974752427e-07 172
1753403118549 9.999999974752427e-07 173
1753403137573 9.999999974752427e-07 174
1753403156981 9.999999974752427e-07 175
1753403175690 9.999999974752427e-07 176
1753403194603 9.999999974752427e-07 177
1753403213516 9.999999974752427e-07 178
1753403232048 9.999999974752427e-07 179
1753403250826 9.999999974752427e-07 180
1753403269631 9.999999974752427e-07 181
1753403288465 9.999999974752427e-07 182
1753403307525 9.999999974752427e-07 183
1753403326452 9.999999974752427e-07 184
1753403345184 9.999999974752427e-07 185
1753403363647 9.999999974752427e-07 186
1753403382521 9.999999974752427e-07 187
1753403401360 9.999999974752427e-07 188
1753403420327 9.999999974752427e-07 189
1753403439149 9.999999974752427e-07 190
1753403458192 9.999999974752427e-07 191
1753403477307 9.999999974752427e-07 192
1753403495958 9.999999974752427e-07 193
1753403514770 9.999999974752427e-07 194
1753403533702 9.999999974752427e-07 195
1753403552500 9.999999974752427e-07 196
1753403571074 9.999999974752427e-07 197
1753403590423 9.999999974752427e-07 198
1753403609899 9.999999974752427e-07 199
1753403628477 9.999999974752427e-07 200
1753403647262 9.999999974752427e-07 201
1753403666587 9.999999974752427e-07 202
1753403685556 9.999999974752427e-07 203
1753403704922 9.999999974752427e-07 204
1753403724005 9.999999974752427e-07 205
1753403742989 9.999999974752427e-07 206
1753403761757 9.999999974752427e-07 207
1753403780943 9.999999974752427e-07 208
1753403799839 9.999999974752427e-07 209
1753403818842 9.999999974752427e-07 210
1753403837768 9.999999974752427e-07 211
1753403856607 9.999999974752427e-07 212
1753403875315 9.999999974752427e-07 213
1753403894641 9.999999974752427e-07 214
1753403913099 9.999999974752427e-07 215
1753403931862 9.999999974752427e-07 216
1753403950993 9.999999974752427e-07 217
1753403970075 9.999999974752427e-07 218
1753403989034 9.999999974752427e-07 219
1753404008451 9.999999974752427e-07 220
1753404027355 9.999999974752427e-07 221
1753404045824 9.999999974752427e-07 222
1753404064814 9.999999974752427e-07 223
1753404083766 9.999999974752427e-07 224
1753404102293 9.999999974752427e-07 225
1753404121230 9.999999974752427e-07 226
1753404140106 9.999999974752427e-07 227
1753404159057 9.999999974752427e-07 228
1753404178429 9.999999974752427e-07 229
1753404197308 9.999999974752427e-07 230
1753404216293 9.999999974752427e-07 231
1753404235467 9.999999974752427e-07 232
1753404254323 9.999999974752427e-07 233
1753404273745 9.999999974752427e-07 234
1753404292844 9.999999974752427e-07 235
1753404311920 9.999999974752427e-07 236
1753404331067 9.999999974752427e-07 237
1753404349949 9.999999974752427e-07 238
1753404369190 9.999999974752427e-07 239
1753404388497 9.999999974752427e-07 240
1753404407876 9.999999974752427e-07 241
1753404427205 9.999999974752427e-07 242
1753404446256 9.999999974752427e-07 243
1753404465476 9.999999974752427e-07 244
1753404484388 9.999999974752427e-07 245
1753404502983 9.999999974752427e-07 246
1753404521942 9.999999974752427e-07 247
1753404541212 9.999999974752427e-07 248
1753404560408 9.999999974752427e-07 249
1753404578984 9.999999974752427e-07 250
1753404598112 9.999999974752427e-07 251
1753404617159 9.999999974752427e-07 252
1753404636317 9.999999974752427e-07 253
1753404655789 9.999999974752427e-07 254
1753404674744 9.999999974752427e-07 255
1753404693025 9.999999974752427e-07 256
1753404712157 9.999999974752427e-07 257
1753404730717 9.999999974752427e-07 258
1753404750044 9.999999974752427e-07 259
1753404768888 9.999999974752427e-07 260
1753404787937 9.999999974752427e-07 261
1753404807417 9.999999974752427e-07 262
1753404826755 9.999999974752427e-07 263
1753404845842 9.999999974752427e-07 264
1753404864743 9.999999974752427e-07 265
1753404883864 9.999999974752427e-07 266
1753404902546 9.999999974752427e-07 267
1753404921349 9.999999974752427e-07 268
1753404939684 9.999999974752427e-07 269
1753404958707 9.999999974752427e-07 270
1753404977609 9.999999974752427e-07 271
1753404996440 9.999999974752427e-07 272
1753405015424 9.999999974752427e-07 273
1753405034495 9.999999974752427e-07 274
1753405053568 9.999999974752427e-07 275
1753405072465 9.999999974752427e-07 276
1753405091352 9.999999974752427e-07 277
1753405110267 9.999999974752427e-07 278
1753405128727 9.999999974752427e-07 279
1753405148086 9.999999974752427e-07 280
1753405166890 9.999999974752427e-07 281
1753405185971 9.999999974752427e-07 282
1753405205514 9.999999974752427e-07 283
1753405224510 9.999999974752427e-07 284
1753405243793 9.999999974752427e-07 285
1753405263185 9.999999974752427e-07 286
1753405281756 9.999999974752427e-07 287
1753405301062 9.999999974752427e-07 288
1753405320148 9.999999974752427e-07 289
1753405338904 9.999999974752427e-07 290
1753405357367 9.999999974752427e-07 291
1753405376428 9.999999974752427e-07 292
1753405395797 9.999999974752427e-07 293
1753405414933 9.999999974752427e-07 294
1753405433575 9.999999974752427e-07 295
1753405451980 9.999999974752427e-07 296
1753405471027 9.999999974752427e-07 297
1753405489941 9.999999974752427e-07 298
1753405508655 9.999999974752427e-07 299
1753405527637 9.999999974752427e-07 300
