1753258007405 1.0 0
1753258052339 2.0 0
1753258097360 3.0 0
1753258142664 4.0 0
1753258187800 5.0 0
1753258232708 6.0 0
1753258278147 7.0 0
1753258323745 8.0 0
1753258369651 9.0 0
1753258414784 10.0 0
1753258460312 11.0 0
1753258506169 12.0 0
1753258551828 13.0 0
1753258597679 14.0 0
1753258643456 15.0 0
1753258689410 16.0 0
1753258734829 17.0 0
1753258780423 18.0 0
1753258825774 19.0 0
1753258870925 20.0 0
1753258916243 21.0 0
1753258961538 22.0 0
1753259006985 23.0 0
1753259052494 24.0 0
1753259097611 25.0 0
1753259143358 26.0 0
1753259188668 27.0 0
1753259234242 28.0 0
1753259326607 30.0 0
1753259372395 31.0 0
1753259418129 32.0 0
1753260010039 45.0 0
1753260101604 47.0 0
1753260511649 56.0 0
