1753257977180 0.63341 1
1753258023592 0.4888 2
1753258068405 0.38158 3
1753258113444 0.28962 4
1753258158754 0.21905 5
1753258203799 0.16695 6
1753258248950 0.12888 7
1753258294358 0.09775 8
1753258340018 0.07871 9
1753258385556 0.06536 10
1753258430973 0.05563 11
1753258476566 0.04849 12
1753258522501 0.04303 13
1753258568304 0.03899 14
1753258614308 0.03565 15
1753258659896 0.03306 16
1753258705685 0.03096 17
1753258751134 0.02925 18
1753258796571 0.02784 19
1753258841928 0.02666 20
1753258887288 0.02566 21
1753258932465 0.02483 22
1753258977818 0.0241 23
1753259023330 0.02348 24
1753259068710 0.02293 25
1753259113881 0.0225 26
1753259159533 0.02206 27
1753259205139 0.02168 28
1753259250804 0.02135 29
1753259296870 0.02106 30
1753259342947 0.02081 31
1753259388801 0.02058 32
1753259434459 0.02037 33
1753259480006 0.02019 34
1753259525203 0.02002 35
1753259570264 0.01986 36
1753259616554 0.01971 37
1753259661642 0.01957 38
1753259707263 0.01946 39
1753259753289 0.01936 40
1753259798510 0.01925 41
1753259844577 0.01915 42
1753259889883 0.01907 43
1753259935653 0.01898 44
1753259981296 0.0189 45
1753260026479 0.01884 46
1753260072113 0.01877 47
1753260117740 0.01871 48
1753260163826 0.01866 49
1753260209714 0.0186 50
1753260254753 0.01856 51
1753260300249 0.01851 52
1753260346024 0.01846 53
1753260391298 0.01843 54
1753260437079 0.0184 55
1753260482388 0.01835 56
1753260527943 0.01832 57
1753260573363 0.01829 58
1753260618649 0.01826 59
1753260664343 0.01823 60
1753260709956 0.0182 61
1753260755476 0.01817 62
1753260800847 0.01816 63
1753260846317 0.01812 64
1753260891843 0.01809 65
1753260937416 0.01808 66
1753260982831 0.01808 67
1753261028097 0.01806 68
1753261073890 0.01803 69
1753261119422 0.01801 70
1753261164463 0.01799 71
1753261210232 0.01797 72
1753261255538 0.01796 73
1753261300994 0.01794 74
1753261346009 0.01792 75
1753261391583 0.01792 76
1753261436888 0.01791 77
1753261481962 0.01788 78
1753261527176 0.01788 79
1753261572805 0.01786 80
1753261618450 0.01785 81
1753261663949 0.01783 82
1753261709945 0.01781 83
1753261755456 0.01781 84
1753261801194 0.01779 85
1753261846610 0.01779 86
1753261891637 0.01778 87
1753261936880 0.01778 88
1753261982114 0.01777 89
1753262027382 0.01776 90
1753262072684 0.01775 91
1753262118359 0.01775 92
1753262163434 0.01772 93
1753262208717 0.01773 94
1753262254239 0.01772 95
1753262299961 0.01772 96
1753262345319 0.0177 97
1753262390982 0.0177 98
1753262436392 0.01768 99
1753262481815 0.0177 100
1753262527652 0.01767 101
1753262572999 0.01766 102
1753262618536 0.01765 103
1753262663658 0.01765 104
1753262708844 0.01763 105
1753262753994 0.01764 106
1753262799331 0.01763 107
1753262844694 0.01762 108
1753262890105 0.01763 109
1753262935858 0.01761 110
1753262981171 0.0176 111
1753263026633 0.0176 112
1753263072818 0.01761 113
1753263117889 0.01759 114
1753263163888 0.01759 115
1753263209416 0.01759 116
1753263254638 0.01758 117
1753263300247 0.01756 118
1753263345961 0.01757 119
1753263391294 0.01756 120
1753263436617 0.01757 121
1753263481871 0.01756 122
1753263527399 0.01754 123
1753263572847 0.01753 124
1753263618103 0.01754 125
1753263663585 0.01753 126
1753263709044 0.01754 127
1753263754612 0.01753 128
1753263799869 0.01753 129
1753263845051 0.01752 130
1753263890145 0.01751 131
1753263935264 0.01751 132
1753263980786 0.0175 133
1753264026278 0.0175 134
1753264072111 0.01751 135
1753264117932 0.0175 136
1753264162893 0.01749 137
1753264208777 0.01748 138
1753264254518 0.01748 139
1753264300381 0.01747 140
1753264345966 0.01747 141
1753264391308 0.01746 142
1753264437042 0.01746 143
1753264482774 0.01746 144
1753264528818 0.01747 145
1753264574193 0.01746 146
1753264619424 0.01746 147
1753264664702 0.01745 148
1753264709896 0.01746 149
1753264755574 0.01745 150
1753264801697 0.01745 151
1753264846769 0.01745 152
1753264891836 0.01743 153
1753264937174 0.01743 154
1753264982723 0.01743 155
1753265027923 0.01744 156
1753265072978 0.01743 157
1753265118773 0.01741 158
1753265163889 0.01742 159
1753265209055 0.01742 160
1753265255198 0.01741 161
1753265300457 0.01741 162
1753265346139 0.0174 163
1753265391744 0.0174 164
1753265436818 0.01739 165
1753265481856 0.01739 166
1753265527639 0.01739 167
1753265573335 0.01739 168
1753265618995 0.01738 169
1753265664584 0.01739 170
1753265709786 0.01739 171
1753265756071 0.01738 172
1753265801529 0.01738 173
1753265846989 0.01738 174
1753265892287 0.01737 175
1753265937530 0.01737 176
1753265982886 0.01736 177
1753266029016 0.01735 178
1753266074333 0.01736 179
1753266119727 0.01735 180
1753266166499 0.01735 181
1753266212420 0.01736 182
1753266257542 0.01735 183
1753266302790 0.01735 184
1753266347853 0.01735 185
1753266393522 0.01734 186
1753266439376 0.01735 187
1753266484632 0.01734 188
1753266530275 0.01733 189
1753266575644 0.01733 190
1753266621558 0.01732 191
1753266666991 0.01733 192
1753266712165 0.01733 193
1753266757359 0.01733 194
1753266802751 0.01732 195
1753266848369 0.01732 196
1753266893740 0.01733 197
1753266939144 0.01732 198
1753266984696 0.01731 199
1753267030395 0.01731 200
1753267075448 0.0173 201
1753267120526 0.01731 202
1753267165769 0.01731 203
1753267211220 0.0173 204
1753267256784 0.0173 205
1753267302243 0.01729 206
1753267347526 0.01729 207
1753267393102 0.0173 208
1753267438190 0.01729 209
1753267483492 0.0173 210
1753267528887 0.0173 211
1753267574086 0.01728 212
1753267620003 0.01728 213
1753267665143 0.01729 214
1753267710659 0.01728 215
1753267755829 0.01727 216
1753267801219 0.01728 217
1753267846908 0.01728 218
1753267892211 0.01728 219
1753267937654 0.01727 220
1753267983952 0.01727 221
1753268029131 0.01727 222
1753268074472 0.01726 223
1753268119321 0.01726 224
1753268164897 0.01727 225
1753268210126 0.01725 226
1753268255271 0.01725 227
1753268300710 0.01726 228
1753268345951 0.01725 229
1753268391035 0.01724 230
1753268436451 0.01725 231
1753268481757 0.01725 232
1753268527118 0.01724 233
1753268572359 0.01724 234
1753268617483 0.01723 235
1753268663042 0.01724 236
1753268708104 0.01725 237
1753268753452 0.01724 238
1753268799237 0.01723 239
1753268844611 0.01723 240
1753268889685 0.01723 241
1753268935145 0.01724 242
1753268980658 0.01723 243
1753269026116 0.01724 244
1753269071906 0.01722 245
1753269117324 0.01723 246
1753269162590 0.01722 247
1753269207419 0.01722 248
1753269253083 0.01722 249
1753269298205 0.01722 250
1753269343472 0.01721 251
1753269388838 0.01722 252
1753269434834 0.01722 253
1753269479960 0.01722 254
1753269526099 0.01721 255
1753269571278 0.0172 256
1753269616990 0.0172 257
1753269662769 0.0172 258
1753269708217 0.0172 259
1753269753720 0.01721 260
1753269799413 0.0172 261
1753269844767 0.0172 262
1753269890214 0.01719 263
1753269935853 0.01719 264
1753269981504 0.0172 265
1753270027949 0.01719 266
1753270073490 0.01719 267
1753270118907 0.01718 268
1753270164198 0.01718 269
1753270209913 0.01719 270
1753270255699 0.01719 271
1753270301537 0.01719 272
1753270346820 0.01718 273
1753270392045 0.01718 274
1753270437238 0.01717 275
1753270483317 0.01718 276
1753270528522 0.01718 277
1753270574076 0.01718 278
1753270619559 0.01718 279
1753270664914 0.01717 280
1753270710245 0.01718 281
1753270755744 0.01718 282
1753270801259 0.01718 283
1753270846155 0.01719 284
1753270891455 0.01717 285
1753270937121 0.01717 286
1753270982654 0.01716 287
1753271028042 0.01716 288
1753271073487 0.01717 289
1753271119105 0.01716 290
1753271164647 0.01716 291
1753271209530 0.01714 292
1753271254590 0.01716 293
1753271300420 0.01717 294
1753271345464 0.01714 295
1753271390965 0.01715 296
1753271436499 0.01715 297
1753271482130 0.01715 298
1753271527679 0.01717 299
1753271572980 0.01715 300
