1753266997398 1.0 0
1753267015776 2.0 0
1753267033838 3.0 0
1753267051695 4.0 0
1753267069906 5.0 0
1753267087928 6.0 0
1753267105992 7.0 0
1753267124274 8.0 0
1753267142687 9.0 0
1753267161164 10.0 0
1753267179792 11.0 0
1753267198565 12.0 0
1753267217233 13.0 0
1753267235856 14.0 0
1753267254575 15.0 0
1753267273182 16.0 0
1753267291767 17.0 0
1753267310353 18.0 0
1753267329246 19.0 0
1753267347930 20.0 0
1753267366452 21.0 0
1753267384936 22.0 0
1753267403669 23.0 0
1753267422209 24.0 0
1753267440788 25.0 0
1753267459375 26.0 0
1753267478198 27.0 0
1753267496781 28.0 0
1753267515356 29.0 0
1753267533584 30.0 0
1753267551843 31.0 0
1753267570072 32.0 0
1753267588167 33.0 0
1753267606283 34.0 0
1753267624697 35.0 0
1753267679609 38.0 0
1753267716987 40.0 0
1753267754509 42.0 0
1753267773207 43.0 0
1753267791903 44.0 0
1753267829383 46.0 0
1753267941181 52.0 0
1753268018302 56.0 0
1753268037515 57.0 0
1753268075488 59.0 0
1753268112964 61.0 0
