1753266983302 0.59451 1
1753267002074 0.45717 2
1753267020435 0.37603 3
1753267038479 0.3114 4
1753267056361 0.26127 5
1753267074511 0.22072 6
1753267092682 0.1873 7
1753267110654 0.15986 8
1753267128907 0.13736 9
1753267147328 0.11933 10
1753267165950 0.10442 11
1753267184503 0.0924 12
1753267203315 0.08233 13
1753267221933 0.07406 14
1753267240482 0.06707 15
1753267259302 0.06127 16
1753267277877 0.05641 17
1753267296441 0.05227 18
1753267315447 0.04874 19
1753267333946 0.04573 20
1753267352657 0.04316 21
1753267371157 0.04089 22
1753267389691 0.03889 23
1753267408413 0.03718 24
1753267426990 0.03561 25
1753267445572 0.03427 26
1753267464159 0.03304 27
1753267482944 0.03197 28
1753267501522 0.03097 29
1753267520041 0.03007 30
1753267538349 0.02928 31
1753267556649 0.0286 32
1753267574882 0.02791 33
1753267592972 0.02733 34
1753267611116 0.02674 35
1753267629475 0.02624 36
1753267647601 0.02566 37
1753267665885 0.0251 38
1753267684415 0.02461 39
1753267703085 0.02421 40
1753267721789 0.02388 41
1753267740382 0.02357 42
1753267759252 0.02326 43
1753267777985 0.023 44
1753267796690 0.02277 45
1753267815508 0.02255 46
1753267834139 0.02234 47
1753267852681 0.02213 48
1753267871231 0.02192 49
1753267889819 0.02178 50
1753267908696 0.0216 51
1753267927306 0.02147 52
1753267945930 0.02133 53
1753267965195 0.02114 54
1753267984345 0.02105 55
1753268003567 0.02088 56
1753268023056 0.02077 57
1753268042276 0.02068 58
1753268061506 0.02062 59
1753268080295 0.02045 60
1753268099141 0.02036 61
1753268117796 0.02029 62
1753268136380 0.02021 63
1753268155345 0.02012 64
1753268174757 0.01999 65
1753268194024 0.01993 66
1753268213256 0.01983 67
1753268232475 0.01979 68
1753268251988 0.01974 69
1753268271257 0.01965 70
1753268290422 0.01964 71
1753268309793 0.01954 72
1753268328937 0.01946 73
1753268347966 0.01943 74
1753268367090 0.01937 75
1753268386144 0.01931 76
1753268405480 0.01928 77
1753268424559 0.01924 78
1753268443694 0.01916 79
1753268462979 0.0191 80
1753268482180 0.01908 81
1753268501363 0.01897 82
1753268520543 0.019 83
1753268540125 0.01894 84
1753268559492 0.01892 85
1753268578130 0.01886 86
1753268596684 0.01883 87
1753268615511 0.0188 88
1753268634460 0.01879 89
1753268653401 0.01874 90
1753268672204 0.01866 91
1753268690973 0.01865 92
1753268709874 0.01865 93
1753268728790 0.01861 94
1753268747581 0.01856 95
1753268766497 0.01854 96
1753268785622 0.01854 97
1753268804430 0.01858 98
1753268823269 0.01847 99
1753268842079 0.01844 100
1753268860988 0.01839 101
1753268880178 0.01836 102
1753268899253 0.01834 103
1753268918170 0.01834 104
1753268937373 0.0183 105
1753268956418 0.01825 106
1753268975728 0.01825 107
1753268994697 0.01827 108
1753269013692 0.01824 109
1753269032849 0.0182 110
1753269051861 0.01816 111
1753269070875 0.01815 112
1753269089838 0.01815 113
1753269109155 0.0181 114
1753269128162 0.01808 115
1753269147264 0.01806 116
1753269166618 0.01805 117
1753269185553 0.01803 118
1753269204536 0.01799 119
1753269223602 0.01799 120
1753269242635 0.01795 121
1753269261989 0.01794 122
1753269281041 0.01798 123
1753269300109 0.0179 124
1753269318492 0.0179 125
1753269336403 0.01794 126
1753269354436 0.01785 127
1753269372747 0.01789 128
1753269390922 0.01792 129
1753269409243 0.01786 130
1753269427530 0.01776 131
1753269445746 0.0178 132
1753269463728 0.0178 133
1753269481721 0.01778 134
1753269499670 0.01776 135
1753269517925 0.01777 136
1753269536343 0.01773 137
1753269554379 0.0177 138
1753269572565 0.01769 139
1753269590931 0.01769 140
1753269609098 0.01766 141
1753269627156 0.01763 142
1753269645327 0.01765 143
1753269663614 0.0176 144
1753269681836 0.01762 145
1753269699860 0.01761 146
1753269718541 0.01763 147
1753269737285 0.01758 148
1753269756032 0.01757 149
1753269774716 0.01756 150
1753269793345 0.01756 151
1753269812119 0.01753 152
1753269830767 0.01753 153
1753269849535 0.01751 154
1753269868204 0.01749 155
1753269886764 0.0175 156
1753269905478 0.01749 157
1753269924072 0.01749 158
1753269942882 0.01745 159
1753269961527 0.01747 160
1753269980038 0.01743 161
1753269998875 0.01745 162
1753270017464 0.01742 163
1753270036053 0.01739 164
1753270054720 0.01744 165
1753270073387 0.01739 166
1753270092246 0.01737 167
1753270110738 0.01737 168
1753270129281 0.01735 169
1753270148148 0.01732 170
1753270166822 0.01737 171
1753270185408 0.01734 172
1753270204107 0.01733 173
1753270222723 0.01729 174
1753270241582 0.0173 175
1753270260218 0.0173 176
1753270279115 0.01725 177
1753270298035 0.01729 178
1753270316720 0.01728 179
1753270335439 0.0173 180
1753270354122 0.01728 181
1753270372738 0.01726 182
1753270391598 0.01722 183
1753270410302 0.01725 184
1753270428901 0.01724 185
1753270447911 0.01724 186
1753270466655 0.01719 187
1753270485332 0.01723 188
1753270504271 0.01722 189
1753270522972 0.01721 190
1753270541654 0.0172 191
1753270560456 0.01718 192
1753270579283 0.01716 193
1753270598190 0.01716 194
1753270616909 0.0172 195
1753270635723 0.0172 196
1753270654644 0.01715 197
1753270673241 0.01716 198
1753270691759 0.01712 199
1753270710476 0.01714 200
1753270729230 0.01716 201
1753270747699 0.0171 202
1753270766320 0.01712 203
1753270784731 0.01715 204
1753270803197 0.01708 205
1753270821656 0.0171 206
1753270840178 0.01709 207
1753270858897 0.01708 208
1753270877427 0.01706 209
1753270895964 0.01705 210
1753270914689 0.01703 211
1753270933109 0.01708 212
1753270951712 0.01707 213
1753270970262 0.01704 214
1753270988741 0.01705 215
1753271007400 0.017 216
1753271025869 0.01704 217
1753271044663 0.01698 218
1753271063177 0.01703 219
1753271081684 0.01702 220
1753271100209 0.01703 221
1753271118678 0.01703 222
1753271137312 0.01702 223
1753271155838 0.01701 224
1753271174265 0.01701 225
1753271192925 0.01696 226
1753271211276 0.01697 227
1753271229705 0.01694 228
1753271248126 0.01694 229
1753271266547 0.01696 230
1753271285155 0.01699 231
1753271303636 0.01701 232
1753271322174 0.01695 233
1753271340360 0.01696 234
1753271358398 0.01693 235
1753271376690 0.01691 236
1753271394797 0.01692 237
1753271413123 0.01696 238
1753271431236 0.01691 239
1753271449501 0.01698 240
1753271467892 0.0169 241
1753271486058 0.01696 242
1753271504610 0.01687 243
1753271523213 0.01688 244
1753271541802 0.0169 245
1753271560283 0.01688 246
1753271578643 0.0169 247
1753271597162 0.01689 248
1753271615482 0.01689 249
1753271634007 0.01689 250
1753271652698 0.01688 251
1753271671354 0.01686 252
1753271690276 0.01685 253
1753271709399 0.01689 254
1753271728373 0.01686 255
1753271747462 0.01691 256
1753271766818 0.01686 257
1753271785768 0.01684 258
1753271804765 0.01686 259
1753271824012 0.01687 260
1753271843151 0.01683 261
1753271862178 0.01685 262
1753271881317 0.01682 263
1753271900580 0.0168 264
1753271919653 0.01687 265
1753271938680 0.01681 266
1753271957978 0.01682 267
1753271977083 0.01679 268
1753271996061 0.01684 269
1753272015135 0.01683 270
1753272034225 0.01682 271
1753272053567 0.01682 272
1753272072600 0.01685 273
1753272091192 0.01679 274
1753272109962 0.0168 275
1753272128813 0.01683 276
1753272147830 0.0168 277
1753272166526 0.01677 278
1753272185363 0.0168 279
1753272204064 0.01677 280
1753272222845 0.01675 281
1753272241692 0.01679 282
1753272260193 0.01679 283
1753272278390 0.01675 284
1753272296521 0.01676 285
1753272314931 0.01677 286
1753272333307 0.01677 287
1753272351404 0.01672 288
1753272369760 0.01678 289
1753272388297 0.01675 290
1753272406727 0.01675 291
1753272424884 0.01678 292
1753272443406 0.01672 293
1753272461687 0.01674 294
1753272479804 0.01674 295
1753272498044 0.01671 296
1753272516316 0.01675 297
1753272534790 0.01671 298
1753272553033 0.01673 299
1753272571102 0.01673 300
