1753381897605 1.0 0
1753381913372 2.0 0
1753381928962 3.0 0
1753381944388 4.0 0
1753381959891 5.0 0
1753381975373 6.0 0
1753381990855 7.0 0
1753382006322 8.0 0
1753382021751 9.0 0
1753382037217 10.0 0
1753382052753 11.0 0
1753382068155 12.0 0
1753382083452 13.0 0
1753382099238 14.0 0
1753382115013 15.0 0
1753382130500 16.0 0
1753382145810 17.0 0
1753382161083 18.0 0
1753382177089 19.0 0
1753382192757 20.0 0
1753382208340 21.0 0
1753382223814 22.0 0
1753382239203 23.0 0
1753382254591 24.0 0
1753382285747 26.0 0
1753382301175 27.0 0
1753382332223 29.0 0
1753382348208 30.0 0
1753382379005 32.0 0
1753382394328 33.0 0
1753382409711 34.0 0
1753382425267 35.0 0
1753382440749 36.0 0
1753382471841 38.0 0
