1753381885564 0.57007 1
1753381902232 0.44833 2
1753381917910 0.36244 3
1753381933457 0.2886 4
1753381948900 0.2294 5
1753381964460 0.18313 6
1753381979905 0.14778 7
1753381995332 0.121 8
1753382010809 0.10084 9
1753382026199 0.08544 10
1753382041835 0.07362 11
1753382057238 0.06279 12
1753382072555 0.0548 13
1753382087908 0.04913 14
1753382103702 0.04469 15
1753382119546 0.04113 16
1753382134956 0.03818 17
1753382150207 0.0358 18
1753382165621 0.03371 19
1753382181501 0.03207 20
1753382197221 0.03065 21
1753382212853 0.0294 22
1753382228302 0.02837 23
1753382243624 0.02742 24
1753382259127 0.02663 25
1753382274681 0.02592 26
1753382290241 0.02527 27
1753382305537 0.02473 28
1753382321331 0.02423 29
1753382336615 0.02379 30
1753382352737 0.02341 31
1753382368042 0.02307 32
1753382383479 0.02269 33
1753382398741 0.02237 34
1753382414221 0.02216 35
1753382429808 0.02188 36
1753382445311 0.02167 37
1753382460888 0.02143 38
1753382476379 0.02122 39
1753382492150 0.02104 40
1753382507597 0.0209 41
1753382523028 0.02076 42
1753382538405 0.02062 43
1753382553865 0.02046 44
1753382569444 0.02035 45
1753382584700 0.0202 46
1753382600695 0.02013 47
1753382616146 0.0199 48
1753382631560 0.01984 49
1753382646956 0.01979 50
1753382662383 0.01974 51
1753382677757 0.01971 52
1753382693203 0.01969 53
1753382708931 0.01968 54
1753382724733 0.01964 55
1753382740587 0.0196 56
1753382755910 0.01957 57
1753382771470 0.01954 58
1753382786898 0.01953 59
1753382802307 0.01953 60
1753382817759 0.01953 61
1753382833197 0.01952 62
1753382848761 0.0195 63
1753382864127 0.01949 64
1753382879990 0.01948 65
1753382895345 0.01947 66
1753382910825 0.0195 67
1753382926203 0.01949 68
1753382941880 0.01948 69
1753382957010 0.01948 70
1753382972441 0.01945 71
1753382988049 0.01947 72
1753383003715 0.01947 73
1753383019202 0.01947 74
1753383034535 0.01946 75
1753383049927 0.01947 76
1753383065352 0.01945 77
1753383081318 0.01946 78
1753383096807 0.01946 79
1753383112502 0.01948 80
1753383127855 0.01949 81
1753383143341 0.01946 82
1753383158795 0.01946 83
1753383174172 0.01946 84
1753383189581 0.01949 85
1753383204942 0.01946 86
1753383220409 0.01945 87
1753383235733 0.01947 88
1753383251498 0.01945 89
1753383266960 0.01947 90
1753383282404 0.01946 91
1753383297897 0.01947 92
1753383313309 0.01947 93
1753383329056 0.01946 94
1753383344420 0.01947 95
1753383359770 0.01946 96
1753383375147 0.01946 97
1753383390749 0.01945 98
1753383406139 0.01947 99
1753383421443 0.01946 100
1753383437292 0.01946 101
1753383452608 0.01945 102
1753383468498 0.01947 103
1753383484269 0.01947 104
1753383499666 0.01946 105
1753383515112 0.01945 106
1753383530337 0.01946 107
1753383546017 0.01946 108
1753383561347 0.01947 109
1753383577916 0.01944 110
1753383593171 0.01945 111
1753383608697 0.01949 112
1753383623910 0.01948 113
1753383639520 0.01947 114
1753383654803 0.01946 115
1753383670287 0.01944 116
1753383685475 0.01946 117
1753383701498 0.01944 118
1753383716935 0.01947 119
1753383732276 0.01947 120
1753383747547 0.01945 121
1753383762911 0.01947 122
1753383778355 0.01946 123
1753383794186 0.01946 124
1753383809522 0.01944 125
1753383824901 0.01948 126
1753383840617 0.01945 127
1753383856146 0.01945 128
1753383871974 0.01945 129
1753383887350 0.01945 130
1753383902676 0.01946 131
1753383918150 0.01948 132
1753383933999 0.01944 133
1753383949318 0.01944 134
1753383964769 0.01944 135
1753383980224 0.01945 136
1753383995833 0.01945 137
1753384011544 0.01945 138
1753384027012 0.01943 139
1753384042631 0.01944 140
1753384057948 0.01942 141
1753384074103 0.01943 142
1753384089638 0.01943 143
1753384105350 0.01942 144
1753384120685 0.01945 145
1753384136357 0.01943 146
1753384151632 0.01944 147
1753384167107 0.01944 148
1753384182538 0.01944 149
1753384197977 0.01941 150
1753384213365 0.01943 151
1753384229018 0.01946 152
1753384245124 0.01945 153
1753384260740 0.01942 154
1753384276042 0.01945 155
1753384291457 0.01942 156
1753384306946 0.01943 157
1753384322431 0.01943 158
1753384338010 0.01945 159
1753384353364 0.01943 160
1753384369138 0.01943 161
1753384384469 0.01942 162
1753384400091 0.01944 163
1753384415341 0.01942 164
1753384431236 0.01944 165
1753384446527 0.01942 166
1753384462437 0.01944 167
1753384477751 0.01944 168
1753384493201 0.01944 169
1753384509035 0.01942 170
1753384524444 0.01943 171
1753384539842 0.01944 172
1753384555342 0.01942 173
1753384570524 0.01941 174
1753384586281 0.01943 175
1753384601958 0.01939 176
1753384617204 0.0194 177
1753384632740 0.01942 178
1753384647973 0.01943 179
1753384663157 0.01939 180
1753384678544 0.01941 181
1753384693856 0.01942 182
1753384709162 0.01942 183
1753384724455 0.01939 184
1753384739855 0.01939 185
1753384755720 0.01942 186
1753384771638 0.01944 187
1753384786935 0.01942 188
1753384802258 0.01939 189
1753384817615 0.01939 190
1753384833342 0.0194 191
1753384848756 0.0194 192
1753384864121 0.01941 193
1753384879433 0.01941 194
1753384895331 0.01938 195
1753384910673 0.0194 196
1753384925970 0.0194 197
1753384941760 0.0194 198
1753384957695 0.0194 199
1753384973225 0.01939 200
1753384989025 0.0194 201
1753385004880 0.01939 202
1753385020367 0.0194 203
1753385035669 0.01941 204
1753385050923 0.01939 205
1753385066444 0.01939 206
1753385081697 0.01938 207
1753385096994 0.01937 208
1753385112698 0.01939 209
1753385128256 0.0194 210
1753385144116 0.01939 211
1753385159425 0.01938 212
1753385174765 0.01937 213
1753385190092 0.01938 214
1753385205431 0.0194 215
1753385221431 0.0194 216
1753385236863 0.01938 217
1753385252250 0.01936 218
1753385268085 0.01939 219
1753385283348 0.01943 220
1753385298762 0.01939 221
1753385314111 0.01938 222
1753385329491 0.01939 223
1753385344881 0.01935 224
1753385360590 0.01938 225
1753385376203 0.01938 226
1753385392021 0.0194 227
1753385407322 0.01937 228
1753385422750 0.01938 229
1753385438012 0.01937 230
1753385453378 0.01939 231
1753385468758 0.01935 232
1753385484071 0.01939 233
1753385499493 0.01937 234
1753385515207 0.01936 235
1753385531176 0.01936 236
1753385546641 0.01938 237
1753385561941 0.01934 238
1753385577281 0.01935 239
1753385593035 0.01938 240
1753385608513 0.01936 241
1753385623942 0.01938 242
1753385639439 0.01936 243
1753385655004 0.01936 244
1753385670404 0.01937 245
1753385685875 0.01938 246
1753385701284 0.01934 247
1753385716561 0.01937 248
1753385731985 0.01936 249
1753385747884 0.01935 250
1753385763841 0.01932 251
1753385780065 0.01936 252
1753385795605 0.01936 253
1753385811032 0.01934 254
1753385826349 0.01936 255
1753385841646 0.01936 256
1753385856923 0.01935 257
1753385872271 0.01935 258
1753385887893 0.01936 259
1753385903595 0.01931 260
1753385919068 0.01933 261
1753385934393 0.01937 262
1753385949627 0.01935 263
1753385964908 0.01935 264
1753385980778 0.01934 265
1753385996299 0.01936 266
1753386012032 0.01934 267
1753386027800 0.01937 268
1753386043353 0.01932 269
1753386058816 0.01934 270
1753386074144 0.01933 271
1753386089530 0.01933 272
1753386104809 0.01935 273
1753386120735 0.01932 274
1753386136029 0.01934 275
1753386151909 0.01935 276
1753386167324 0.0193 277
1753386182970 0.01932 278
1753386198352 0.01935 279
1753386213651 0.01933 280
1753386228999 0.01933 281
1753386244371 0.01931 282
1753386259690 0.01931 283
1753386275263 0.0193 284
1753386291144 0.01932 285
1753386306636 0.01933 286
1753386322305 0.01931 287
1753386337995 0.01931 288
1753386353586 0.01932 289
1753386368839 0.0193 290
1753386384163 0.01932 291
1753386399491 0.01933 292
1753386415462 0.01933 293
1753386430984 0.01934 294
1753386446472 0.01931 295
1753386461660 0.01933 296
1753386477049 0.01931 297
1753386492367 0.0193 298
1753386507994 0.01931 299
1753386523680 0.01931 300
