1753381897618 0.0010000000474974513 1
1753381913377 0.0010000000474974513 2
1753381928967 0.0010000000474974513 3
1753381944392 0.0010000000474974513 4
1753381959896 0.0010000000474974513 5
1753381975378 0.0010000000474974513 6
1753381990860 0.0010000000474974513 7
1753382006327 0.0010000000474974513 8
1753382021756 0.0010000000474974513 9
1753382037222 0.0010000000474974513 10
1753382052758 0.0010000000474974513 11
1753382068161 0.0010000000474974513 12
1753382083463 0.0010000000474974513 13
1753382099243 0.0010000000474974513 14
1753382115018 0.0010000000474974513 15
1753382130507 0.0010000000474974513 16
1753382145815 0.0010000000474974513 17
1753382161087 0.0010000000474974513 18
1753382177094 0.0010000000474974513 19
1753382192762 0.0010000000474974513 20
1753382208345 0.0010000000474974513 21
1753382223821 0.0010000000474974513 22
1753382239208 0.0010000000474974513 23
1753382254607 0.0010000000474974513 24
1753382270152 0.0010000000474974513 25
1753382285752 0.0010000000474974513 26
1753382301180 0.0010000000474974513 27
1753382316821 0.0010000000474974513 28
1753382332228 0.0010000000474974513 29
1753382348213 0.0010000000474974513 30
1753382363611 0.0010000000474974513 31
1753382379010 0.0010000000474974513 32
1753382394333 0.0010000000474974513 33
1753382409716 0.0010000000474974513 34
1753382425272 0.0010000000474974513 35
1753382440754 0.0010000000474974513 36
1753382456349 0.0010000000474974513 37
1753382471846 0.0010000000474974513 38
1753382487637 0.0010000000474974513 39
1753382503055 0.0010000000474974513 40
1753382518502 0.0010000000474974513 41
1753382533894 0.0010000000474974513 42
1753382549415 0.0010000000474974513 43
1753382565069 0.0010000000474974513 44
1753382580236 0.0010000000474974513 45
1753382596196 0.0010000000474974513 46
1753382611668 0.00020000000949949026 47
1753382627063 0.00020000000949949026 48
1753382642491 0.00020000000949949026 49
1753382657899 0.00020000000949949026 50
1753382673309 0.00020000000949949026 51
1753382688746 0.00020000000949949026 52
1753382704392 0.00020000000949949026 53
1753382720284 0.00020000000949949026 54
1753382736009 0.00020000000949949026 55
1753382751407 4.0000002627493814e-05 56
1753382766983 4.0000002627493814e-05 57
1753382782434 4.0000002627493814e-05 58
1753382797792 4.0000002627493814e-05 59
1753382813342 4.0000002627493814e-05 60
1753382828764 4.0000002627493814e-05 61
1753382844221 4.0000002627493814e-05 62
1753382859674 4.0000002627493814e-05 63
1753382875443 4.0000002627493814e-05 64
1753382890890 8.000000889296643e-06 65
1753382906287 8.000000889296643e-06 66
1753382921678 8.000000889296643e-06 67
1753382937434 8.000000889296643e-06 68
1753382952639 8.000000889296643e-06 69
1753382967907 8.000000889296643e-06 70
1753382983550 8.000000889296643e-06 71
1753382999255 8.000000889296643e-06 72
1753383014661 8.000000889296643e-06 73
1753383030112 1.6000001323845936e-06 74
1753383045415 1.6000001323845936e-06 75
1753383060829 1.6000001323845936e-06 76
1753383076802 1.6000001323845936e-06 77
1753383092307 1.6000001323845936e-06 78
1753383108048 1.6000001323845936e-06 79
1753383123451 1.6000001323845936e-06 80
1753383138903 1.6000001323845936e-06 81
1753383154244 1.6000001323845936e-06 82
1753383169665 9.999999974752427e-07 83
1753383185017 9.999999974752427e-07 84
1753383200456 9.999999974752427e-07 85
1753383215812 9.999999974752427e-07 86
1753383231286 9.999999974752427e-07 87
1753383247064 9.999999974752427e-07 88
1753383262444 9.999999974752427e-07 89
1753383277962 9.999999974752427e-07 90
1753383293350 9.999999974752427e-07 91
1753383308864 9.999999974752427e-07 92
1753383324536 9.999999974752427e-07 93
1753383340008 9.999999974752427e-07 94
1753383355300 9.999999974752427e-07 95
1753383370604 9.999999974752427e-07 96
1753383386292 9.999999974752427e-07 97
1753383401696 9.999999974752427e-07 98
1753383417061 9.999999974752427e-07 99
1753383432750 9.999999974752427e-07 100
1753383448165 9.999999974752427e-07 101
1753383463979 9.999999974752427e-07 102
1753383479831 9.999999974752427e-07 103
1753383495138 9.999999974752427e-07 104
1753383510567 9.999999974752427e-07 105
1753383525958 9.999999974752427e-07 106
1753383541509 9.999999974752427e-07 107
1753383556916 9.999999974752427e-07 108
1753383572291 9.999999974752427e-07 109
1753383588712 9.999999974752427e-07 110
1753383604185 9.999999974752427e-07 111
1753383619482 9.999999974752427e-07 112
1753383635077 9.999999974752427e-07 113
1753383650283 9.999999974752427e-07 114
1753383665745 9.999999974752427e-07 115
1753383681106 9.999999974752427e-07 116
1753383697084 9.999999974752427e-07 117
1753383712428 9.999999974752427e-07 118
1753383727836 9.999999974752427e-07 119
1753383743144 9.999999974752427e-07 120
1753383758522 9.999999974752427e-07 121
1753383773911 9.999999974752427e-07 122
1753383789746 9.999999974752427e-07 123
1753383805086 9.999999974752427e-07 124
1753383820360 9.999999974752427e-07 125
1753383836160 9.999999974752427e-07 126
1753383851637 9.999999974752427e-07 127
1753383867549 9.999999974752427e-07 128
1753383882898 9.999999974752427e-07 129
1753383898232 9.999999974752427e-07 130
1753383913685 9.999999974752427e-07 131
1753383929464 9.999999974752427e-07 132
1753383944870 9.999999974752427e-07 133
1753383960260 9.999999974752427e-07 134
1753383975744 9.999999974752427e-07 135
1753383991322 9.999999974752427e-07 136
1753384007046 9.999999974752427e-07 137
1753384022438 9.999999974752427e-07 138
1753384038150 9.999999974752427e-07 139
1753384053550 9.999999974752427e-07 140
1753384069575 9.999999974752427e-07 141
1753384085201 9.999999974752427e-07 142
1753384100833 9.999999974752427e-07 143
1753384116222 9.999999974752427e-07 144
1753384131866 9.999999974752427e-07 145
1753384147175 9.999999974752427e-07 146
1753384162549 9.999999974752427e-07 147
1753384178073 9.999999974752427e-07 148
1753384193556 9.999999974752427e-07 149
1753384208834 9.999999974752427e-07 150
1753384224485 9.999999974752427e-07 151
1753384240643 9.999999974752427e-07 152
1753384256295 9.999999974752427e-07 153
1753384271567 9.999999974752427e-07 154
1753384287021 9.999999974752427e-07 155
1753384302382 9.999999974752427e-07 156
1753384317914 9.999999974752427e-07 157
1753384333531 9.999999974752427e-07 158
1753384348842 9.999999974752427e-07 159
1753384364667 9.999999974752427e-07 160
1753384379948 9.999999974752427e-07 161
1753384395531 9.999999974752427e-07 162
1753384410879 9.999999974752427e-07 163
1753384426825 9.999999974752427e-07 164
1753384442060 9.999999974752427e-07 165
1753384458059 9.999999974752427e-07 166
1753384473317 9.999999974752427e-07 167
1753384488799 9.999999974752427e-07 168
1753384504498 9.999999974752427e-07 169
1753384520014 9.999999974752427e-07 170
1753384535370 9.999999974752427e-07 171
1753384550830 9.999999974752427e-07 172
1753384566159 9.999999974752427e-07 173
1753384581735 9.999999974752427e-07 174
1753384597394 9.999999974752427e-07 175
1753384612838 9.999999974752427e-07 176
1753384628367 9.999999974752427e-07 177
1753384643553 9.999999974752427e-07 178
1753384658753 9.999999974752427e-07 179
1753384674107 9.999999974752427e-07 180
1753384689401 9.999999974752427e-07 181
1753384704777 9.999999974752427e-07 182
1753384720009 9.999999974752427e-07 183
1753384735395 9.999999974752427e-07 184
1753384751199 9.999999974752427e-07 185
1753384767182 9.999999974752427e-07 186
1753384782519 9.999999974752427e-07 187
1753384797839 9.999999974752427e-07 188
1753384813119 9.999999974752427e-07 189
1753384828757 9.999999974752427e-07 190
1753384844376 9.999999974752427e-07 191
1753384859639 9.999999974752427e-07 192
1753384874919 9.999999974752427e-07 193
1753384890852 9.999999974752427e-07 194
1753384906253 9.999999974752427e-07 195
1753384921563 9.999999974752427e-07 196
1753384936997 9.999999974752427e-07 197
1753384952715 9.999999974752427e-07 198
1753384968708 9.999999974752427e-07 199
1753384984614 9.999999974752427e-07 200
1753385000374 9.999999974752427e-07 201
1753385015881 9.999999974752427e-07 202
1753385031306 9.999999974752427e-07 203
1753385046564 9.999999974752427e-07 204
1753385061915 9.999999974752427e-07 205
1753385077250 9.999999974752427e-07 206
1753385092527 9.999999974752427e-07 207
1753385108264 9.999999974752427e-07 208
1753385123863 9.999999974752427e-07 209
1753385139646 9.999999974752427e-07 210
1753385154983 9.999999974752427e-07 211
1753385170274 9.999999974752427e-07 212
1753385185706 9.999999974752427e-07 213
1753385201008 9.999999974752427e-07 214
1753385216897 9.999999974752427e-07 215
1753385232419 9.999999974752427e-07 216
1753385247795 9.999999974752427e-07 217
1753385263606 9.999999974752427e-07 218
1753385278919 9.999999974752427e-07 219
1753385294211 9.999999974752427e-07 220
1753385309619 9.999999974752427e-07 221
1753385325070 9.999999974752427e-07 222
1753385340442 9.999999974752427e-07 223
1753385356129 9.999999974752427e-07 224
1753385371730 9.999999974752427e-07 225
1753385387565 9.999999974752427e-07 226
1753385402860 9.999999974752427e-07 227
1753385418210 9.999999974752427e-07 228
1753385433573 9.999999974752427e-07 229
1753385448990 9.999999974752427e-07 230
1753385464235 9.999999974752427e-07 231
1753385479644 9.999999974752427e-07 232
1753385495039 9.999999974752427e-07 233
1753385510694 9.999999974752427e-07 234
1753385526711 9.999999974752427e-07 235
1753385542146 9.999999974752427e-07 236
1753385557427 9.999999974752427e-07 237
1753385572825 9.999999974752427e-07 238
1753385588567 9.999999974752427e-07 239
1753385604062 9.999999974752427e-07 240
1753385619514 9.999999974752427e-07 241
1753385635073 9.999999974752427e-07 242
1753385650480 9.999999974752427e-07 243
1753385666043 9.999999974752427e-07 244
1753385681374 9.999999974752427e-07 245
1753385696858 9.999999974752427e-07 246
1753385712168 9.999999974752427e-07 247
1753385727553 9.999999974752427e-07 248
1753385743377 9.999999974752427e-07 249
1753385759388 9.999999974752427e-07 250
1753385775524 9.999999974752427e-07 251
1753385791134 9.999999974752427e-07 252
1753385806602 9.999999974752427e-07 253
1753385821917 9.999999974752427e-07 254
1753385837214 9.999999974752427e-07 255
1753385852472 9.999999974752427e-07 256
1753385867780 9.999999974752427e-07 257
1753385883439 9.999999974752427e-07 258
1753385899170 9.999999974752427e-07 259
1753385914567 9.999999974752427e-07 260
1753385929990 9.999999974752427e-07 261
1753385945203 9.999999974752427e-07 262
1753385960421 9.999999974752427e-07 263
1753385976329 9.999999974752427e-07 264
1753385991790 9.999999974752427e-07 265
1753386007521 9.999999974752427e-07 266
1753386023298 9.999999974752427e-07 267
1753386038864 9.999999974752427e-07 268
1753386054331 9.999999974752427e-07 269
1753386069676 9.999999974752427e-07 270
1753386085015 9.999999974752427e-07 271
1753386100414 9.999999974752427e-07 272
1753386116265 9.999999974752427e-07 273
1753386131660 9.999999974752427e-07 274
1753386147452 9.999999974752427e-07 275
1753386162894 9.999999974752427e-07 276
1753386178458 9.999999974752427e-07 277
1753386193869 9.999999974752427e-07 278
1753386209176 9.999999974752427e-07 279
1753386224507 9.999999974752427e-07 280
1753386239851 9.999999974752427e-07 281
1753386255273 9.999999974752427e-07 282
1753386270885 9.999999974752427e-07 283
1753386286610 9.999999974752427e-07 284
1753386302198 9.999999974752427e-07 285
1753386317631 9.999999974752427e-07 286
1753386333210 9.999999974752427e-07 287
1753386349109 9.999999974752427e-07 288
1753386364517 9.999999974752427e-07 289
1753386379722 9.999999974752427e-07 290
1753386395102 9.999999974752427e-07 291
1753386410998 9.999999974752427e-07 292
1753386426504 9.999999974752427e-07 293
1753386441942 9.999999974752427e-07 294
1753386457323 9.999999974752427e-07 295
1753386472590 9.999999974752427e-07 296
1753386487860 9.999999974752427e-07 297
1753386503552 9.999999974752427e-07 298
1753386519241 9.999999974752427e-07 299
1753386534614 9.999999974752427e-07 300
