1753337942916 1.0 0
1753337956573 2.0 0
1753337970427 3.0 0
1753337984192 4.0 0
1753337998350 5.0 0
1753338011972 6.0 0
1753338025637 7.0 0
1753338039653 8.0 0
1753338053410 9.0 0
1753338067032 10.0 0
1753338080658 11.0 0
1753338094689 12.0 0
1753338108529 13.0 0
1753338122168 14.0 0
1753338135776 15.0 0
1753338149758 16.0 0
1753338163373 17.0 0
1753338176986 18.0 0
1753338190971 19.0 0
1753338204674 20.0 0
1753338218293 21.0 0
1753338231914 22.0 0
1753338245792 23.0 0
1753338259649 24.0 0
1753338273402 25.0 0
1753338286944 26.0 0
1753338300957 27.0 0
1753338314794 28.0 0
1753338328490 29.0 0
1753338342063 30.0 0
1753338355890 31.0 0
1753338369533 32.0 0
1753338383150 33.0 0
1753338397148 34.0 0
1753338411242 35.0 0
1753338425023 36.0 0
1753338438679 37.0 0
1753338466494 39.0 0
1753338480138 40.0 0
1753338493925 41.0 0
1753338507805 42.0 0
1753338521504 43.0 0
1753338562673 46.0 0
1753338576243 47.0 0
1753338589894 48.0 0
1753338603786 49.0 0
1753338617709 50.0 0
1753338631269 51.0 0
1753338658484 53.0 0
1753338686322 55.0 0
1753338700030 56.0 0
1753338713862 57.0 0
1753338741889 59.0 0
1753338796711 63.0 0
1753338865456 68.0 0
1753338892933 70.0 0
1753338906598 71.0 0
1753338934289 73.0 0
1753338947968 74.0 0
