1753337929944 0.63984 1
1753337945647 0.51436 2
1753337959351 0.43872 3
1753337973192 0.38987 4
1753337986805 0.34981 5
1753338000904 0.31387 6
1753338014624 0.28118 7
1753338028238 0.25209 8
1753338042280 0.22595 9
1753338055986 0.2027 10
1753338069570 0.18222 11
1753338083360 0.16447 12
1753338097410 0.14872 13
1753338111192 0.13491 14
1753338124771 0.12283 15
1753338138412 0.11232 16
1753338152369 0.10311 17
1753338165991 0.09506 18
1753338179629 0.08795 19
1753338193554 0.08164 20
1753338207353 0.0761 21
1753338220947 0.07126 22
1753338234595 0.06688 23
1753338248446 0.06304 24
1753338262337 0.05957 25
1753338276037 0.05642 26
1753338289632 0.05362 27
1753338303613 0.05115 28
1753338317490 0.04893 29
1753338331152 0.04681 30
1753338344666 0.04496 31
1753338358540 0.04322 32
1753338372178 0.04171 33
1753338385777 0.04031 34
1753338399746 0.03898 35
1753338413879 0.03782 36
1753338427727 0.03669 37
1753338441253 0.03569 38
1753338455330 0.03475 39
1753338469121 0.03389 40
1753338482817 0.03308 41
1753338496551 0.03234 42
1753338510440 0.03164 43
1753338524205 0.03101 44
1753338537900 0.03038 45
1753338551501 0.02951 46
1753338565278 0.02845 47
1753338578812 0.02788 48
1753338592509 0.02746 49
1753338606380 0.02699 50
1753338620309 0.02665 51
1753338633848 0.02623 52
1753338647453 0.02596 53
1753338661171 0.02557 54
1753338675314 0.02528 55
1753338688948 0.02504 56
1753338702700 0.02484 57
1753338716595 0.02449 58
1753338730829 0.02425 59
1753338744764 0.02399 60
1753338758302 0.02383 61
1753338772303 0.02354 62
1753338785727 0.0234 63
1753338799342 0.02322 64
1753338813250 0.02302 65
1753338827238 0.02278 66
1753338840802 0.02271 67
1753338854263 0.02253 68
1753338868070 0.02235 69
1753338881965 0.02222 70
1753338895589 0.02208 71
1753338909212 0.0219 72
1753338923044 0.0218 73
1753338936938 0.02164 74
1753338950626 0.02156 75
1753338964208 0.02146 76
1753338978240 0.02131 77
1753338991855 0.02129 78
1753339005552 0.02115 79
1753339019440 0.02099 80
1753339033289 0.02094 81
1753339046840 0.02086 82
1753339060393 0.02076 83
1753339074169 0.02058 84
1753339088172 0.02052 85
1753339101866 0.02045 86
1753339115640 0.02041 87
1753339129616 0.02041 88
1753339143604 0.02037 89
1753339157290 0.02038 90
1753339170845 0.02031 91
1753339184855 0.0203 92
1753339198543 0.02027 93
1753339212018 0.02025 94
1753339225825 0.02025 95
1753339239504 0.02027 96
1753339252989 0.02026 97
1753339266662 0.02023 98
1753339280637 0.02025 99
1753339294504 0.02023 100
1753339308070 0.02021 101
1753339321468 0.02019 102
1753339335326 0.02024 103
1753339349030 0.02021 104
1753339362808 0.02019 105
1753339376452 0.02019 106
1753339390547 0.0202 107
1753339404135 0.02021 108
1753339417691 0.02019 109
1753339431655 0.02019 110
1753339445314 0.02018 111
1753339459036 0.02022 112
1753339473113 0.02019 113
1753339486758 0.02021 114
1753339500725 0.02019 115
1753339514497 0.0202 116
1753339528067 0.02016 117
1753339542044 0.02021 118
1753339555724 0.02021 119
1753339569296 0.02018 120
1753339582950 0.0202 121
1753339596900 0.02021 122
1753339610653 0.02016 123
1753339624126 0.02016 124
1753339637980 0.02018 125
1753339651609 0.0202 126
1753339665186 0.02017 127
1753339678850 0.02021 128
1753339692445 0.02018 129
1753339706104 0.02019 130
1753339719748 0.02021 131
1753339733240 0.0202 132
1753339747004 0.0202 133
1753339760726 0.02022 134
1753339774329 0.0202 135
1753339788432 0.02022 136
1753339802162 0.02017 137
1753339815649 0.0202 138
1753339829438 0.02017 139
1753339843349 0.02018 140
1753339857354 0.02017 141
1753339871041 0.02017 142
1753339884798 0.02019 143
1753339898659 0.02017 144
1753339912252 0.0202 145
1753339925844 0.0202 146
1753339939420 0.02017 147
1753339953245 0.02021 148
1753339967259 0.02021 149
1753339980769 0.02018 150
1753339994524 0.0202 151
1753340008433 0.02017 152
1753340021957 0.02017 153
1753340035503 0.02017 154
1753340049203 0.02018 155
1753340063256 0.0202 156
1753340076905 0.02017 157
1753340090429 0.0202 158
1753340104238 0.02017 159
1753340118082 0.02018 160
1753340131598 0.02017 161
1753340145146 0.02016 162
1753340159009 0.02019 163
1753340172735 0.0202 164
1753340186311 0.02015 165
1753340200305 0.02019 166
1753340214478 0.02019 167
1753340228092 0.02019 168
1753340241766 0.02019 169
1753340255570 0.02017 170
1753340269287 0.02015 171
1753340282945 0.02017 172
1753340296450 0.02019 173
1753340310285 0.02018 174
1753340324313 0.02017 175
1753340337990 0.02017 176
1753340351637 0.02017 177
1753340365601 0.02017 178
1753340379578 0.02016 179
1753340393172 0.02016 180
1753340407076 0.02018 181
1753340420781 0.02018 182
1753340434262 0.02017 183
1753340447923 0.02021 184
1753340461917 0.02014 185
1753340476029 0.02017 186
1753340489679 0.02018 187
1753340503377 0.0202 188
1753340517115 0.0202 189
1753340530707 0.02015 190
1753340544253 0.02019 191
1753340557884 0.02018 192
1753340571752 0.02017 193
1753340585409 0.02018 194
1753340599165 0.02016 195
1753340613279 0.02016 196
1753340626809 0.02018 197
1753340640518 0.02018 198
1753340654052 0.02016 199
1753340667543 0.02017 200
1753340681392 0.02016 201
1753340694910 0.02016 202
1753340708572 0.02016 203
1753340722280 0.02016 204
1753340735782 0.0202 205
1753340749432 0.02017 206
1753340762963 0.02016 207
1753340776880 0.02021 208
1753340790557 0.02016 209
1753340804076 0.02018 210
1753340818105 0.02015 211
1753340831815 0.02017 212
1753340845229 0.02016 213
1753340858914 0.02018 214
1753340872708 0.02017 215
1753340886731 0.02014 216
1753340900709 0.02016 217
1753340914200 0.02017 218
1753340927894 0.02015 219
1753340941908 0.02015 220
1753340955668 0.02016 221
1753340969383 0.02021 222
1753340983198 0.02018 223
1753340996827 0.02019 224
1753341010459 0.02016 225
1753341024306 0.02014 226
1753341038221 0.02015 227
1753341051996 0.02016 228
1753341065643 0.02017 229
1753341079505 0.02017 230
1753341093344 0.02014 231
1753341106977 0.02014 232
1753341120528 0.02015 233
1753341134227 0.02017 234
1753341148082 0.02017 235
1753341161602 0.02016 236
1753341175561 0.02014 237
1753341189499 0.02017 238
1753341203005 0.02019 239
1753341216780 0.02013 240
1753341230672 0.02019 241
1753341244418 0.02014 242
1753341258492 0.02016 243
1753341272200 0.02015 244
1753341286164 0.02015 245
1753341299921 0.02015 246
1753341313740 0.02015 247
1753341327528 0.02014 248
1753341341327 0.02015 249
1753341355245 0.02017 250
1753341368899 0.0202 251
1753341382806 0.02018 252
1753341396687 0.02015 253
1753341410233 0.02017 254
1753341424129 0.02012 255
1753341437954 0.02015 256
1753341451899 0.02017 257
1753341465929 0.02015 258
1753341479672 0.02016 259
1753341493484 0.02012 260
1753341507496 0.02015 261
1753341521263 0.02013 262
1753341534959 0.02015 263
1753341549144 0.02014 264
1753341562911 0.02016 265
1753341576483 0.02017 266
1753341590219 0.02015 267
1753341604129 0.02013 268
1753341617803 0.02014 269
1753341631315 0.02016 270
1753341645118 0.02015 271
1753341659055 0.02009 272
1753341672965 0.02017 273
1753341686624 0.02014 274
1753341700604 0.02016 275
1753341714575 0.0202 276
1753341728100 0.02014 277
1753341741662 0.02011 278
1753341755443 0.02013 279
1753341769497 0.02011 280
1753341783218 0.02013 281
1753341797120 0.02014 282
1753341810859 0.02016 283
1753341824840 0.02015 284
1753341838393 0.02013 285
1753341852120 0.02012 286
1753341865887 0.02014 287
1753341879972 0.02015 288
1753341893620 0.02014 289
1753341907260 0.02015 290
1753341921477 0.02014 291
1753341935231 0.02013 292
1753341948721 0.02014 293
1753341962535 0.02013 294
1753341976352 0.02012 295
1753341990296 0.02012 296
1753342003998 0.02017 297
1753342017863 0.02015 298
1753342031818 0.02013 299
1753342045361 0.02012 300
