1753337942921 0.0010000000474974513 1
1753337956578 0.0010000000474974513 2
1753337970432 0.0010000000474974513 3
1753337984196 0.0010000000474974513 4
1753337998354 0.0010000000474974513 5
1753338011976 0.0010000000474974513 6
1753338025642 0.0010000000474974513 7
1753338039657 0.0010000000474974513 8
1753338053414 0.0010000000474974513 9
1753338067036 0.0010000000474974513 10
1753338080663 0.0010000000474974513 11
1753338094694 0.0010000000474974513 12
1753338108533 0.0010000000474974513 13
1753338122172 0.0010000000474974513 14
1753338135781 0.0010000000474974513 15
1753338149762 0.0010000000474974513 16
1753338163378 0.0010000000474974513 17
1753338176991 0.0010000000474974513 18
1753338190975 0.0010000000474974513 19
1753338204678 0.0010000000474974513 20
1753338218297 0.0010000000474974513 21
1753338231918 0.0010000000474974513 22
1753338245796 0.0010000000474974513 23
1753338259653 0.0010000000474974513 24
1753338273407 0.0010000000474974513 25
1753338286948 0.0010000000474974513 26
1753338300961 0.0010000000474974513 27
1753338314799 0.0010000000474974513 28
1753338328494 0.0010000000474974513 29
1753338342067 0.0010000000474974513 30
1753338355894 0.0010000000474974513 31
1753338369537 0.0010000000474974513 32
1753338383154 0.0010000000474974513 33
1753338397152 0.0010000000474974513 34
1753338411246 0.0010000000474974513 35
1753338425027 0.0010000000474974513 36
1753338438684 0.0010000000474974513 37
1753338452640 0.0010000000474974513 38
1753338466499 0.0010000000474974513 39
1753338480143 0.0010000000474974513 40
1753338493929 0.0010000000474974513 41
1753338507810 0.0010000000474974513 42
1753338521509 0.0010000000474974513 43
1753338535234 0.0010000000474974513 44
1753338548889 0.0010000000474974513 45
1753338562678 0.0010000000474974513 46
1753338576247 0.0010000000474974513 47
1753338589900 0.0010000000474974513 48
1753338603790 0.0010000000474974513 49
1753338617714 0.0010000000474974513 50
1753338631274 0.0010000000474974513 51
1753338644826 0.0010000000474974513 52
1753338658488 0.0010000000474974513 53
1753338672654 0.0010000000474974513 54
1753338686326 0.0010000000474974513 55
1753338700034 0.0010000000474974513 56
1753338713866 0.0010000000474974513 57
1753338727792 0.0010000000474974513 58
1753338741893 0.0010000000474974513 59
1753338755642 0.0010000000474974513 60
1753338769707 0.0010000000474974513 61
1753338783103 0.0010000000474974513 62
1753338796716 0.0010000000474974513 63
1753338810617 0.0010000000474974513 64
1753338824577 0.0010000000474974513 65
1753338838147 0.0010000000474974513 66
1753338851671 0.0010000000474974513 67
1753338865461 0.0010000000474974513 68
1753338879281 0.0010000000474974513 69
1753338892937 0.0010000000474974513 70
1753338906603 0.0010000000474974513 71
1753338920473 0.0010000000474974513 72
1753338934293 0.0010000000474974513 73
1753338947972 0.0010000000474974513 74
1753338961575 0.0010000000474974513 75
1753338975584 0.0010000000474974513 76
1753338989281 0.0010000000474974513 77
1753339002834 0.0010000000474974513 78
1753339016836 0.0010000000474974513 79
1753339030632 0.0010000000474974513 80
1753339044174 0.0010000000474974513 81
1753339057805 0.0010000000474974513 82
1753339071513 0.00020000000949949026 83
1753339085480 0.00020000000949949026 84
1753339099190 0.00020000000949949026 85
1753339113038 0.00020000000949949026 86
1753339126982 0.00020000000949949026 87
1753339140873 0.00020000000949949026 88
1753339154673 0.00020000000949949026 89
1753339168161 0.00020000000949949026 90
1753339182228 0.00020000000949949026 91
1753339195885 4.0000002627493814e-05 92
1753339209340 4.0000002627493814e-05 93
1753339223113 4.0000002627493814e-05 94
1753339236863 4.0000002627493814e-05 95
1753339250380 4.0000002627493814e-05 96
1753339263991 4.0000002627493814e-05 97
1753339278049 4.0000002627493814e-05 98
1753339291817 4.0000002627493814e-05 99
1753339305384 4.0000002627493814e-05 100
1753339318872 8.000000889296643e-06 101
1753339332648 8.000000889296643e-06 102
1753339346409 8.000000889296643e-06 103
1753339360155 8.000000889296643e-06 104
1753339373820 8.000000889296643e-06 105
1753339387879 8.000000889296643e-06 106
1753339401521 8.000000889296643e-06 107
1753339415086 8.000000889296643e-06 108
1753339429010 8.000000889296643e-06 109
1753339442651 1.6000001323845936e-06 110
1753339456302 1.6000001323845936e-06 111
1753339470115 1.6000001323845936e-06 112
1753339483998 1.6000001323845936e-06 113
1753339498091 1.6000001323845936e-06 114
1753339511814 1.6000001323845936e-06 115
1753339525458 1.6000001323845936e-06 116
1753339539391 1.6000001323845936e-06 117
1753339553056 1.6000001323845936e-06 118
1753339566607 9.999999974752427e-07 119
1753339580279 9.999999974752427e-07 120
1753339594343 9.999999974752427e-07 121
1753339608001 9.999999974752427e-07 122
1753339621622 9.999999974752427e-07 123
1753339635356 9.999999974752427e-07 124
1753339648967 9.999999974752427e-07 125
1753339662597 9.999999974752427e-07 126
1753339676189 9.999999974752427e-07 127
1753339689794 9.999999974752427e-07 128
1753339703526 9.999999974752427e-07 129
1753339717072 9.999999974752427e-07 130
1753339730602 9.999999974752427e-07 131
1753339744363 9.999999974752427e-07 132
1753339757989 9.999999974752427e-07 133
1753339771731 9.999999974752427e-07 134
1753339785769 9.999999974752427e-07 135
1753339799579 9.999999974752427e-07 136
1753339813051 9.999999974752427e-07 137
1753339826784 9.999999974752427e-07 138
1753339840692 9.999999974752427e-07 139
1753339854747 9.999999974752427e-07 140
1753339868451 9.999999974752427e-07 141
1753339882151 9.999999974752427e-07 142
1753339896005 9.999999974752427e-07 143
1753339909693 9.999999974752427e-07 144
1753339923238 9.999999974752427e-07 145
1753339936837 9.999999974752427e-07 146
1753339950502 9.999999974752427e-07 147
1753339964661 9.999999974752427e-07 148
1753339978102 9.999999974752427e-07 149
1753339991904 9.999999974752427e-07 150
1753340005764 9.999999974752427e-07 151
1753340019256 9.999999974752427e-07 152
1753340032922 9.999999974752427e-07 153
1753340046587 9.999999974752427e-07 154
1753340060598 9.999999974752427e-07 155
1753340074224 9.999999974752427e-07 156
1753340087831 9.999999974752427e-07 157
1753340101592 9.999999974752427e-07 158
1753340115370 9.999999974752427e-07 159
1753340128957 9.999999974752427e-07 160
1753340142550 9.999999974752427e-07 161
1753340156441 9.999999974752427e-07 162
1753340170108 9.999999974752427e-07 163
1753340183682 9.999999974752427e-07 164
1753340197639 9.999999974752427e-07 165
1753340211628 9.999999974752427e-07 166
1753340225408 9.999999974752427e-07 167
1753340239085 9.999999974752427e-07 168
1753340252941 9.999999974752427e-07 169
1753340266786 9.999999974752427e-07 170
1753340280319 9.999999974752427e-07 171
1753340293767 9.999999974752427e-07 172
1753340307717 9.999999974752427e-07 173
1753340321622 9.999999974752427e-07 174
1753340335384 9.999999974752427e-07 175
1753340348986 9.999999974752427e-07 176
1753340362940 9.999999974752427e-07 177
1753340376889 9.999999974752427e-07 178
1753340390516 9.999999974752427e-07 179
1753340404414 9.999999974752427e-07 180
1753340418171 9.999999974752427e-07 181
1753340431616 9.999999974752427e-07 182
1753340445307 9.999999974752427e-07 183
1753340459321 9.999999974752427e-07 184
1753340473377 9.999999974752427e-07 185
1753340487007 9.999999974752427e-07 186
1753340500684 9.999999974752427e-07 187
1753340514515 9.999999974752427e-07 188
1753340528121 9.999999974752427e-07 189
1753340541638 9.999999974752427e-07 190
1753340555228 9.999999974752427e-07 191
1753340569186 9.999999974752427e-07 192
1753340582823 9.999999974752427e-07 193
1753340596538 9.999999974752427e-07 194
1753340610612 9.999999974752427e-07 195
1753340624200 9.999999974752427e-07 196
1753340637875 9.999999974752427e-07 197
1753340651430 9.999999974752427e-07 198
1753340664909 9.999999974752427e-07 199
1753340678705 9.999999974752427e-07 200
1753340692297 9.999999974752427e-07 201
1753340705838 9.999999974752427e-07 202
1753340719656 9.999999974752427e-07 203
1753340733174 9.999999974752427e-07 204
1753340746804 9.999999974752427e-07 205
1753340760275 9.999999974752427e-07 206
1753340774243 9.999999974752427e-07 207
1753340787945 9.999999974752427e-07 208
1753340801332 9.999999974752427e-07 209
1753340815485 9.999999974752427e-07 210
1753340829221 9.999999974752427e-07 211
1753340842631 9.999999974752427e-07 212
1753340856214 9.999999974752427e-07 213
1753340870055 9.999999974752427e-07 214
1753340884090 9.999999974752427e-07 215
1753340898032 9.999999974752427e-07 216
1753340911563 9.999999974752427e-07 217
1753340925286 9.999999974752427e-07 218
1753340939334 9.999999974752427e-07 219
1753340952840 9.999999974752427e-07 220
1753340966688 9.999999974752427e-07 221
1753340980592 9.999999974752427e-07 222
1753340994252 9.999999974752427e-07 223
1753341007918 9.999999974752427e-07 224
1753341021675 9.999999974752427e-07 225
1753341035658 9.999999974752427e-07 226
1753341049353 9.999999974752427e-07 227
1753341062967 9.999999974752427e-07 228
1753341076889 9.999999974752427e-07 229
1753341090740 9.999999974752427e-07 230
1753341104327 9.999999974752427e-07 231
1753341117865 9.999999974752427e-07 232
1753341131609 9.999999974752427e-07 233
1753341145512 9.999999974752427e-07 234
1753341158984 9.999999974752427e-07 235
1753341172895 9.999999974752427e-07 236
1753341186883 9.999999974752427e-07 237
1753341200487 9.999999974752427e-07 238
1753341214096 9.999999974752427e-07 239
1753341228011 9.999999974752427e-07 240
1753341241798 9.999999974752427e-07 241
1753341255888 9.999999974752427e-07 242
1753341269508 9.999999974752427e-07 243
1753341283486 9.999999974752427e-07 244
1753341297318 9.999999974752427e-07 245
1753341311118 9.999999974752427e-07 246
1753341324878 9.999999974752427e-07 247
1753341338678 9.999999974752427e-07 248
1753341352657 9.999999974752427e-07 249
1753341366216 9.999999974752427e-07 250
1753341380139 9.999999974752427e-07 251
1753341394076 9.999999974752427e-07 252
1753341407684 9.999999974752427e-07 253
1753341421462 9.999999974752427e-07 254
1753341435335 9.999999974752427e-07 255
1753341449214 9.999999974752427e-07 256
1753341463271 9.999999974752427e-07 257
1753341476988 9.999999974752427e-07 258
1753341490876 9.999999974752427e-07 259
1753341504851 9.999999974752427e-07 260
1753341518650 9.999999974752427e-07 261
1753341532325 9.999999974752427e-07 262
1753341546473 9.999999974752427e-07 263
1753341560290 9.999999974752427e-07 264
1753341573896 9.999999974752427e-07 265
1753341587563 9.999999974752427e-07 266
1753341601559 9.999999974752427e-07 267
1753341615199 9.999999974752427e-07 268
1753341628754 9.999999974752427e-07 269
1753341642495 9.999999974752427e-07 270
1753341656429 9.999999974752427e-07 271
1753341670317 9.999999974752427e-07 272
1753341683980 9.999999974752427e-07 273
1753341697737 9.999999974752427e-07 274
1753341711897 9.999999974752427e-07 275
1753341725426 9.999999974752427e-07 276
1753341739088 9.999999974752427e-07 277
1753341752840 9.999999974752427e-07 278
1753341766823 9.999999974752427e-07 279
1753341780574 9.999999974752427e-07 280
1753341794580 9.999999974752427e-07 281
1753341808238 9.999999974752427e-07 282
1753341822275 9.999999974752427e-07 283
1753341835774 9.999999974752427e-07 284
1753341849566 9.999999974752427e-07 285
1753341863258 9.999999974752427e-07 286
1753341877346 9.999999974752427e-07 287
1753341891018 9.999999974752427e-07 288
1753341904668 9.999999974752427e-07 289
1753341918853 9.999999974752427e-07 290
1753341932550 9.999999974752427e-07 291
1753341946082 9.999999974752427e-07 292
1753341959946 9.999999974752427e-07 293
1753341973667 9.999999974752427e-07 294
1753341987698 9.999999974752427e-07 295
1753342001387 9.999999974752427e-07 296
1753342015277 9.999999974752427e-07 297
1753342029179 9.999999974752427e-07 298
1753342042802 9.999999974752427e-07 299
1753342056539 9.999999974752427e-07 300
