1753261342168 1.0 0
1753261363301 2.0 0
1753261384695 3.0 0
1753261405675 4.0 0
1753261426732 5.0 0
1753261448000 6.0 0
1753261469050 7.0 0
1753261490189 8.0 0
1753261511436 9.0 0
1753261532875 10.0 0
1753261553985 11.0 0
1753261575253 12.0 0
1753261596767 13.0 0
1753261617930 14.0 0
1753261638973 15.0 0
1753261660095 16.0 0
1753261681174 17.0 0
1753261702619 18.0 0
1753261723984 19.0 0
1753261766368 21.0 0
1753261787615 22.0 0
1753261808872 23.0 0
1753261851146 25.0 0
1753261872564 26.0 0
1753261893659 27.0 0
1753261957242 30.0 0
1753261999495 32.0 0
1753262020718 33.0 0
1753262042142 34.0 0
1753262084747 36.0 0
1753262637760 62.0 0
