1753261328026 0.55168 1
1753261349631 0.40829 2
1753261370707 0.31219 3
1753261392093 0.23635 4
1753261413082 0.17941 5
1753261434114 0.13808 6
1753261455446 0.10885 7
1753261476393 0.08788 8
1753261497517 0.07271 9
1753261518773 0.06164 10
1753261540192 0.05351 11
1753261561325 0.04718 12
1753261582637 0.04178 13
1753261604127 0.03781 14
1753261625271 0.0348 15
1753261646350 0.03239 16
1753261667509 0.03053 17
1753261688554 0.02895 18
1753261710022 0.02766 19
1753261731426 0.02663 20
1753261752462 0.02571 21
1753261773783 0.02493 22
1753261795082 0.02426 23
1753261816307 0.02368 24
1753261837431 0.02317 25
1753261858572 0.02273 26
1753261879970 0.02239 27
1753261901050 0.02201 28
1753261922163 0.02168 29
1753261943617 0.02145 30
1753261964674 0.02126 31
1753261985664 0.02097 32
1753262006919 0.02076 33
1753262028151 0.02064 34
1753262049566 0.02039 35
1753262070820 0.02024 36
1753262092154 0.02016 37
1753262113510 0.01997 38
1753262134734 0.01988 39
1753262155935 0.01979 40
1753262177222 0.01966 41
1753262198460 0.01954 42
1753262219889 0.01945 43
1753262241279 0.01939 44
1753262262386 0.01925 45
1753262283853 0.01924 46
1753262305084 0.01915 47
1753262326277 0.01909 48
1753262347342 0.01902 49
1753262368623 0.01898 50
1753262389951 0.01894 51
1753262411289 0.01884 52
1753262432773 0.0188 53
1753262454104 0.01875 54
1753262475384 0.01874 55
1753262496646 0.01869 56
1753262517970 0.01867 57
1753262539187 0.01862 58
1753262560571 0.01865 59
1753262581700 0.0186 60
1753262602555 0.01854 61
1753262623871 0.01868 62
1753262645147 0.01843 63
1753262666265 0.01851 64
1753262687562 0.01844 65
1753262709013 0.01837 66
1753262729966 0.01835 67
1753262751299 0.01828 68
1753262772723 0.0183 69
1753262794051 0.01837 70
1753262815382 0.01823 71
1753262836444 0.01824 72
1753262856904 0.01822 73
1753262878249 0.01818 74
1753262899416 0.01821 75
1753262920389 0.01827 76
1753262941899 0.0181 77
1753262963089 0.01811 78
1753262984351 0.0181 79
1753263005511 0.01803 80
1753263026718 0.018 81
1753263048057 0.01801 82
1753263069356 0.018 83
1753263090526 0.01798 84
1753263111413 0.01795 85
1753263132359 0.01798 86
1753263153491 0.01816 87
1753263174454 0.01798 88
1753263195384 0.01789 89
1753263216445 0.01791 90
1753263237451 0.01789 91
1753263258464 0.01791 92
1753263279475 0.0179 93
1753263300018 0.01782 94
1753263321170 0.01781 95
1753263342102 0.01782 96
1753263363020 0.01786 97
1753263384152 0.01781 98
1753263405155 0.01777 99
1753263426147 0.01773 100
1753263447362 0.01772 101
1753263468336 0.01772 102
1753263489339 0.0178 103
1753263510473 0.01775 104
1753263531468 0.01777 105
1753263552657 0.01787 106
1753263573603 0.01778 107
1753263594501 0.01771 108
1753263615586 0.01768 109
1753263636695 0.01764 110
1753263657440 0.01769 111
1753263678018 0.01763 112
1753263698660 0.01772 113
1753263719047 0.01769 114
1753263739666 0.01763 115
1753263760758 0.01766 116
1753263781731 0.01763 117
1753263802734 0.0176 118
1753263823705 0.0176 119
1753263844873 0.01769 120
1753263865450 0.01766 121
1753263886045 0.01755 122
1753263906709 0.01757 123
1753263927786 0.01758 124
1753263948934 0.01761 125
1753263970120 0.01758 126
1753263991383 0.01768 127
1753264012736 0.01796 128
1753264033707 0.01763 129
1753264054880 0.01753 130
1753264075967 0.0175 131
1753264096912 0.01751 132
1753264117595 0.01754 133
1753264137901 0.01751 134
1753264159034 0.01747 135
1753264180297 0.01744 136
1753264201502 0.01747 137
1753264222664 0.01743 138
1753264243537 0.01747 139
1753264264130 0.01741 140
1753264285138 0.01746 141
1753264306361 0.01744 142
1753264327492 0.01754 143
1753264348473 0.01745 144
1753264369729 0.01738 145
1753264390892 0.0174 146
1753264411950 0.01739 147
1753264433005 0.01743 148
1753264454102 0.01743 149
1753264475323 0.01741 150
1753264496450 0.01737 151
1753264517541 0.01732 152
1753264538696 0.01739 153
1753264559799 0.01746 154
1753264580899 0.01737 155
1753264602004 0.01741 156
1753264623346 0.01751 157
1753264644561 0.01736 158
1753264665758 0.01735 159
1753264687026 0.01736 160
1753264708231 0.01747 161
1753264729266 0.01734 162
1753264750291 0.01735 163
1753264770977 0.01746 164
1753264791601 0.01738 165
1753264812296 0.01729 166
1753264832904 0.0173 167
1753264853705 0.01724 168
1753264874443 0.01725 169
1753264895074 0.01731 170
1753264916176 0.01746 171
1753264937310 0.01733 172
1753264958513 0.01737 173
1753264979037 0.01732 174
1753264999814 0.01731 175
1753265020547 0.01729 176
1753265041193 0.01726 177
1753265061963 0.0172 178
1753265083114 0.01719 179
1753265104656 0.01718 180
1753265126315 0.01721 181
1753265147993 0.01728 182
1753265169488 0.01732 183
1753265191072 0.01722 184
1753265212786 0.01718 185
1753265234190 0.01718 186
1753265255584 0.01723 187
1753265277554 0.01718 188
1753265299092 0.01734 189
1753265320837 0.01717 190
1753265342578 0.01717 191
1753265364304 0.01724 192
1753265386063 0.01729 193
1753265407443 0.01749 194
1753265428751 0.01715 195
1753265450414 0.01717 196
1753265471950 0.01715 197
1753265493377 0.01717 198
1753265514995 0.01711 199
1753265536547 0.01713 200
1753265557945 0.01718 201
1753265579310 0.01715 202
1753265601015 0.01713 203
1753265622395 0.01716 204
1753265643918 0.0172 205
1753265665513 0.01711 206
1753265686850 0.01706 207
1753265708478 0.01718 208
1753265730052 0.0171 209
1753265751564 0.01717 210
1753265773572 0.01727 211
1753265795173 0.0171 212
1753265816762 0.01713 213
1753265838543 0.01714 214
1753265860084 0.01715 215
1753265881455 0.0171 216
1753265902835 0.01706 217
1753265924471 0.0171 218
1753265945998 0.01713 219
1753265967665 0.01708 220
1753265989317 0.01708 221
1753266010819 0.01704 222
1753266032551 0.01704 223
1753266053749 0.01705 224
1753266075573 0.01702 225
1753266096975 0.01716 226
1753266118052 0.01705 227
1753266139175 0.01705 228
1753266160463 0.01701 229
1753266181591 0.01704 230
1753266203060 0.01706 231
1753266224351 0.01706 232
1753266245335 0.01702 233
1753266266403 0.01732 234
1753266287655 0.01703 235
1753266308702 0.01702 236
1753266329990 0.01699 237
1753266351093 0.01703 238
1753266372154 0.01717 239
1753266393384 0.0173 240
1753266414474 0.01709 241
1753266435585 0.01706 242
1753266456657 0.01699 243
1753266477884 0.01699 244
1753266499147 0.01699 245
1753266520203 0.01698 246
1753266541431 0.01703 247
1753266562731 0.01701 248
1753266583834 0.01698 249
1753266605053 0.01699 250
1753266626373 0.01697 251
1753266647723 0.01694 252
1753266668844 0.01694 253
1753266689938 0.01699 254
1753266711156 0.01692 255
1753266732302 0.01704 256
1753266753305 0.01699 257
1753266774493 0.01694 258
1753266795545 0.01696 259
1753266816529 0.01706 260
1753266837460 0.01701 261
1753266858626 0.01692 262
1753266879784 0.01693 263
1753266900832 0.01698 264
1753266921337 0.01691 265
1753266942020 0.01693 266
1753266962821 0.01695 267
1753266983417 0.0169 268
1753267004609 0.01694 269
1753267025889 0.01688 270
1753267046967 0.01692 271
1753267067985 0.01698 272
1753267089253 0.01693 273
1753267110420 0.01692 274
1753267131681 0.01688 275
1753267152874 0.01686 276
1753267174095 0.01689 277
1753267195666 0.01692 278
1753267216841 0.01692 279
1753267237970 0.01691 280
1753267259326 0.01695 281
1753267280575 0.0169 282
1753267301378 0.01693 283
1753267321999 0.01693 284
1753267343279 0.01687 285
1753267364312 0.01685 286
1753267385347 0.0169 287
1753267406328 0.01693 288
1753267427600 0.01693 289
1753267448664 0.01696 290
1753267469742 0.01688 291
1753267490841 0.01688 292
1753267511788 0.01686 293
1753267532338 0.01688 294
1753267553040 0.01684 295
1753267573802 0.01685 296
1753267594470 0.01711 297
1753267615047 0.01691 298
1753267635817 0.01698 299
1753267656970 0.01691 300
