1753355732855 1.0 0
1753355751346 2.0 0
1753355770232 3.0 0
1753355789062 4.0 0
1753355807742 5.0 0
1753355827069 6.0 0
1753355845610 7.0 0
1753355864327 8.0 0
1753355883608 9.0 0
1753355902219 10.0 0
1753355921561 11.0 0
1753355940396 12.0 0
1753355959240 13.0 0
1753355978142 14.0 0
1753355997319 15.0 0
1753356016391 16.0 0
1753356035166 17.0 0
1753356053869 18.0 0
1753356072970 19.0 0
1753356091855 20.0 0
1753356110649 21.0 0
1753356129581 22.0 0
1753356148315 23.0 0
1753356167429 24.0 0
1753356186315 25.0 0
1753356204970 26.0 0
1753356223312 27.0 0
1753356241875 28.0 0
1753356278674 30.0 0
1753356297655 31.0 0
1753356316852 32.0 0
1753356335838 33.0 0
1753356355076 34.0 0
1753356373493 35.0 0
1753356392155 36.0 0
1753356410721 37.0 0
1753356429450 38.0 0
1753356448231 39.0 0
1753356466954 40.0 0
1753356485590 41.0 0
1753356503928 42.0 0
1753356560675 45.0 0
1753356579385 46.0 0
1753356692146 52.0 0
1753356806682 58.0 0
1753356825571 59.0 0
1753356863990 61.0 0
1753356958882 66.0 0
1753357127367 75.0 0
