1753355718106 0.6118 1
1753355737596 0.53856 2
1753355756345 0.46048 3
1753355774961 0.39244 4
1753355793798 0.33483 5
1753355812495 0.28481 6
1753355831842 0.24197 7
1753355850450 0.20585 8
1753355869096 0.17586 9
1753355888350 0.15117 10
1753355907071 0.13086 11
1753355926407 0.11425 12
1753355945178 0.10061 13
1753355963964 0.08934 14
1753355982938 0.07998 15
1753356002102 0.07089 16
1753356021208 0.06265 17
1753356040008 0.05715 18
1753356058624 0.05265 19
1753356077785 0.0488 20
1753356096660 0.04559 21
1753356115439 0.04278 22
1753356134320 0.04037 23
1753356153087 0.03829 24
1753356172182 0.03649 25
1753356191095 0.03488 26
1753356209752 0.0335 27
1753356228128 0.03224 28
1753356246703 0.03118 29
1753356265230 0.03021 30
1753356283478 0.02928 31
1753356302506 0.02848 32
1753356321603 0.02775 33
1753356340569 0.02709 34
1753356359912 0.0265 35
1753356378286 0.02596 36
1753356396877 0.02548 37
1753356415496 0.02503 38
1753356434303 0.02462 39
1753356453059 0.02422 40
1753356471726 0.02388 41
1753356490436 0.02355 42
1753356508778 0.02322 43
1753356527935 0.02296 44
1753356546802 0.0227 45
1753356565473 0.02244 46
1753356584234 0.02221 47
1753356603051 0.02202 48
1753356621399 0.02181 49
1753356640164 0.02165 50
1753356659051 0.02146 51
1753356678125 0.02126 52
1753356697009 0.02111 53
1753356715711 0.02097 54
1753356734674 0.02084 55
1753356753608 0.0207 56
1753356772951 0.0206 57
1753356792342 0.02046 58
1753356811489 0.02039 59
1753356830357 0.02023 60
1753356849693 0.02014 61
1753356868856 0.02008 62
1753356887732 0.01998 63
1753356906764 0.01985 64
1753356925911 0.01978 65
1753356944815 0.01968 66
1753356963622 0.01963 67
1753356982734 0.01954 68
1753357001308 0.01947 69
1753357020044 0.01941 70
1753357039115 0.01935 71
1753357057452 0.0193 72
1753357076075 0.01928 73
1753357094835 0.0192 74
1753357113597 0.01914 75
1753357132213 0.01911 76
1753357151167 0.01899 77
1753357169899 0.01897 78
1753357188990 0.0189 79
1753357207837 0.01885 80
1753357226553 0.01882 81
1753357245170 0.0188 82
1753357263699 0.01874 83
1753357282184 0.01872 84
1753357300714 0.01851 85
1753357319454 0.01843 86
1753357337881 0.01844 87
1753357356304 0.01843 88
1753357374796 0.01842 89
1753357393546 0.01838 90
1753357412258 0.01836 91
1753357431304 0.01834 92
1753357450848 0.01835 93
1753357469885 0.01829 94
1753357488598 0.01827 95
1753357507885 0.01828 96
1753357526311 0.01826 97
1753357544979 0.01827 98
1753357563948 0.01825 99
1753357582302 0.01826 100
1753357600923 0.01826 101
1753357619303 0.01828 102
1753357637640 0.01825 103
1753357656580 0.01828 104
1753357675464 0.01825 105
1753357694524 0.01825 106
1753357712973 0.01828 107
1753357731595 0.01824 108
1753357749889 0.01824 109
1753357768483 0.01826 110
1753357787064 0.01822 111
1753357805788 0.01825 112
1753357824322 0.01823 113
1753357842734 0.01825 114
1753357861503 0.01824 115
1753357880485 0.01824 116
1753357898991 0.01824 117
1753357917464 0.01823 118
1753357936691 0.01826 119
1753357955151 0.01824 120
1753357974503 0.01824 121
1753357993502 0.01825 122
1753358012427 0.01825 123
1753358031089 0.01823 124
1753358050090 0.01826 125
1753358068579 0.01823 126
1753358087183 0.01826 127
1753358105977 0.01823 128
1753358124846 0.01821 129
1753358143879 0.01823 130
1753358162325 0.01824 131
1753358181337 0.01824 132
1753358199697 0.01825 133
1753358218442 0.01824 134
1753358237233 0.01822 135
1753358256078 0.01821 136
1753358275139 0.01822 137
1753358294362 0.01824 138
1753358313265 0.01825 139
1753358332022 0.01824 140
1753358350676 0.01824 141
1753358369370 0.01824 142
1753358388552 0.01825 143
1753358407729 0.01824 144
1753358426122 0.01824 145
1753358445310 0.01823 146
1753358464856 0.01823 147
1753358483786 0.01825 148
1753358502942 0.01822 149
1753358521973 0.01822 150
1753358540758 0.01824 151
1753358560148 0.01824 152
1753358579107 0.01827 153
1753358597758 0.01822 154
1753358616791 0.01822 155
1753358636037 0.01821 156
1753358655460 0.01824 157
1753358674366 0.01825 158
1753358693809 0.01823 159
1753358713241 0.01823 160
1753358732426 0.01822 161
1753358751292 0.01824 162
1753358769765 0.01822 163
1753358788651 0.01823 164
1753358807472 0.01824 165
1753358826484 0.01822 166
1753358845158 0.01822 167
1753358864057 0.01822 168
1753358883462 0.01823 169
1753358902511 0.01821 170
1753358921273 0.01824 171
1753358940402 0.01821 172
1753358959210 0.01822 173
1753358978168 0.01823 174
1753358997093 0.0182 175
1753359015785 0.01823 176
1753359034750 0.01822 177
1753359054092 0.01823 178
1753359072615 0.01827 179
1753359091787 0.01822 180
1753359110715 0.01823 181
1753359129501 0.01823 182
1753359148133 0.01824 183
1753359166600 0.0182 184
1753359185390 0.01824 185
1753359204179 0.01821 186
1753359222938 0.01823 187
1753359242202 0.01825 188
1753359261513 0.0182 189
1753359280487 0.01821 190
1753359299509 0.01822 191
1753359318255 0.01824 192
1753359337265 0.01822 193
1753359356435 0.01822 194
1753359375013 0.01822 195
1753359393957 0.01821 196
1753359412839 0.01822 197
1753359431645 0.01823 198
1753359450553 0.01821 199
1753359469740 0.01824 200
1753359487998 0.0182 201
1753359506806 0.01821 202
1753359525446 0.01822 203
1753359544083 0.01822 204
1753359562851 0.01822 205
1753359581380 0.01824 206
1753359600497 0.0182 207
1753359619550 0.01823 208
1753359639039 0.01823 209
1753359658278 0.01822 210
1753359677378 0.0182 211
1753359695924 0.01822 212
1753359714530 0.01825 213
1753359733465 0.01823 214
1753359752062 0.01824 215
1753359771272 0.0182 216
1753359789775 0.01821 217
1753359808558 0.01821 218
1753359827667 0.0182 219
1753359845921 0.01823 220
1753359864789 0.01822 221
1753359883767 0.01819 222
1753359902568 0.0182 223
1753359921821 0.01823 224
1753359940650 0.01822 225
1753359959533 0.01823 226
1753359978042 0.01823 227
1753359996820 0.01822 228
1753360016096 0.01821 229
1753360035212 0.01822 230
1753360054149 0.01821 231
1753360072669 0.01823 232
1753360091705 0.01823 233
1753360110655 0.01824 234
1753360129425 0.01824 235
1753360148170 0.01823 236
1753360167077 0.01822 237
1753360186216 0.01821 238
1753360205077 0.01823 239
1753360224377 0.01819 240
1753360243267 0.01822 241
1753360262804 0.01819 242
1753360281423 0.01821 243
1753360300740 0.01822 244
1753360319508 0.01823 245
1753360338780 0.01822 246
1753360358048 0.01821 247
1753360377054 0.01819 248
1753360396235 0.01824 249
1753360415674 0.01819 250
1753360434843 0.0182 251
1753360453730 0.01821 252
1753360472437 0.01818 253
1753360491689 0.0182 254
1753360510972 0.01822 255
1753360530485 0.01823 256
1753360549096 0.01819 257
1753360567242 0.01824 258
1753360586205 0.01821 259
1753360605568 0.01823 260
1753360624452 0.01822 261
1753360643137 0.01821 262
1753360661983 0.01821 263
1753360680674 0.01819 264
1753360700026 0.01821 265
1753360719349 0.01818 266
1753360739017 0.01821 267
1753360758071 0.01821 268
1753360776688 0.01819 269
1753360795545 0.01818 270
1753360814265 0.01819 271
1753360833231 0.0182 272
1753360852355 0.01819 273
1753360871218 0.0182 274
1753360890821 0.01819 275
1753360910062 0.01822 276
1753360928926 0.01819 277
1753360948281 0.01819 278
1753360967545 0.01821 279
1753360986855 0.0182 280
1753361006270 0.01819 281
1753361025847 0.0182 282
1753361045131 0.01818 283
1753361064390 0.01819 284
1753361083455 0.01823 285
1753361102227 0.0182 286
1753361121228 0.01821 287
1753361140473 0.01819 288
1753361159747 0.01821 289
1753361178454 0.01821 290
1753361196926 0.01818 291
1753361216269 0.01818 292
1753361235687 0.01821 293
1753361255064 0.01819 294
1753361274288 0.01816 295
1753361293569 0.01819 296
1753361313357 0.01819 297
1753361332248 0.01819 298
1753361351222 0.0182 299
1753361370641 0.01821 300
