1753355732863 0.0010000000474974513 1
1753355751350 0.0010000000474974513 2
1753355770237 0.0010000000474974513 3
1753355789067 0.0010000000474974513 4
1753355807746 0.0010000000474974513 5
1753355827073 0.0010000000474974513 6
1753355845615 0.0010000000474974513 7
1753355864334 0.0010000000474974513 8
1753355883615 0.0010000000474974513 9
1753355902226 0.0010000000474974513 10
1753355921566 0.0010000000474974513 11
1753355940401 0.0010000000474974513 12
1753355959244 0.0010000000474974513 13
1753355978147 0.0010000000474974513 14
1753355997323 0.0010000000474974513 15
1753356016397 0.0010000000474974513 16
1753356035173 0.0010000000474974513 17
1753356053877 0.0010000000474974513 18
1753356072974 0.0010000000474974513 19
1753356091860 0.0010000000474974513 20
1753356110653 0.0010000000474974513 21
1753356129584 0.0010000000474974513 22
1753356148320 0.0010000000474974513 23
1753356167433 0.0010000000474974513 24
1753356186322 0.0010000000474974513 25
1753356204977 0.0010000000474974513 26
1753356223320 0.0010000000474974513 27
1753356241880 0.0010000000474974513 28
1753356260430 0.0010000000474974513 29
1753356278678 0.0010000000474974513 30
1753356297661 0.0010000000474974513 31
1753356316857 0.0010000000474974513 32
1753356335846 0.0010000000474974513 33
1753356355083 0.0010000000474974513 34
1753356373504 0.0010000000474974513 35
1753356392161 0.0010000000474974513 36
1753356410727 0.0010000000474974513 37
1753356429454 0.0010000000474974513 38
1753356448236 0.0010000000474974513 39
1753356466959 0.0010000000474974513 40
1753356485596 0.0010000000474974513 41
1753356503936 0.0010000000474974513 42
1753356523102 0.0010000000474974513 43
1753356541959 0.0010000000474974513 44
1753356560679 0.0010000000474974513 45
1753356579391 0.0010000000474974513 46
1753356598270 0.0010000000474974513 47
1753356616545 0.0010000000474974513 48
1753356635354 0.0010000000474974513 49
1753356654235 0.0010000000474974513 50
1753356673179 0.0010000000474974513 51
1753356692154 0.0010000000474974513 52
1753356710855 0.0010000000474974513 53
1753356729848 0.0010000000474974513 54
1753356748816 0.0010000000474974513 55
1753356768119 0.0010000000474974513 56
1753356787523 0.0010000000474974513 57
1753356806690 0.0010000000474974513 58
1753356825579 0.0010000000474974513 59
1753356844907 0.0010000000474974513 60
1753356863996 0.0010000000474974513 61
1753356882926 0.0010000000474974513 62
1753356902002 0.0010000000474974513 63
1753356921171 0.0010000000474974513 64
1753356940028 0.0010000000474974513 65
1753356958888 0.0010000000474974513 66
1753356977977 0.0010000000474974513 67
1753356996527 0.0010000000474974513 68
1753357015315 0.0010000000474974513 69
1753357034260 0.0010000000474974513 70
1753357052651 0.0010000000474974513 71
1753357071339 0.0010000000474974513 72
1753357090082 0.0010000000474974513 73
1753357108750 0.0010000000474974513 74
1753357127375 0.0010000000474974513 75
1753357146282 0.0010000000474974513 76
1753357165121 0.0010000000474974513 77
1753357184167 0.0010000000474974513 78
1753357202993 0.0010000000474974513 79
1753357221732 0.0010000000474974513 80
1753357240411 0.0010000000474974513 81
1753357258878 0.0010000000474974513 82
1753357277380 0.0010000000474974513 83
1753357295984 0.00020000000949949026 84
1753357314647 0.00020000000949949026 85
1753357333111 0.00020000000949949026 86
1753357351535 0.00020000000949949026 87
1753357370067 0.00020000000949949026 88
1753357388761 0.00020000000949949026 89
1753357407478 0.00020000000949949026 90
1753357426503 0.00020000000949949026 91
1753357446017 0.00020000000949949026 92
1753357465090 4.0000002627493814e-05 93
1753357483808 4.0000002627493814e-05 94
1753357503050 4.0000002627493814e-05 95
1753357521569 4.0000002627493814e-05 96
1753357540245 4.0000002627493814e-05 97
1753357559168 4.0000002627493814e-05 98
1753357577454 4.0000002627493814e-05 99
1753357596109 4.0000002627493814e-05 100
1753357614457 4.0000002627493814e-05 101
1753357632880 8.000000889296643e-06 102
1753357651788 8.000000889296643e-06 103
1753357670729 8.000000889296643e-06 104
1753357689791 8.000000889296643e-06 105
1753357708149 8.000000889296643e-06 106
1753357726810 8.000000889296643e-06 107
1753357745144 8.000000889296643e-06 108
1753357763644 8.000000889296643e-06 109
1753357782343 8.000000889296643e-06 110
1753357801009 1.6000001323845936e-06 111
1753357819533 1.6000001323845936e-06 112
1753357838023 1.6000001323845936e-06 113
1753357856777 1.6000001323845936e-06 114
1753357875673 1.6000001323845936e-06 115
1753357894248 1.6000001323845936e-06 116
1753357912664 1.6000001323845936e-06 117
1753357931849 1.6000001323845936e-06 118
1753357950365 1.6000001323845936e-06 119
1753357969695 9.999999974752427e-07 120
1753357988714 9.999999974752427e-07 121
1753358007612 9.999999974752427e-07 122
1753358026283 9.999999974752427e-07 123
1753358045262 9.999999974752427e-07 124
1753358063833 9.999999974752427e-07 125
1753358082326 9.999999974752427e-07 126
1753358101195 9.999999974752427e-07 127
1753358120061 9.999999974752427e-07 128
1753358139054 9.999999974752427e-07 129
1753358157539 9.999999974752427e-07 130
1753358176499 9.999999974752427e-07 131
1753358195002 9.999999974752427e-07 132
1753358213567 9.999999974752427e-07 133
1753358232504 9.999999974752427e-07 134
1753358251288 9.999999974752427e-07 135
1753358270406 9.999999974752427e-07 136
1753358289596 9.999999974752427e-07 137
1753358308503 9.999999974752427e-07 138
1753358327335 9.999999974752427e-07 139
1753358345960 9.999999974752427e-07 140
1753358364588 9.999999974752427e-07 141
1753358383837 9.999999974752427e-07 142
1753358402898 9.999999974752427e-07 143
1753358421417 9.999999974752427e-07 144
1753358440589 9.999999974752427e-07 145
1753358460145 9.999999974752427e-07 146
1753358479062 9.999999974752427e-07 147
1753358498099 9.999999974752427e-07 148
1753358517239 9.999999974752427e-07 149
1753358535946 9.999999974752427e-07 150
1753358555301 9.999999974752427e-07 151
1753358574271 9.999999974752427e-07 152
1753358592911 9.999999974752427e-07 153
1753358611949 9.999999974752427e-07 154
1753358631265 9.999999974752427e-07 155
1753358650683 9.999999974752427e-07 156
1753358669539 9.999999974752427e-07 157
1753358689059 9.999999974752427e-07 158
1753358708435 9.999999974752427e-07 159
1753358727581 9.999999974752427e-07 160
1753358746506 9.999999974752427e-07 161
1753358765074 9.999999974752427e-07 162
1753358783898 9.999999974752427e-07 163
1753358802467 9.999999974752427e-07 164
1753358821626 9.999999974752427e-07 165
1753358840405 9.999999974752427e-07 166
1753358859226 9.999999974752427e-07 167
1753358878696 9.999999974752427e-07 168
1753358897729 9.999999974752427e-07 169
1753358916411 9.999999974752427e-07 170
1753358935400 9.999999974752427e-07 171
1753358954412 9.999999974752427e-07 172
1753358973388 9.999999974752427e-07 173
1753358992254 9.999999974752427e-07 174
1753359010933 9.999999974752427e-07 175
1753359030023 9.999999974752427e-07 176
1753359049293 9.999999974752427e-07 177
1753359067773 9.999999974752427e-07 178
1753359086952 9.999999974752427e-07 179
1753359105957 9.999999974752427e-07 180
1753359124652 9.999999974752427e-07 181
1753359143317 9.999999974752427e-07 182
1753359161854 9.999999974752427e-07 183
1753359180670 9.999999974752427e-07 184
1753359199409 9.999999974752427e-07 185
1753359218206 9.999999974752427e-07 186
1753359237367 9.999999974752427e-07 187
1753359256685 9.999999974752427e-07 188
1753359275642 9.999999974752427e-07 189
1753359294672 9.999999974752427e-07 190
1753359313517 9.999999974752427e-07 191
1753359332432 9.999999974752427e-07 192
1753359351606 9.999999974752427e-07 193
1753359370268 9.999999974752427e-07 194
1753359389164 9.999999974752427e-07 195
1753359408004 9.999999974752427e-07 196
1753359426845 9.999999974752427e-07 197
1753359445772 9.999999974752427e-07 198
1753359465017 9.999999974752427e-07 199
1753359483267 9.999999974752427e-07 200
1753359502015 9.999999974752427e-07 201
1753359520645 9.999999974752427e-07 202
1753359539290 9.999999974752427e-07 203
1753359558129 9.999999974752427e-07 204
1753359576657 9.999999974752427e-07 205
1753359595740 9.999999974752427e-07 206
1753359614787 9.999999974752427e-07 207
1753359634218 9.999999974752427e-07 208
1753359653499 9.999999974752427e-07 209
1753359672624 9.999999974752427e-07 210
1753359691133 9.999999974752427e-07 211
1753359709780 9.999999974752427e-07 212
1753359728685 9.999999974752427e-07 213
1753359747287 9.999999974752427e-07 214
1753359766476 9.999999974752427e-07 215
1753359785062 9.999999974752427e-07 216
1753359803813 9.999999974752427e-07 217
1753359822934 9.999999974752427e-07 218
1753359841203 9.999999974752427e-07 219
1753359859961 9.999999974752427e-07 220
1753359878956 9.999999974752427e-07 221
1753359897816 9.999999974752427e-07 222
1753359916985 9.999999974752427e-07 223
1753359935863 9.999999974752427e-07 224
1753359954767 9.999999974752427e-07 225
1753359973281 9.999999974752427e-07 226
1753359991996 9.999999974752427e-07 227
1753360011274 9.999999974752427e-07 228
1753360030508 9.999999974752427e-07 229
1753360049326 9.999999974752427e-07 230
1753360067815 9.999999974752427e-07 231
1753360086889 9.999999974752427e-07 232
1753360105938 9.999999974752427e-07 233
1753360124647 9.999999974752427e-07 234
1753360143343 9.999999974752427e-07 235
1753360162277 9.999999974752427e-07 236
1753360181461 9.999999974752427e-07 237
1753360200289 9.999999974752427e-07 238
1753360219589 9.999999974752427e-07 239
1753360238479 9.999999974752427e-07 240
1753360258016 9.999999974752427e-07 241
1753360276597 9.999999974752427e-07 242
1753360295914 9.999999974752427e-07 243
1753360314696 9.999999974752427e-07 244
1753360333963 9.999999974752427e-07 245
1753360353264 9.999999974752427e-07 246
1753360372269 9.999999974752427e-07 247
1753360391407 9.999999974752427e-07 248
1753360410807 9.999999974752427e-07 249
1753360430061 9.999999974752427e-07 250
1753360448919 9.999999974752427e-07 251
1753360467595 9.999999974752427e-07 252
1753360486868 9.999999974752427e-07 253
1753360506132 9.999999974752427e-07 254
1753360525703 9.999999974752427e-07 255
1753360544270 9.999999974752427e-07 256
1753360562438 9.999999974752427e-07 257
1753360581398 9.999999974752427e-07 258
1753360600761 9.999999974752427e-07 259
1753360619674 9.999999974752427e-07 260
1753360638319 9.999999974752427e-07 261
1753360657227 9.999999974752427e-07 262
1753360675876 9.999999974752427e-07 263
1753360695190 9.999999974752427e-07 264
1753360714629 9.999999974752427e-07 265
1753360734239 9.999999974752427e-07 266
1753360753255 9.999999974752427e-07 267
1753360771870 9.999999974752427e-07 268
1753360790795 9.999999974752427e-07 269
1753360809420 9.999999974752427e-07 270
1753360828398 9.999999974752427e-07 271
1753360847501 9.999999974752427e-07 272
1753360866402 9.999999974752427e-07 273
1753360886043 9.999999974752427e-07 274
1753360905248 9.999999974752427e-07 275
1753360924147 9.999999974752427e-07 276
1753360943457 9.999999974752427e-07 277
1753360962716 9.999999974752427e-07 278
1753360982048 9.999999974752427e-07 279
1753361001423 9.999999974752427e-07 280
1753361021076 9.999999974752427e-07 281
1753361040354 9.999999974752427e-07 282
1753361059599 9.999999974752427e-07 283
1753361078746 9.999999974752427e-07 284
1753361097463 9.999999974752427e-07 285
1753361116348 9.999999974752427e-07 286
1753361135635 9.999999974752427e-07 287
1753361154936 9.999999974752427e-07 288
1753361173658 9.999999974752427e-07 289
1753361192130 9.999999974752427e-07 290
1753361211528 9.999999974752427e-07 291
1753361230879 9.999999974752427e-07 292
1753361250239 9.999999974752427e-07 293
1753361269538 9.999999974752427e-07 294
1753361288842 9.999999974752427e-07 295
1753361308590 9.999999974752427e-07 296
1753361327445 9.999999974752427e-07 297
1753361346444 9.999999974752427e-07 298
1753361365832 9.999999974752427e-07 299
1753361385112 9.999999974752427e-07 300
