1753355894635 1.0 0
1753355911660 2.0 0
1753355926557 3.0 0
1753355941295 4.0 0
1753355955910 5.0 0
1753355970501 6.0 0
1753355985242 7.0 0
1753355999961 8.0 0
1753356014703 9.0 0
1753356029264 10.0 0
1753356044082 11.0 0
1753356058834 12.0 0
1753356073461 13.0 0
1753356088648 14.0 0
1753356103259 15.0 0
1753356117950 16.0 0
1753356133090 17.0 0
1753356147766 18.0 0
1753356162474 19.0 0
1753356177108 20.0 0
1753356191913 21.0 0
1753356206985 22.0 0
1753356221815 23.0 0
1753356236621 24.0 0
1753356251198 25.0 0
1753356266186 26.0 0
1753356281309 27.0 0
1753356296217 28.0 0
1753356311115 29.0 0
1753356325771 30.0 0
1753356340226 31.0 0
1753356354787 32.0 0
1753356369369 33.0 0
1753356399049 35.0 0
1753356413672 36.0 0
1753356428233 37.0 0
1753356443161 38.0 0
1753356472184 40.0 0
1753356501382 42.0 0
1753356545503 45.0 0
1753356589496 48.0 0
1753356662812 53.0 0
1753356677540 54.0 0
1753356765286 60.0 0
1753356809603 63.0 0
1753356824158 64.0 0
