1753355882665 0.64122 1
1753355898361 0.52154 2
1753355915320 0.43046 3
1753355930269 0.35504 4
1753355944955 0.29315 5
1753355959636 0.24245 6
1753355974167 0.20117 7
1753355988873 0.16798 8
1753356003690 0.14142 9
1753356018368 0.12045 10
1753356032917 0.1038 11
1753356047714 0.09048 12
1753356062553 0.07981 13
1753356077180 0.07111 14
1753356092272 0.06405 15
1753356106921 0.05821 16
1753356121575 0.0534 17
1753356136747 0.04931 18
1753356151452 0.04588 19
1753356166166 0.04297 20
1753356180952 0.0405 21
1753356195971 0.03837 22
1753356210681 0.03648 23
1753356225706 0.03456 24
1753356240210 0.03261 25
1753356254888 0.03108 26
1753356269855 0.02996 27
1753356284913 0.02895 28
1753356299845 0.02812 29
1753356314829 0.02738 30
1753356329374 0.02671 31
1753356343878 0.02616 32
1753356358464 0.02556 33
1753356373107 0.02508 34
1753356388044 0.02467 35
1753356402646 0.02421 36
1753356417282 0.02386 37
1753356431927 0.02358 38
1753356446684 0.02323 39
1753356461292 0.02295 40
1753356475736 0.02269 41
1753356490159 0.02242 42
1753356505054 0.02221 43
1753356519643 0.02202 44
1753356534529 0.02185 45
1753356549158 0.02163 46
1753356564160 0.02144 47
1753356578622 0.02131 48
1753356593161 0.02113 49
1753356607742 0.02102 50
1753356622162 0.02086 51
1753356637065 0.02072 52
1753356651554 0.02065 53
1753356666567 0.02052 54
1753356681164 0.02036 55
1753356695729 0.02029 56
1753356710343 0.02023 57
1753356724973 0.02011 58
1753356739583 0.02001 59
1753356754357 0.01994 60
1753356768904 0.01988 61
1753356783386 0.0198 62
1753356798327 0.01967 63
1753356813201 0.01959 64
1753356827851 0.01954 65
1753356842463 0.01946 66
1753356856985 0.0194 67
1753356871492 0.01936 68
1753356886366 0.01934 69
1753356900846 0.01925 70
1753356915485 0.0192 71
1753356930072 0.01917 72
1753356944653 0.01914 73
1753356959173 0.01891 74
1753356973762 0.01883 75
1753356988191 0.0188 76
1753357002885 0.01876 77
1753357017563 0.01875 78
1753357032941 0.01873 79
1753357047497 0.0187 80
1753357062026 0.01868 81
1753357076614 0.01867 82
1753357091136 0.01864 83
1753357105816 0.01866 84
1753357120151 0.01862 85
1753357134735 0.01863 86
1753357149191 0.01864 87
1753357164273 0.01862 88
1753357178895 0.01861 89
1753357193527 0.01862 90
1753357208082 0.01857 91
1753357222808 0.01858 92
1753357237366 0.01859 93
1753357252059 0.01857 94
1753357266636 0.01856 95
1753357281084 0.01857 96
1753357295679 0.01858 97
1753357310662 0.01856 98
1753357325238 0.01858 99
1753357339808 0.01856 100
1753357354333 0.01857 101
1753357368919 0.01856 102
1753357383773 0.01855 103
1753357398293 0.01858 104
1753357412848 0.01855 105
1753357427429 0.01855 106
1753357441999 0.01857 107
1753357456787 0.01857 108
1753357471310 0.01856 109
1753357485879 0.01855 110
1753357500540 0.01858 111
1753357515370 0.01856 112
1753357530519 0.01857 113
1753357545448 0.01857 114
1753357560052 0.01858 115
1753357574519 0.01855 116
1753357588986 0.01859 117
1753357603895 0.0186 118
1753357618333 0.01855 119
1753357632997 0.01858 120
1753357647512 0.01856 121
1753357662526 0.01859 122
1753357677100 0.01856 123
1753357691690 0.01857 124
1753357706267 0.01855 125
1753357720901 0.01856 126
1753357735373 0.01856 127
1753357751042 0.01854 128
1753357765590 0.01854 129
1753357780042 0.01855 130
1753357794595 0.01856 131
1753357809259 0.01855 132
1753357824136 0.01855 133
1753357838735 0.01853 134
1753357853461 0.01855 135
1753357867847 0.01856 136
1753357882811 0.01854 137
1753357897334 0.01857 138
1753357912001 0.01857 139
1753357926646 0.01855 140
1753357941221 0.01857 141
1753357955707 0.01854 142
1753357970609 0.01854 143
1753357985349 0.01852 144
1753357999823 0.01854 145
1753358014366 0.01854 146
1753358029014 0.01858 147
1753358044170 0.01855 148
1753358058688 0.01859 149
1753358073121 0.01858 150
1753358087727 0.01856 151
1753358102679 0.01856 152
1753358117204 0.01855 153
1753358131684 0.01856 154
1753358146209 0.01857 155
1753358160848 0.01856 156
1753358175458 0.01856 157
1753358190201 0.01857 158
1753358205329 0.01855 159
1753358219968 0.01855 160
1753358234752 0.01854 161
1753358249573 0.01857 162
1753358264153 0.01856 163
1753358278723 0.01854 164
1753358293504 0.01857 165
1753358308121 0.01855 166
1753358322998 0.01854 167
1753358337549 0.01853 168
1753358352206 0.01853 169
1753358366770 0.01853 170
1753358381364 0.01854 171
1753358395945 0.01857 172
1753358410481 0.01857 173
1753358424999 0.01857 174
1753358439767 0.01854 175
1753358454363 0.01856 176
1753358469119 0.01853 177
1753358483555 0.01855 178
1753358498080 0.01855 179
1753358512586 0.01855 180
1753358526948 0.01855 181
1753358541627 0.01855 182
1753358556194 0.01854 183
1753358570795 0.01859 184
1753358585345 0.01856 185
1753358600403 0.01853 186
1753358614943 0.01857 187
1753358629338 0.01854 188
1753358643815 0.01856 189
1753358658347 0.01853 190
1753358673317 0.01854 191
1753358688069 0.01853 192
1753358702574 0.01853 193
1753358717073 0.01854 194
1753358731726 0.01855 195
1753358746303 0.01854 196
1753358761070 0.01854 197
1753358775454 0.01854 198
1753358790417 0.01853 199
1753358804995 0.01855 200
1753358820097 0.01852 201
1753358834614 0.01856 202
1753358849098 0.01856 203
1753358863502 0.01854 204
1753358878032 0.01855 205
1753358892485 0.01857 206
1753358907215 0.01853 207
1753358921894 0.01854 208
1753358936536 0.01853 209
1753358951325 0.01857 210
1753358966295 0.01855 211
1753358980669 0.01856 212
1753358995256 0.01856 213
1753359009789 0.01854 214
1753359024381 0.01854 215
1753359039141 0.01854 216
1753359054011 0.01854 217
1753359068710 0.01856 218
1753359083324 0.01853 219
1753359097874 0.01852 220
1753359112490 0.01854 221
1753359127135 0.01853 222
1753359141783 0.01854 223
1753359156264 0.01855 224
1753359171065 0.01858 225
1753359186327 0.01854 226
1753359200888 0.01852 227
1753359215294 0.01853 228
1753359229899 0.01854 229
1753359244691 0.01855 230
1753359259547 0.01857 231
1753359274155 0.01853 232
1753359288677 0.01854 233
1753359303404 0.01852 234
1753359318553 0.01853 235
1753359333192 0.01852 236
1753359347761 0.01852 237
1753359362359 0.01851 238
1753359376788 0.01852 239
1753359391681 0.01853 240
1753359406323 0.01851 241
1753359420876 0.01854 242
1753359435420 0.01854 243
1753359449780 0.01851 244
1753359464242 0.01851 245
1753359478952 0.01854 246
1753359493512 0.01854 247
1753359508026 0.01853 248
1753359522581 0.0185 249
1753359538027 0.01854 250
1753359552801 0.01856 251
1753359567454 0.01855 252
1753359582110 0.01851 253
1753359596543 0.01853 254
1753359610978 0.01852 255
1753359625771 0.01854 256
1753359640416 0.01853 257
1753359655396 0.01854 258
1753359670058 0.01851 259
1753359684718 0.01853 260
1753359699548 0.01853 261
1753359714135 0.01852 262
1753359728828 0.01853 263
1753359743363 0.01849 264
1753359758174 0.01852 265
1753359772809 0.01851 266
1753359787896 0.01849 267
1753359802765 0.01851 268
1753359817363 0.0185 269
1753359831958 0.01852 270
1753359846497 0.01851 271
1753359861331 0.0185 272
1753359875838 0.01852 273
1753359890318 0.01852 274
1753359905435 0.01854 275
1753359920098 0.01849 276
1753359934641 0.0185 277
1753359949427 0.01851 278
1753359963931 0.0185 279
1753359978753 0.01852 280
1753359993504 0.01851 281
1753360008243 0.01851 282
1753360023415 0.01854 283
1753360038507 0.0185 284
1753360053154 0.01852 285
1753360067918 0.0185 286
1753360082479 0.01851 287
1753360097273 0.01852 288
1753360111936 0.0185 289
1753360126405 0.01848 290
1753360141070 0.01852 291
1753360156079 0.01854 292
1753360170787 0.01846 293
1753360185791 0.01851 294
1753360200332 0.01848 295
1753360214699 0.01849 296
1753360229170 0.0185 297
1753360244065 0.01852 298
1753360259040 0.01849 299
1753360273621 0.01853 300
