1753355894642 0.0010000000474974513 1
1753355911666 0.0010000000474974513 2
1753355926561 0.0010000000474974513 3
1753355941300 0.0010000000474974513 4
1753355955915 0.0010000000474974513 5
1753355970506 0.0010000000474974513 6
1753355985248 0.0010000000474974513 7
1753355999967 0.0010000000474974513 8
1753356014708 0.0010000000474974513 9
1753356029269 0.0010000000474974513 10
1753356044087 0.0010000000474974513 11
1753356058839 0.0010000000474974513 12
1753356073466 0.0010000000474974513 13
1753356088654 0.0010000000474974513 14
1753356103263 0.0010000000474974513 15
1753356117955 0.0010000000474974513 16
1753356133095 0.0010000000474974513 17
1753356147771 0.0010000000474974513 18
1753356162479 0.0010000000474974513 19
1753356177113 0.0010000000474974513 20
1753356191924 0.0010000000474974513 21
1753356206991 0.0010000000474974513 22
1753356221820 0.0010000000474974513 23
1753356236627 0.0010000000474974513 24
1753356251203 0.0010000000474974513 25
1753356266190 0.0010000000474974513 26
1753356281314 0.0010000000474974513 27
1753356296222 0.0010000000474974513 28
1753356311120 0.0010000000474974513 29
1753356325776 0.0010000000474974513 30
1753356340231 0.0010000000474974513 31
1753356354791 0.0010000000474974513 32
1753356369374 0.0010000000474974513 33
1753356384342 0.0010000000474974513 34
1753356399053 0.0010000000474974513 35
1753356413677 0.0010000000474974513 36
1753356428238 0.0010000000474974513 37
1753356443166 0.0010000000474974513 38
1753356457643 0.0010000000474974513 39
1753356472188 0.0010000000474974513 40
1753356486537 0.0010000000474974513 41
1753356501387 0.0010000000474974513 42
1753356515940 0.0010000000474974513 43
1753356530845 0.0010000000474974513 44
1753356545508 0.0010000000474974513 45
1753356560414 0.0010000000474974513 46
1753356575039 0.0010000000474974513 47
1753356589501 0.0010000000474974513 48
1753356604122 0.0010000000474974513 49
1753356618515 0.0010000000474974513 50
1753356633421 0.0010000000474974513 51
1753356647932 0.0010000000474974513 52
1753356662816 0.0010000000474974513 53
1753356677545 0.0010000000474974513 54
1753356692031 0.0010000000474974513 55
1753356706724 0.0010000000474974513 56
1753356721319 0.0010000000474974513 57
1753356735974 0.0010000000474974513 58
1753356750710 0.0010000000474974513 59
1753356765291 0.0010000000474974513 60
1753356779728 0.0010000000474974513 61
1753356794589 0.0010000000474974513 62
1753356809607 0.0010000000474974513 63
1753356824163 0.0010000000474974513 64
1753356838935 0.0010000000474974513 65
1753356853354 0.0010000000474974513 66
1753356867902 0.0010000000474974513 67
1753356882750 0.0010000000474974513 68
1753356897148 0.0010000000474974513 69
1753356911853 0.0010000000474974513 70
1753356926387 0.0010000000474974513 71
1753356941018 0.0010000000474974513 72
1753356955577 0.00020000000949949026 73
1753356970125 0.00020000000949949026 74
1753356984653 0.00020000000949949026 75
1753356999199 0.00020000000949949026 76
1753357013864 0.00020000000949949026 77
1753357029278 0.00020000000949949026 78
1753357043880 0.00020000000949949026 79
1753357058338 0.00020000000949949026 80
1753357072951 0.00020000000949949026 81
1753357087553 4.0000002627493814e-05 82
1753357102207 4.0000002627493814e-05 83
1753357116641 4.0000002627493814e-05 84
1753357131093 4.0000002627493814e-05 85
1753357145513 4.0000002627493814e-05 86
1753357160704 4.0000002627493814e-05 87
1753357175269 4.0000002627493814e-05 88
1753357189812 4.0000002627493814e-05 89
1753357204358 4.0000002627493814e-05 90
1753357219094 8.000000889296643e-06 91
1753357233762 8.000000889296643e-06 92
1753357248431 8.000000889296643e-06 93
1753357262949 8.000000889296643e-06 94
1753357277458 8.000000889296643e-06 95
1753357291933 8.000000889296643e-06 96
1753357306910 8.000000889296643e-06 97
1753357321520 8.000000889296643e-06 98
1753357336194 8.000000889296643e-06 99
1753357350618 1.6000001323845936e-06 100
1753357365298 1.6000001323845936e-06 101
1753357380150 1.6000001323845936e-06 102
1753357394601 1.6000001323845936e-06 103
1753357409203 1.6000001323845936e-06 104
1753357423774 1.6000001323845936e-06 105
1753357438352 1.6000001323845936e-06 106
1753357453082 1.6000001323845936e-06 107
1753357467823 1.6000001323845936e-06 108
1753357482193 9.999999974752427e-07 109
1753357496808 9.999999974752427e-07 110
1753357511802 9.999999974752427e-07 111
1753357526844 9.999999974752427e-07 112
1753357541811 9.999999974752427e-07 113
1753357556357 9.999999974752427e-07 114
1753357570877 9.999999974752427e-07 115
1753357585353 9.999999974752427e-07 116
1753357600265 9.999999974752427e-07 117
1753357614749 9.999999974752427e-07 118
1753357629332 9.999999974752427e-07 119
1753357643894 9.999999974752427e-07 120
1753357658847 9.999999974752427e-07 121
1753357673494 9.999999974752427e-07 122
1753357688062 9.999999974752427e-07 123
1753357702582 9.999999974752427e-07 124
1753357717201 9.999999974752427e-07 125
1753357731739 9.999999974752427e-07 126
1753357746851 9.999999974752427e-07 127
1753357761951 9.999999974752427e-07 128
1753357776435 9.999999974752427e-07 129
1753357790924 9.999999974752427e-07 130
1753357805537 9.999999974752427e-07 131
1753357820564 9.999999974752427e-07 132
1753357835153 9.999999974752427e-07 133
1753357849739 9.999999974752427e-07 134
1753357864260 9.999999974752427e-07 135
1753357879216 9.999999974752427e-07 136
1753357893688 9.999999974752427e-07 137
1753357908344 9.999999974752427e-07 138
1753357923018 9.999999974752427e-07 139
1753357937522 9.999999974752427e-07 140
1753357952056 9.999999974752427e-07 141
1753357966891 9.999999974752427e-07 142
1753357981599 9.999999974752427e-07 143
1753357996246 9.999999974752427e-07 144
1753358010728 9.999999974752427e-07 145
1753358025365 9.999999974752427e-07 146
1753358040275 9.999999974752427e-07 147
1753358055070 9.999999974752427e-07 148
1753358069476 9.999999974752427e-07 149
1753358084031 9.999999974752427e-07 150
1753358098966 9.999999974752427e-07 151
1753358113582 9.999999974752427e-07 152
1753358128098 9.999999974752427e-07 153
1753358142496 9.999999974752427e-07 154
1753358157211 9.999999974752427e-07 155
1753358171802 9.999999974752427e-07 156
1753358186514 9.999999974752427e-07 157
1753358201247 9.999999974752427e-07 158
1753358216301 9.999999974752427e-07 159
1753358231073 9.999999974752427e-07 160
1753358245899 9.999999974752427e-07 161
1753358260431 9.999999974752427e-07 162
1753358275012 9.999999974752427e-07 163
1753358289793 9.999999974752427e-07 164
1753358304462 9.999999974752427e-07 165
1753358319305 9.999999974752427e-07 166
1753358333918 9.999999974752427e-07 167
1753358348495 9.999999974752427e-07 168
1753358363072 9.999999974752427e-07 169
1753358377765 9.999999974752427e-07 170
1753358392275 9.999999974752427e-07 171
1753358406856 9.999999974752427e-07 172
1753358421327 9.999999974752427e-07 173
1753358436070 9.999999974752427e-07 174
1753358450647 9.999999974752427e-07 175
1753358465468 9.999999974752427e-07 176
1753358479924 9.999999974752427e-07 177
1753358494371 9.999999974752427e-07 178
1753358508918 9.999999974752427e-07 179
1753358523396 9.999999974752427e-07 180
1753358537985 9.999999974752427e-07 181
1753358552564 9.999999974752427e-07 182
1753358567220 9.999999974752427e-07 183
1753358581700 9.999999974752427e-07 184
1753358596679 9.999999974752427e-07 185
1753358611339 9.999999974752427e-07 186
1753358625824 9.999999974752427e-07 187
1753358640202 9.999999974752427e-07 188
1753358654751 9.999999974752427e-07 189
1753358669729 9.999999974752427e-07 190
1753358684421 9.999999974752427e-07 191
1753358698887 9.999999974752427e-07 192
1753358713419 9.999999974752427e-07 193
1753358728041 9.999999974752427e-07 194
1753358742630 9.999999974752427e-07 195
1753358757484 9.999999974752427e-07 196
1753358771845 9.999999974752427e-07 197
1753358786785 9.999999974752427e-07 198
1753358801328 9.999999974752427e-07 199
1753358816479 9.999999974752427e-07 200
1753358830936 9.999999974752427e-07 201
1753358845453 9.999999974752427e-07 202
1753358859860 9.999999974752427e-07 203
1753358874440 9.999999974752427e-07 204
1753358888828 9.999999974752427e-07 205
1753358903571 9.999999974752427e-07 206
1753358918272 9.999999974752427e-07 207
1753358932941 9.999999974752427e-07 208
1753358947615 9.999999974752427e-07 209
1753358962566 9.999999974752427e-07 210
1753358977080 9.999999974752427e-07 211
1753358991554 9.999999974752427e-07 212
1753359006156 9.999999974752427e-07 213
1753359020734 9.999999974752427e-07 214
1753359035541 9.999999974752427e-07 215
1753359050362 9.999999974752427e-07 216
1753359065180 9.999999974752427e-07 217
1753359079653 9.999999974752427e-07 218
1753359094229 9.999999974752427e-07 219
1753359108797 9.999999974752427e-07 220
1753359123453 9.999999974752427e-07 221
1753359138018 9.999999974752427e-07 222
1753359152595 9.999999974752427e-07 223
1753359167365 9.999999974752427e-07 224
1753359182652 9.999999974752427e-07 225
1753359197234 9.999999974752427e-07 226
1753359211774 9.999999974752427e-07 227
1753359226324 9.999999974752427e-07 228
1753359240977 9.999999974752427e-07 229
1753359255972 9.999999974752427e-07 230
1753359270540 9.999999974752427e-07 231
1753359285071 9.999999974752427e-07 232
1753359299677 9.999999974752427e-07 233
1753359314936 9.999999974752427e-07 234
1753359329452 9.999999974752427e-07 235
1753359344075 9.999999974752427e-07 236
1753359358710 9.999999974752427e-07 237
1753359373177 9.999999974752427e-07 238
1753359387980 9.999999974752427e-07 239
1753359402671 9.999999974752427e-07 240
1753359417253 9.999999974752427e-07 241
1753359431642 9.999999974752427e-07 242
1753359446239 9.999999974752427e-07 243
1753359460664 9.999999974752427e-07 244
1753359475250 9.999999974752427e-07 245
1753359489852 9.999999974752427e-07 246
1753359504397 9.999999974752427e-07 247
1753359518991 9.999999974752427e-07 248
1753359534315 9.999999974752427e-07 249
1753359549072 9.999999974752427e-07 250
1753359563788 9.999999974752427e-07 251
1753359578383 9.999999974752427e-07 252
1753359592891 9.999999974752427e-07 253
1753359607362 9.999999974752427e-07 254
1753359622128 9.999999974752427e-07 255
1753359636731 9.999999974752427e-07 256
1753359651772 9.999999974752427e-07 257
1753359666484 9.999999974752427e-07 258
1753359681083 9.999999974752427e-07 259
1753359695851 9.999999974752427e-07 260
1753359710554 9.999999974752427e-07 261
1753359725183 9.999999974752427e-07 262
1753359739714 9.999999974752427e-07 263
1753359754450 9.999999974752427e-07 264
1753359769213 9.999999974752427e-07 265
1753359784249 9.999999974752427e-07 266
1753359799125 9.999999974752427e-07 267
1753359813716 9.999999974752427e-07 268
1753359828239 9.999999974752427e-07 269
1753359842795 9.999999974752427e-07 270
1753359857627 9.999999974752427e-07 271
1753359872215 9.999999974752427e-07 272
1753359886700 9.999999974752427e-07 273
1753359901807 9.999999974752427e-07 274
1753359916535 9.999999974752427e-07 275
1753359931001 9.999999974752427e-07 276
1753359945701 9.999999974752427e-07 277
1753359960336 9.999999974752427e-07 278
1753359975079 9.999999974752427e-07 279
1753359989780 9.999999974752427e-07 280
1753360004632 9.999999974752427e-07 281
1753360019790 9.999999974752427e-07 282
1753360034803 9.999999974752427e-07 283
1753360049427 9.999999974752427e-07 284
1753360064289 9.999999974752427e-07 285
1753360078856 9.999999974752427e-07 286
1753360093548 9.999999974752427e-07 287
1753360108334 9.999999974752427e-07 288
1753360122856 9.999999974752427e-07 289
1753360137269 9.999999974752427e-07 290
1753360152408 9.999999974752427e-07 291
1753360167066 9.999999974752427e-07 292
1753360182067 9.999999974752427e-07 293
1753360196630 9.999999974752427e-07 294
1753360211101 9.999999974752427e-07 295
1753360225514 9.999999974752427e-07 296
1753360240329 9.999999974752427e-07 297
1753360255431 9.999999974752427e-07 298
1753360270111 9.999999974752427e-07 299
1753360284484 9.999999974752427e-07 300
