1751482332925 1.0 0
1751482336524 2.0 0
1751482339780 3.0 0
1751482342974 4.0 0
1751482346181 5.0 0
1751482349407 6.0 0
1751482352619 7.0 0
1751482355823 8.0 0
1751482359041 9.0 0
1751482362646 10.0 0
1751482365816 11.0 0
1751482369002 12.0 0
1751482372170 13.0 0
1751482375343 14.0 0
1751482378503 15.0 0
1751482381658 16.0 0
1751482384826 17.0 0
1751482387698 18.0 0
1751482390339 19.0 0
1751482392969 20.0 0
1751482395554 21.0 0
1751482398236 22.0 0
1751482400878 23.0 0
1751482403549 24.0 0
1751482406120 25.0 0
1751482408752 26.0 0
1751482411390 27.0 0
1751482414007 28.0 0
1751482416612 29.0 0
1751482419194 30.0 0
1751482421889 31.0 0
1751482424571 32.0 0
1751482427196 33.0 0
1751482429904 34.0 0
1751482432682 35.0 0
1751482435429 36.0 0
1751482438086 37.0 0
1751482440751 38.0 0
1751482443424 39.0 0
1751482446162 40.0 0
1751482448861 41.0 0
1751482451611 42.0 0
1751482454428 43.0 0
1751482457155 44.0 0
1751482459981 45.0 0
1751482462782 46.0 0
1751482465526 47.0 0
1751482468272 48.0 0
1751482476545 51.0 0
1751482479195 52.0 0
1751482481874 53.0 0
1751482487431 55.0 0
1751482490183 56.0 0
1751482492883 57.0 0
1751482501106 60.0 0
1751482503834 61.0 0
1751482506564 62.0 0
1751482509326 63.0 0
1751482512028 64.0 0
1751482520279 67.0 0
1751482523143 68.0 0
1751482528807 70.0 0
1751482542451 75.0 0
1751482550490 78.0 0
1751482558511 81.0 0
1751482566759 84.0 0
1751482580210 89.0 0
1751482593696 94.0 0
1751482621679 104.0 0
1751482643609 112.0 0
1751482651888 115.0 0
1751482659927 118.0 0
1751482667863 121.0 0
1751482670592 122.0 0
1751482695420 131.0 0
