1751482331017 0.53783 1
1751482335712 0.49487 2
1751482338983 0.4605 3
1751482342171 0.43047 4
1751482345379 0.40544 5
1751482348620 0.38339 6
1751482351815 0.36326 7
1751482355034 0.34453 8
1751482358246 0.32699 9
1751482361725 0.31016 10
1751482365023 0.29371 11
1751482368212 0.27851 12
1751482371381 0.26367 13
1751482374556 0.24981 14
1751482377717 0.23707 15
1751482380878 0.22448 16
1751482384046 0.21273 17
1751482387027 0.20107 18
1751482389678 0.19066 19
1751482392302 0.18072 20
1751482394922 0.17133 21
1751482397558 0.16302 22
1751482400236 0.15507 23
1751482402899 0.14703 24
1751482405488 0.14017 25
1751482408104 0.13362 26
1751482410742 0.12751 27
1751482413348 0.12176 28
1751482415962 0.11624 29
1751482418534 0.11084 30
1751482421225 0.10668 31
1751482423909 0.102 32
1751482426558 0.0984 33
1751482429232 0.09435 34
1751482431975 0.09096 35
1751482434737 0.08741 36
1751482437429 0.08441 37
1751482440107 0.08072 38
1751482442759 0.07833 39
1751482445465 0.07625 40
1751482448180 0.0732 41
1751482450925 0.07109 42
1751482453740 0.06876 43
1751482456500 0.06689 44
1751482459278 0.06489 45
1751482462088 0.06305 46
1751482464855 0.06163 47
1751482467601 0.06067 48
1751482470348 0.05883 49
1751482473079 0.057 50
1751482475899 0.05529 51
1751482478563 0.05436 52
1751482481196 0.05327 53
1751482483983 0.05223 54
1751482486745 0.05067 55
1751482489527 0.05039 56
1751482492204 0.04962 57
1751482494900 0.04856 58
1751482497665 0.04758 59
1751482500439 0.04601 60
1751482503124 0.04557 61
1751482505878 0.04451 62
1751482508659 0.04408 63
1751482511369 0.04345 64
1751482514080 0.04259 65
1751482516771 0.04157 66
1751482519555 0.04125 67
1751482522449 0.04059 68
1751482525267 0.04032 69
1751482528111 0.0397 70
1751482530859 0.03934 71
1751482533551 0.03829 72
1751482536244 0.03793 73
1751482539042 0.03783 74
1751482541748 0.03655 75
1751482544506 0.03666 76
1751482547175 0.03613 77
1751482549807 0.03577 78
1751482552546 0.03498 79
1751482555186 0.03524 80
1751482557835 0.03508 81
1751482560576 0.03665 82
1751482563313 0.03517 83
1751482566052 0.03431 84
1751482568803 0.03375 85
1751482571539 0.03293 86
1751482574327 0.03285 87
1751482576971 0.03251 88
1751482579583 0.03248 89
1751482582217 0.03234 90
1751482584882 0.0317 91
1751482587667 0.03134 92
1751482590379 0.03101 93
1751482593045 0.03078 94
1751482595806 0.0311 95
1751482598582 0.03056 96
1751482601264 0.0306 97
1751482604001 0.02976 98
1751482606712 0.02931 99
1751482609498 0.03056 100
1751482612287 0.0295 101
1751482615122 0.02947 102
1751482618056 0.02901 103
1751482620965 0.02899 104
1751482623810 0.03047 105
1751482626543 0.03008 106
1751482629247 0.02856 107
1751482631957 0.02839 108
1751482634613 0.02794 109
1751482637339 0.02811 110
1751482640083 0.02771 111
1751482642936 0.02742 112
1751482645726 0.02693 113
1751482648487 0.02759 114
1751482651189 0.02703 115
1751482654001 0.02704 116
1751482656684 0.02774 117
1751482659282 0.02668 118
1751482661895 0.02691 119
1751482664495 0.02622 120
1751482667177 0.02639 121
1751482669903 0.02674 122
1751482672608 0.02612 123
1751482675369 0.02576 124
1751482678109 0.02553 125
1751482680836 0.02595 126
1751482683637 0.02607 127
1751482686435 0.02636 128
1751482689170 0.02553 129
1751482691999 0.02517 130
1751482694714 0.0249 131
1751482697462 0.02508 132
1751482700169 0.02577 133
1751482702953 0.02566 134
1751482705722 0.0249 135
1751482708514 0.02488 136
1751482711221 0.02429 137
1751482713940 0.02449 138
1751482716634 0.0243 139
1751482719312 0.02408 140
1751482721988 0.02396 141
