1753149950001 1.0 0
1753149966415 2.0 0
1753149981257 3.0 0
1753149996128 4.0 0
1753150010782 5.0 0
1753150025395 6.0 0
1753150040567 7.0 0
1753150055254 8.0 0
1753150070064 9.0 0
1753150085038 10.0 0
1753150099756 11.0 0
1753150114597 12.0 0
1753150129308 13.0 0
1753150144374 14.0 0
1753150159193 15.0 0
1753150174044 16.0 0
1753150189065 17.0 0
1753150203818 18.0 0
1753150218500 19.0 0
1753150233062 20.0 0
1753150248012 21.0 0
1753150263107 22.0 0
1753150277907 23.0 0
1753150292732 24.0 0
1753150307845 25.0 0
1753150322722 26.0 0
1753150337456 27.0 0
1753150352100 28.0 0
1753150367018 29.0 0
1753150396688 31.0 0
1753150411715 32.0 0
1753150426409 33.0 0
1753150441158 34.0 0
1753150455702 35.0 0
1753150470404 36.0 0
1753150485578 37.0 0
1753150514771 39.0 0
1753150529720 40.0 0
1753150573998 43.0 0
1753150603457 45.0 0
1753150810334 59.0 0
