1753149937407 0.4728 1
1753149953764 0.36251 2
1753149970137 0.28703 3
1753149985128 0.23024 4
1753149999800 0.18782 5
1753150014342 0.15496 6
1753150028977 0.12941 7
1753150044202 0.10943 8
1753150058873 0.09385 9
1753150073617 0.08152 10
1753150088562 0.07176 11
1753150103448 0.06396 12
1753150118223 0.05762 13
1753150132963 0.05246 14
1753150148014 0.04822 15
1753150162855 0.04469 16
1753150177670 0.0417 17
1753150192802 0.03919 18
1753150207590 0.03705 19
1753150222118 0.03525 20
1753150236782 0.03366 21
1753150251719 0.03228 22
1753150266802 0.03107 23
1753150281622 0.03003 24
1753150296387 0.02908 25
1753150311561 0.02823 26
1753150326447 0.02749 27
1753150341117 0.02684 28
1753150355766 0.02622 29
1753150370750 0.02567 30
1753150385623 0.0252 31
1753150400411 0.02472 32
1753150415308 0.02432 33
1753150430073 0.02395 34
1753150444730 0.02359 35
1753150459366 0.0233 36
1753150474082 0.02296 37
1753150489294 0.02268 38
1753150503778 0.0225 39
1753150518490 0.02226 40
1753150533377 0.022 41
1753150547944 0.02178 42
1753150562577 0.02161 43
1753150577602 0.02142 44
1753150592227 0.02128 45
1753150607171 0.02114 46
1753150621878 0.02098 47
1753150636683 0.02084 48
1753150651385 0.0207 49
1753150666005 0.02056 50
1753150680648 0.02044 51
1753150695474 0.02037 52
1753150710372 0.02019 53
1753150725213 0.0201 54
1753150739949 0.02002 55
1753150755120 0.01992 56
1753150769798 0.01984 57
1753150784479 0.01973 58
1753150799346 0.01968 59
1753150814020 0.01961 60
1753150828813 0.0195 61
1753150843443 0.01944 62
1753150858174 0.01941 63
1753150872857 0.01933 64
1753150887662 0.01927 65
1753150902438 0.01917 66
1753150917581 0.01916 67
1753150932415 0.01912 68
1753150946992 0.01905 69
1753150961812 0.01899 70
1753150977049 0.01892 71
1753150991668 0.01892 72
1753151006392 0.01887 73
1753151021212 0.01883 74
1753151036080 0.01878 75
1753151050893 0.01873 76
1753151065611 0.01871 77
1753151080488 0.01863 78
1753151095354 0.01862 79
1753151110027 0.01857 80
1753151124673 0.01852 81
1753151139373 0.0185 82
1753151154377 0.01846 83
1753151168888 0.01843 84
1753151183538 0.01842 85
1753151198727 0.01842 86
1753151213690 0.01836 87
1753151228190 0.01831 88
1753151243015 0.01831 89
1753151257769 0.01826 90
1753151272889 0.0182 91
1753151287635 0.01817 92
1753151302622 0.01818 93
1753151317467 0.0181 94
1753151332081 0.01813 95
1753151346910 0.01808 96
1753151361680 0.01806 97
1753151376714 0.01806 98
1753151391417 0.01797 99
1753151406255 0.01797 100
1753151421226 0.01796 101
1753151435967 0.01799 102
1753151450708 0.0179 103
1753151465962 0.0179 104
1753151480631 0.01788 105
1753151495620 0.01786 106
1753151510449 0.01785 107
1753151525579 0.01784 108
1753151540279 0.0178 109
1753151554957 0.01783 110
1753151569577 0.01776 111
1753151584718 0.01776 112
1753151599870 0.01774 113
1753151614760 0.01772 114
1753151629346 0.01768 115
1753151644622 0.01768 116
1753151659839 0.01771 117
1753151674517 0.01768 118
1753151689243 0.01768 119
1753151703824 0.01767 120
1753151718731 0.01765 121
1753151733267 0.01761 122
1753151748270 0.01758 123
1753151763045 0.01757 124
1753151778073 0.01761 125
1753151792784 0.01757 126
1753151807709 0.01753 127
1753151822993 0.01757 128
1753151837858 0.01754 129
1753151852606 0.01752 130
1753151867352 0.01751 131
1753151882305 0.01747 132
1753151897358 0.01744 133
1753151911834 0.01744 134
1753151926854 0.01747 135
1753151941625 0.01746 136
1753151956156 0.01743 137
1753151970882 0.01742 138
1753151985599 0.01739 139
1753152000656 0.0174 140
1753152015752 0.0174 141
1753152030655 0.01742 142
1753152045438 0.01736 143
1753152060146 0.01735 144
1753152074886 0.01738 145
1753152090049 0.01737 146
1753152104775 0.0173 147
1753152119648 0.01731 148
1753152134355 0.01728 149
1753152149374 0.0173 150
1753152164016 0.01732 151
1753152178596 0.01732 152
1753152193436 0.01729 153
1753152208243 0.01729 154
1753152223237 0.01727 155
1753152237943 0.01729 156
1753152252636 0.01726 157
1753152267707 0.01727 158
1753152282321 0.01724 159
1753152296946 0.01719 160
1753152311655 0.01722 161
1753152326482 0.01722 162
1753152341300 0.01722 163
1753152356031 0.01719 164
1753152370890 0.01715 165
1753152385498 0.01717 166
1753152400246 0.01719 167
1753152415005 0.01719 168
1753152429884 0.01716 169
1753152445092 0.01718 170
1753152459747 0.01716 171
1753152474520 0.01713 172
1753152489479 0.01712 173
1753152503978 0.01711 174
1753152518541 0.01713 175
1753152533435 0.01712 176
1753152548339 0.01714 177
1753152563034 0.0171 178
1753152577732 0.01708 179
1753152592693 0.01708 180
1753152607713 0.01709 181
1753152622640 0.0171 182
1753152637786 0.01708 183
1753152652587 0.01709 184
1753152667221 0.01708 185
1753152682091 0.01702 186
1753152696887 0.01706 187
1753152711577 0.01706 188
1753152726318 0.01704 189
1753152741169 0.01702 190
1753152755980 0.01701 191
1753152770992 0.01704 192
1753152785546 0.01699 193
1753152800472 0.01698 194
1753152815388 0.01699 195
1753152830229 0.01702 196
1753152845396 0.017 197
1753152860058 0.01697 198
1753152875013 0.01703 199
1753152889723 0.01696 200
1753152904619 0.01699 201
1753152919425 0.01695 202
1753152934159 0.01697 203
1753152948966 0.01703 204
1753152963686 0.01698 205
1753152978552 0.01695 206
1753152993295 0.01696 207
1753153007835 0.01698 208
1753153022681 0.01692 209
1753153037497 0.01693 210
1753153052721 0.01694 211
1753153067620 0.01694 212
1753153082449 0.01694 213
1753153097649 0.01691 214
1753153112460 0.01694 215
1753153127112 0.01689 216
1753153142383 0.01686 217
1753153157193 0.01691 218
1753153172438 0.0169 219
1753153187376 0.01692 220
1753153202596 0.01691 221
1753153217308 0.01689 222
1753153231970 0.01691 223
1753153246858 0.01686 224
1753153261688 0.01688 225
1753153276834 0.01688 226
1753153291787 0.01685 227
1753153306519 0.01685 228
1753153321409 0.01687 229
1753153336185 0.01684 230
1753153350879 0.01685 231
1753153365602 0.01684 232
1753153380425 0.0169 233
1753153395582 0.01687 234
1753153410512 0.01686 235
1753153425721 0.01687 236
1753153440532 0.01683 237
1753153455439 0.0168 238
1753153470147 0.01684 239
1753153484806 0.01683 240
1753153499779 0.01682 241
1753153514450 0.0168 242
1753153529374 0.01683 243
1753153544343 0.01682 244
1753153559098 0.01684 245
1753153573781 0.01679 246
1753153588584 0.01677 247
1753153603511 0.01683 248
1753153618529 0.01681 249
1753153633712 0.01679 250
1753153648818 0.01676 251
1753153663370 0.01681 252
1753153678075 0.01677 253
1753153692894 0.01677 254
1753153708026 0.01678 255
1753153722719 0.01677 256
1753153737804 0.01676 257
1753153753108 0.01676 258
1753153767827 0.01676 259
1753153782803 0.01677 260
1753153797518 0.01673 261
1753153812241 0.01677 262
1753153827510 0.01676 263
1753153842294 0.01681 264
1753153857136 0.01678 265
1753153872236 0.01672 266
1753153887265 0.01676 267
1753153902306 0.01674 268
1753153917054 0.01676 269
1753153932262 0.01675 270
1753153947015 0.01677 271
1753153961754 0.01678 272
1753153976458 0.01677 273
1753153991057 0.01673 274
1753154005871 0.01674 275
1753154020798 0.01672 276
1753154035526 0.01673 277
1753154050495 0.01672 278
1753154065599 0.01672 279
1753154080378 0.01674 280
1753154095550 0.01678 281
1753154110324 0.01673 282
1753154125476 0.01671 283
1753154140035 0.01675 284
1753154155035 0.01669 285
1753154169909 0.0167 286
1753154184570 0.01674 287
1753154199688 0.01671 288
1753154214345 0.01669 289
1753154229204 0.01668 290
1753154244125 0.01668 291
1753154258733 0.01672 292
1753154273586 0.01673 293
1753154288490 0.0167 294
1753154303338 0.01673 295
1753154318237 0.01671 296
1753154333224 0.01671 297
1753154348173 0.01666 298
1753154362839 0.01669 299
1753154377526 0.01668 300
