1753253184368 0.43556 1
1753253236929 0.2484 2
1753253287990 0.14982 3
1753253338978 0.09569 4
1753253389824 0.06715 5
1753253440874 0.05118 6
1753253492808 0.04166 7
1753253544585 0.03562 8
1753253596104 0.03158 9
1753253647973 0.02875 10
1753253700328 0.02672 11
1753253752580 0.02519 12
1753253804414 0.024 13
1753253857074 0.02308 14
1753253909573 0.02235 15
1753253962275 0.02173 16
1753254014559 0.02109 17
1753254067507 0.02058 18
1753254120251 0.02023 19
1753254172585 0.01997 20
1753254225198 0.01973 21
1753254277662 0.01953 22
1753254329915 0.01939 23
1753254382662 0.01925 24
1753254435382 0.01912 25
1753254487642 0.01901 26
1753254540037 0.01892 27
1753254592461 0.01883 28
1753254645183 0.01874 29
1753254697621 0.01868 30
1753254750692 0.01862 31
1753254803043 0.01854 32
1753254855819 0.01849 33
1753254908645 0.01844 34
1753254961043 0.0184 35
1753255014415 0.01836 36
1753255067111 0.0183 37
1753255120492 0.01827 38
1753255173004 0.01825 39
1753255225766 0.0182 40
1753255278586 0.01816 41
1753255330972 0.01814 42
1753255383752 0.01812 43
1753255436479 0.01807 44
1753255488539 0.01805 45
1753255541627 0.01804 46
1753255593879 0.01802 47
1753255646304 0.018 48
1753255698989 0.01798 49
1753255751870 0.01796 50
1753255804638 0.01794 51
1753255856998 0.01792 52
1753255909495 0.0179 53
1753255962636 0.01788 54
1753256015387 0.01787 55
1753256068299 0.01785 56
1753256120761 0.01784 57
1753256173499 0.01783 58
1753256225748 0.01781 59
1753256277721 0.01781 60
1753256330460 0.01779 61
1753256382616 0.01778 62
1753256435084 0.01777 63
1753256488118 0.01776 64
1753256540372 0.01775 65
1753256593208 0.01774 66
1753256645563 0.01773 67
1753256698248 0.01771 68
1753256751005 0.01772 69
1753256803474 0.01769 70
1753256856626 0.01769 71
1753256908829 0.01768 72
1753256961144 0.01767 73
1753257014244 0.01765 74
1753257066607 0.01766 75
1753257119642 0.01764 76
1753257172213 0.01763 77
1753257224464 0.01763 78
1753257277213 0.01762 79
1753257330427 0.01761 80
1753257383121 0.0176 81
1753257435615 0.01759 82
1753257487897 0.01759 83
1753257540370 0.01758 84
1753257593168 0.01758 85
1753257646211 0.01758 86
1753257698965 0.01757 87
1753257751230 0.01754 88
1753257803682 0.01755 89
1753257856065 0.01755 90
1753257908508 0.01755 91
1753257961181 0.01754 92
1753258013796 0.01752 93
1753258066616 0.01753 94
1753258118996 0.01752 95
1753258172108 0.01751 96
1753258225310 0.0175 97
1753258278226 0.01748 98
1753258330470 0.01749 99
1753258383784 0.01749 100
1753258436487 0.01748 101
1753258489382 0.01749 102
1753258542423 0.01747 103
1753258595104 0.01745 104
1753258647421 0.01747 105
1753258699819 0.01744 106
1753258752618 0.01744 107
1753258805868 0.01745 108
1753258857777 0.01745 109
1753258910578 0.01743 110
1753258963305 0.01743 111
1753259016053 0.01742 112
1753259069086 0.01742 113
1753259121755 0.01742 114
1753259173961 0.01741 115
1753259226434 0.01741 116
1753259278978 0.0174 117
1753259331410 0.0174 118
1753259383587 0.01739 119
1753259436489 0.01739 120
1753259489302 0.01738 121
1753259542073 0.01737 122
1753259594647 0.01737 123
1753259647548 0.01736 124
1753259701313 0.01736 125
1753259754544 0.01734 126
1753259806937 0.01735 127
1753259859812 0.01734 128
1753259913540 0.01734 129
1753259965866 0.01733 130
1753260018279 0.01734 131
1753260070952 0.01732 132
1753260123543 0.01733 133
1753260176016 0.01734 134
1753260228768 0.01733 135
1753260281049 0.01731 136
1753260333427 0.01731 137
1753260386284 0.01732 138
1753260438545 0.0173 139
1753260490977 0.01731 140
1753260543658 0.0173 141
1753260596212 0.0173 142
1753260649016 0.01728 143
1753260701402 0.01727 144
1753260754125 0.0173 145
1753260806940 0.01728 146
1753260859422 0.01728 147
1753260912255 0.01727 148
1753260965235 0.01727 149
1753261018654 0.01726 150
1753261071052 0.01726 151
1753261123603 0.01726 152
1753261176424 0.01727 153
1753261229253 0.01727 154
1753261282388 0.01726 155
1753261335760 0.01725 156
1753261388524 0.01726 157
1753261442106 0.01724 158
1753261494588 0.01725 159
1753261547496 0.01725 160
1753261600402 0.01722 161
1753261652887 0.01724 162
1753261706097 0.01722 163
1753261758776 0.01723 164
1753261811626 0.01721 165
1753261863966 0.01723 166
1753261916646 0.01721 167
1753261969346 0.01721 168
1753262022045 0.01722 169
1753262074640 0.01721 170
1753262127168 0.01721 171
1753262179921 0.01722 172
1753262232777 0.0172 173
1753262285392 0.01721 174
1753262338270 0.01719 175
1753262391238 0.01718 176
1753262443614 0.01718 177
1753262495954 0.01718 178
1753262549311 0.01718 179
1753262601721 0.01718 180
1753262654216 0.01717 181
1753262707098 0.01718 182
1753262759733 0.01719 183
1753262812691 0.01717 184
1753262865149 0.01717 185
1753262918415 0.01716 186
1753262970816 0.01718 187
1753263023558 0.01716 188
1753263076981 0.01716 189
1753263129810 0.01716 190
1753263182629 0.01715 191
1753263235721 0.01715 192
1753263288063 0.01715 193
1753263340284 0.01715 194
1753263393591 0.01714 195
1753263446417 0.01714 196
1753263499070 0.01714 197
1753263552639 0.01714 198
1753263605535 0.01713 199
1753263658877 0.01713 200
1753263711969 0.01712 201
1753263765034 0.01712 202
1753263818053 0.01713 203
1753263871226 0.01713 204
1753263924597 0.01713 205
1753263977709 0.01713 206
1753264030331 0.01712 207
1753264083402 0.01711 208
1753264136426 0.01711 209
1753264189236 0.01711 210
1753264242038 0.01712 211
1753264294994 0.01711 212
1753264347770 0.01711 213
1753264400287 0.0171 214
1753264452787 0.0171 215
1753264505856 0.0171 216
1753264558831 0.0171 217
1753264612250 0.01711 218
1753264664898 0.0171 219
1753264717641 0.01709 220
1753264770816 0.0171 221
1753264823505 0.0171 222
1753264876447 0.01708 223
1753264929360 0.01709 224
1753264982906 0.01708 225
1753265035597 0.01709 226
1753265088154 0.01709 227
1753265141940 0.01709 228
1753265194520 0.01707 229
1753265247098 0.01708 230
1753265299755 0.01707 231
1753265351822 0.01706 232
1753265404420 0.01707 233
1753265457147 0.01707 234
1753265509967 0.01707 235
1753265562977 0.01706 236
1753265616225 0.01706 237
1753265669315 0.01706 238
1753265722102 0.01706 239
1753265775173 0.01706 240
1753265827918 0.01707 241
1753265881076 0.01705 242
1753265934510 0.01706 243
1753265986955 0.01705 244
1753266039478 0.01705 245
1753266092069 0.01703 246
1753266145307 0.01704 247
1753266198498 0.01705 248
1753266251429 0.01705 249
1753266304191 0.01704 250
1753266357970 0.01704 251
1753266410495 0.01704 252
1753266464056 0.01703 253
1753266516631 0.01703 254
1753266569974 0.01703 255
1753266622628 0.01704 256
1753266675759 0.01703 257
1753266728593 0.01702 258
1753266781362 0.01702 259
1753266834034 0.01702 260
1753266886655 0.01702 261
1753266939387 0.01702 262
1753266992509 0.01702 263
1753267044770 0.01703 264
1753267097391 0.01702 265
1753267149862 0.01702 266
1753267202772 0.01701 267
1753267255601 0.01701 268
1753267308112 0.01701 269
1753267361532 0.01702 270
1753267414802 0.01702 271
1753267467682 0.01701 272
1753267520898 0.017 273
1753267574106 0.017 274
1753267627119 0.017 275
1753267680011 0.01701 276
1753267733066 0.01701 277
1753267786064 0.017 278
1753267838782 0.01701 279
1753267891727 0.01701 280
1753267944416 0.017 281
1753267997783 0.01699 282
1753268050516 0.01699 283
1753268103485 0.01699 284
1753268156522 0.01699 285
1753268209574 0.017 286
1753268262352 0.01698 287
1753268315406 0.01698 288
1753268368758 0.01697 289
1753268421979 0.01699 290
1753268475185 0.01698 291
1753268528054 0.01698 292
1753268581038 0.01698 293
1753268634301 0.01699 294
1753268687608 0.01697 295
1753268740798 0.01697 296
1753268793701 0.01698 297
1753268847429 0.01697 298
1753268899414 0.01697 299
1753268952407 0.01696 300
