1753388366728 1.0 0
1753388384514 2.0 0
1753388402997 3.0 0
1753388421297 4.0 0
1753388438953 5.0 0
1753388456374 6.0 0
1753388473731 7.0 0
1753388492237 8.0 0
1753388509411 9.0 0
1753388526622 10.0 0
1753388543854 11.0 0
1753388561158 12.0 0
1753388578922 13.0 0
1753388596262 14.0 0
1753388613719 15.0 0
1753388631188 16.0 0
1753388648816 17.0 0
1753388667181 18.0 0
1753388685395 19.0 0
1753388703452 20.0 0
1753388721506 21.0 0
1753388739513 22.0 0
1753388757774 23.0 0
1753388775856 24.0 0
1753388794101 25.0 0
1753388812316 26.0 0
1753388830573 27.0 0
1753388848737 28.0 0
1753388866170 29.0 0
1753388884002 30.0 0
1753388901836 31.0 0
1753388919786 32.0 0
1753388937752 33.0 0
1753388955760 34.0 0
1753388973711 35.0 0
1753388991145 36.0 0
1753389009527 37.0 0
1753389027519 38.0 0
1753389046201 39.0 0
1753389064604 40.0 0
1753389082795 41.0 0
1753389100907 42.0 0
1753389118436 43.0 0
1753389136293 44.0 0
1753389154120 45.0 0
1753389171996 46.0 0
1753389189864 47.0 0
1753389207571 48.0 0
1753389225002 49.0 0
1753389242326 50.0 0
1753389259646 51.0 0
1753389277190 52.0 0
1753389294579 53.0 0
1753389312390 54.0 0
1753389330279 55.0 0
1753389348204 56.0 0
1753389401841 59.0 0
1753389419685 60.0 0
1753389437654 61.0 0
1753389491945 64.0 0
1753389580121 69.0 0
1753389597451 70.0 0
1753389615133 71.0 0
1753389667305 74.0 0
1753389719979 77.0 0
1753389756450 79.0 0
