1753388352242 0.78785 1
1753388370719 0.69601 2
1753388388597 0.6623 3
1753388406999 0.61078 4
1753388425225 0.54557 5
1753388442913 0.499 6
1753388460387 0.45722 7
1753388477703 0.41811 8
1753388496207 0.3824 9
1753388513382 0.34718 10
1753388530594 0.31535 11
1753388547840 0.28659 12
1753388565132 0.26048 13
1753388582927 0.23689 14
1753388600300 0.21256 15
1753388617758 0.19098 16
1753388635228 0.17346 17
1753388652835 0.15788 18
1753388671220 0.14413 19
1753388689422 0.13199 20
1753388707368 0.12142 21
1753388725412 0.11187 22
1753388743417 0.10351 23
1753388761720 0.09599 24
1753388779805 0.08947 25
1753388798090 0.08348 26
1753388816337 0.07821 27
1753388834542 0.07346 28
1753388852714 0.06925 29
1753388870125 0.06542 30
1753388887987 0.06197 31
1753388905873 0.05888 32
1753388923826 0.05607 33
1753388941813 0.05357 34
1753388959739 0.05121 35
1753388977699 0.0491 36
1753388995201 0.04714 37
1753389013554 0.04541 38
1753389031543 0.04378 39
1753389050260 0.04227 40
1753389068605 0.04091 41
1753389086799 0.03967 42
1753389104886 0.03844 43
1753389122458 0.03737 44
1753389140302 0.03639 45
1753389158134 0.03545 46
1753389175922 0.0346 47
1753389193791 0.03381 48
1753389211521 0.03302 49
1753389229125 0.03235 50
1753389246342 0.03166 51
1753389263681 0.03107 52
1753389281237 0.03047 53
1753389298561 0.02993 54
1753389316343 0.02941 55
1753389334301 0.02895 56
1753389352180 0.02847 57
1753389370043 0.02807 58
1753389387928 0.02767 59
1753389405811 0.02728 60
1753389423726 0.02686 61
1753389441610 0.02655 62
1753389459724 0.02624 63
1753389477501 0.0259 64
1753389495852 0.02563 65
1753389513611 0.02533 66
1753389531407 0.02508 67
1753389549228 0.02478 68
1753389566678 0.02453 69
1753389584029 0.02433 70
1753389601420 0.02408 71
1753389619117 0.02385 72
1753389636382 0.02369 73
1753389653407 0.0235 74
1753389671253 0.02331 75
1753389688830 0.02314 76
1753389706085 0.02293 77
1753389724009 0.02279 78
1753389742411 0.02267 79
1753389760504 0.02248 80
1753389778560 0.02234 81
1753389796528 0.0222 82
1753389814381 0.02207 83
1753389831716 0.02191 84
1753389849151 0.0218 85
1753389866599 0.0217 86
1753389884223 0.0216 87
1753389901754 0.02145 88
1753389919336 0.02125 89
1753389936666 0.02115 90
1753389954212 0.02115 91
1753389972122 0.0211 92
1753389989583 0.02106 93
1753390007155 0.02107 94
1753390025018 0.02101 95
1753390042965 0.02099 96
1753390060891 0.02095 97
1753390078823 0.02092 98
1753390096771 0.02089 99
1753390114692 0.02089 100
1753390132709 0.02087 101
1753390150958 0.02086 102
1753390168853 0.02085 103
1753390186737 0.02084 104
1753390204552 0.02085 105
1753390222365 0.02081 106
1753390240199 0.02084 107
1753390258120 0.02087 108
1753390275942 0.02086 109
1753390293755 0.02083 110
1753390311711 0.02083 111
1753390329813 0.02083 112
1753390347756 0.02084 113
1753390365723 0.02083 114
1753390383662 0.02084 115
1753390401668 0.02081 116
1753390419459 0.02086 117
1753390436777 0.02084 118
1753390454232 0.02083 119
1753390471925 0.0208 120
1753390489667 0.02082 121
1753390507109 0.02083 122
1753390524483 0.02081 123
1753390542015 0.02082 124
1753390559426 0.0208 125
1753390576840 0.02084 126
1753390594325 0.02084 127
1753390612185 0.02084 128
1753390630134 0.0208 129
1753390647996 0.02079 130
1753390665920 0.02081 131
1753390683847 0.02084 132
1753390701253 0.02083 133
1753390718803 0.02083 134
1753390736396 0.02081 135
1753390753939 0.02082 136
1753390771926 0.02081 137
1753390789691 0.02081 138
1753390807190 0.02084 139
1753390824375 0.02079 140
1753390842090 0.02081 141
1753390860003 0.0208 142
1753390877739 0.02081 143
1753390895611 0.02083 144
1753390913409 0.02083 145
1753390931257 0.02082 146
1753390948735 0.02085 147
1753390966173 0.02082 148
1753390983649 0.02081 149
1753391001093 0.0208 150
1753391018653 0.02081 151
1753391036169 0.02083 152
1753391054009 0.02083 153
1753391071924 0.0208 154
1753391089379 0.0208 155
1753391106970 0.02078 156
1753391124442 0.02081 157
1753391141967 0.02079 158
1753391159430 0.0208 159
1753391177242 0.02081 160
1753391195007 0.02082 161
1753391212967 0.02083 162
1753391230397 0.02079 163
1753391247883 0.0208 164
1753391265449 0.0208 165
1753391283141 0.02081 166
1753391301058 0.02081 167
1753391319092 0.02083 168
1753391336978 0.0208 169
1753391354790 0.02084 170
1753391372294 0.02082 171
1753391389717 0.02079 172
1753391407119 0.02078 173
1753391424874 0.02084 174
1753391442556 0.02078 175
1753391460616 0.0208 176
1753391478499 0.0208 177
1753391496179 0.0208 178
1753391513829 0.0208 179
1753391531534 0.0208 180
1753391550066 0.02082 181
1753391567933 0.02081 182
1753391585586 0.02079 183
1753391603550 0.02082 184
1753391621551 0.02081 185
1753391639192 0.02079 186
1753391656942 0.02081 187
1753391674827 0.02078 188
1753391692480 0.02079 189
1753391710140 0.02077 190
1753391727826 0.0208 191
1753391745641 0.02078 192
1753391763354 0.0208 193
1753391781313 0.02082 194
1753391799085 0.02078 195
1753391816807 0.02081 196
1753391834231 0.02082 197
1753391851867 0.02079 198
1753391870122 0.02081 199
1753391888299 0.0208 200
1753391906365 0.02082 201
1753391924468 0.02078 202
1753391942552 0.02079 203
1753391960559 0.02081 204
1753391978544 0.0208 205
1753391996520 0.02079 206
1753392014560 0.02079 207
1753392032798 0.02081 208
1753392050363 0.02078 209
1753392068082 0.02078 210
1753392085330 0.02081 211
1753392102611 0.02078 212
1753392119868 0.0208 213
1753392136932 0.0208 214
1753392154429 0.0208 215
1753392171758 0.02081 216
1753392189599 0.02081 217
1753392207351 0.0208 218
1753392225145 0.02079 219
1753392242942 0.02079 220
1753392260594 0.02078 221
1753392278199 0.0208 222
1753392296041 0.02078 223
1753392313940 0.02081 224
1753392332032 0.02077 225
1753392349807 0.02079 226
1753392367677 0.02078 227
1753392385523 0.02081 228
1753392403284 0.02077 229
1753392421094 0.02077 230
1753392438957 0.0208 231
1753392456814 0.02077 232
1753392474577 0.02079 233
1753392492391 0.02079 234
1753392509808 0.02078 235
1753392527523 0.02077 236
1753392545707 0.02074 237
1753392563548 0.02078 238
1753392581788 0.02079 239
1753392599872 0.02074 240
1753392617506 0.02078 241
1753392636197 0.02078 242
1753392654407 0.02078 243
1753392673253 0.0208 244
1753392691863 0.02077 245
1753392710267 0.02078 246
1753392728178 0.02079 247
1753392746662 0.0208 248
1753392765207 0.02078 249
1753392783191 0.02079 250
1753392801030 0.02079 251
1753392819286 0.02075 252
1753392837769 0.02078 253
1753392855999 0.02076 254
1753392874657 0.02075 255
1753392892731 0.02076 256
1753392911439 0.02081 257
1753392930511 0.02079 258
1753392949086 0.02076 259
1753392966889 0.02077 260
1753392984977 0.02077 261
1753393002966 0.02078 262
1753393021564 0.02075 263
1753393040098 0.02076 264
1753393058271 0.02074 265
1753393076543 0.02077 266
1753393094963 0.02076 267
1753393113466 0.02075 268
1753393131853 0.02075 269
1753393150248 0.02079 270
1753393168595 0.02076 271
1753393186940 0.02077 272
1753393205204 0.02075 273
1753393223433 0.02077 274
1753393241214 0.02076 275
1753393259438 0.02078 276
1753393278018 0.0208 277
1753393296566 0.02077 278
1753393314765 0.02074 279
1753393332843 0.02075 280
1753393350966 0.02073 281
1753393369103 0.02077 282
1753393387534 0.02074 283
1753393405397 0.02075 284
1753393423300 0.02077 285
1753393441602 0.02074 286
1753393459964 0.02076 287
1753393478300 0.02072 288
1753393496481 0.02076 289
1753393514874 0.02075 290
1753393533106 0.02071 291
1753393552370 0.02075 292
1753393570223 0.02074 293
1753393588430 0.02073 294
1753393606986 0.02077 295
1753393625098 0.02076 296
1753393643483 0.02073 297
1753393662368 0.02072 298
1753393681037 0.02075 299
1753393699242 0.02073 300
