1753388366738 0.0010000000474974513 1
1753388384525 0.0010000000474974513 2
1753388403015 0.0010000000474974513 3
1753388421305 0.0010000000474974513 4
1753388438961 0.0010000000474974513 5
1753388456379 0.0010000000474974513 6
1753388473737 0.0010000000474974513 7
1753388492243 0.0010000000474974513 8
1753388509417 0.0010000000474974513 9
1753388526630 0.0010000000474974513 10
1753388543865 0.0010000000474974513 11
1753388561166 0.0010000000474974513 12
1753388578928 0.0010000000474974513 13
1753388596269 0.0010000000474974513 14
1753388613725 0.0010000000474974513 15
1753388631195 0.0010000000474974513 16
1753388648823 0.0010000000474974513 17
1753388667189 0.0010000000474974513 18
1753388685407 0.0010000000474974513 19
1753388703460 0.0010000000474974513 20
1753388721512 0.0010000000474974513 21
1753388739519 0.0010000000474974513 22
1753388757780 0.0010000000474974513 23
1753388775864 0.0010000000474974513 24
1753388794109 0.0010000000474974513 25
1753388812324 0.0010000000474974513 26
1753388830581 0.0010000000474974513 27
1753388848746 0.0010000000474974513 28
1753388866180 0.0010000000474974513 29
1753388884007 0.0010000000474974513 30
1753388901842 0.0010000000474974513 31
1753388919792 0.0010000000474974513 32
1753388937759 0.0010000000474974513 33
1753388955766 0.0010000000474974513 34
1753388973721 0.0010000000474974513 35
1753388991155 0.0010000000474974513 36
1753389009537 0.0010000000474974513 37
1753389027526 0.0010000000474974513 38
1753389046207 0.0010000000474974513 39
1753389064609 0.0010000000474974513 40
1753389082801 0.0010000000474974513 41
1753389100914 0.0010000000474974513 42
1753389118442 0.0010000000474974513 43
1753389136303 0.0010000000474974513 44
1753389154132 0.0010000000474974513 45
1753389172003 0.0010000000474974513 46
1753389189872 0.0010000000474974513 47
1753389207578 0.0010000000474974513 48
1753389225009 0.0010000000474974513 49
1753389242333 0.0010000000474974513 50
1753389259652 0.0010000000474974513 51
1753389277197 0.0010000000474974513 52
1753389294588 0.0010000000474974513 53
1753389312399 0.0010000000474974513 54
1753389330285 0.0010000000474974513 55
1753389348210 0.0010000000474974513 56
1753389366064 0.0010000000474974513 57
1753389383931 0.0010000000474974513 58
1753389401848 0.0010000000474974513 59
1753389419699 0.0010000000474974513 60
1753389437662 0.0010000000474974513 61
1753389455781 0.0010000000474974513 62
1753389473574 0.0010000000474974513 63
1753389491952 0.0010000000474974513 64
1753389509731 0.0010000000474974513 65
1753389527447 0.0010000000474974513 66
1753389545264 0.0010000000474974513 67
1753389562788 0.0010000000474974513 68
1753389580128 0.0010000000474974513 69
1753389597460 0.0010000000474974513 70
1753389615144 0.0010000000474974513 71
1753389632459 0.0010000000474974513 72
1753389649500 0.0010000000474974513 73
1753389667312 0.0010000000474974513 74
1753389684892 0.0010000000474974513 75
1753389702068 0.0010000000474974513 76
1753389719990 0.0010000000474974513 77
1753389738367 0.0010000000474974513 78
1753389756460 0.0010000000474974513 79
1753389774537 0.0010000000474974513 80
1753389792576 0.0010000000474974513 81
1753389810462 0.0010000000474974513 82
1753389827761 0.0010000000474974513 83
1753389845186 0.0010000000474974513 84
1753389862677 0.0010000000474974513 85
1753389880280 0.0010000000474974513 86
1753389897790 0.0010000000474974513 87
1753389915368 0.00020000000949949026 88
1753389932740 0.00020000000949949026 89
1753389950209 0.00020000000949949026 90
1753389968116 0.00020000000949949026 91
1753389985579 0.00020000000949949026 92
1753390003099 0.00020000000949949026 93
1753390021059 0.00020000000949949026 94
1753390038960 0.00020000000949949026 95
1753390056888 0.00020000000949949026 96
1753390074796 4.0000002627493814e-05 97
1753390092748 4.0000002627493814e-05 98
1753390110655 4.0000002627493814e-05 99
1753390128636 4.0000002627493814e-05 100
1753390146926 4.0000002627493814e-05 101
1753390164872 4.0000002627493814e-05 102
1753390182741 4.0000002627493814e-05 103
1753390200554 4.0000002627493814e-05 104
1753390218400 4.0000002627493814e-05 105
1753390236257 8.000000889296643e-06 106
1753390254119 8.000000889296643e-06 107
1753390271907 8.000000889296643e-06 108
1753390289733 8.000000889296643e-06 109
1753390307676 8.000000889296643e-06 110
1753390325792 8.000000889296643e-06 111
1753390343736 8.000000889296643e-06 112
1753390361702 8.000000889296643e-06 113
1753390379622 8.000000889296643e-06 114
1753390397625 1.6000001323845936e-06 115
1753390415459 1.6000001323845936e-06 116
1753390432762 1.6000001323845936e-06 117
1753390450175 1.6000001323845936e-06 118
1753390467908 1.6000001323845936e-06 119
1753390485668 1.6000001323845936e-06 120
1753390503070 1.6000001323845936e-06 121
1753390520465 1.6000001323845936e-06 122
1753390538011 1.6000001323845936e-06 123
1753390555402 9.999999974752427e-07 124
1753390572860 9.999999974752427e-07 125
1753390590438 9.999999974752427e-07 126
1753390608182 9.999999974752427e-07 127
1753390626133 9.999999974752427e-07 128
1753390644114 9.999999974752427e-07 129
1753390661953 9.999999974752427e-07 130
1753390679875 9.999999974752427e-07 131
1753390697258 9.999999974752427e-07 132
1753390714817 9.999999974752427e-07 133
1753390732411 9.999999974752427e-07 134
1753390750016 9.999999974752427e-07 135
1753390767927 9.999999974752427e-07 136
1753390785748 9.999999974752427e-07 137
1753390803229 9.999999974752427e-07 138
1753390820428 9.999999974752427e-07 139
1753390838105 9.999999974752427e-07 140
1753390856039 9.999999974752427e-07 141
1753390873804 9.999999974752427e-07 142
1753390891704 9.999999974752427e-07 143
1753390909443 9.999999974752427e-07 144
1753390927276 9.999999974752427e-07 145
1753390944730 9.999999974752427e-07 146
1753390962169 9.999999974752427e-07 147
1753390979640 9.999999974752427e-07 148
1753390997086 9.999999974752427e-07 149
1753391014665 9.999999974752427e-07 150
1753391032206 9.999999974752427e-07 151
1753391050039 9.999999974752427e-07 152
1753391067956 9.999999974752427e-07 153
1753391085373 9.999999974752427e-07 154
1753391103002 9.999999974752427e-07 155
1753391120481 9.999999974752427e-07 156
1753391138000 9.999999974752427e-07 157
1753391155499 9.999999974752427e-07 158
1753391173264 9.999999974752427e-07 159
1753391191041 9.999999974752427e-07 160
1753391208959 9.999999974752427e-07 161
1753391226433 9.999999974752427e-07 162
1753391243918 9.999999974752427e-07 163
1753391261484 9.999999974752427e-07 164
1753391279055 9.999999974752427e-07 165
1753391297088 9.999999974752427e-07 166
1753391315065 9.999999974752427e-07 167
1753391332989 9.999999974752427e-07 168
1753391350824 9.999999974752427e-07 169
1753391368305 9.999999974752427e-07 170
1753391385728 9.999999974752427e-07 171
1753391403137 9.999999974752427e-07 172
1753391420831 9.999999974752427e-07 173
1753391438592 9.999999974752427e-07 174
1753391456574 9.999999974752427e-07 175
1753391474477 9.999999974752427e-07 176
1753391492220 9.999999974752427e-07 177
1753391509867 9.999999974752427e-07 178
1753391527574 9.999999974752427e-07 179
1753391546123 9.999999974752427e-07 180
1753391563979 9.999999974752427e-07 181
1753391581619 9.999999974752427e-07 182
1753391599360 9.999999974752427e-07 183
1753391617570 9.999999974752427e-07 184
1753391635243 9.999999974752427e-07 185
1753391652912 9.999999974752427e-07 186
1753391670808 9.999999974752427e-07 187
1753391688542 9.999999974752427e-07 188
1753391706190 9.999999974752427e-07 189
1753391723863 9.999999974752427e-07 190
1753391741584 9.999999974752427e-07 191
1753391759350 9.999999974752427e-07 192
1753391777331 9.999999974752427e-07 193
1753391795103 9.999999974752427e-07 194
1753391812826 9.999999974752427e-07 195
1753391830253 9.999999974752427e-07 196
1753391847866 9.999999974752427e-07 197
1753391866122 9.999999974752427e-07 198
1753391884333 9.999999974752427e-07 199
1753391902367 9.999999974752427e-07 200
1753391920522 9.999999974752427e-07 201
1753391938558 9.999999974752427e-07 202
1753391956574 9.999999974752427e-07 203
1753391974574 9.999999974752427e-07 204
1753391992541 9.999999974752427e-07 205
1753392010544 9.999999974752427e-07 206
1753392028789 9.999999974752427e-07 207
1753392046367 9.999999974752427e-07 208
1753392064086 9.999999974752427e-07 209
1753392081316 9.999999974752427e-07 210
1753392098544 9.999999974752427e-07 211
1753392115860 9.999999974752427e-07 212
1753392133052 9.999999974752427e-07 213
1753392150506 9.999999974752427e-07 214
1753392167817 9.999999974752427e-07 215
1753392185585 9.999999974752427e-07 216
1753392203414 9.999999974752427e-07 217
1753392221190 9.999999974752427e-07 218
1753392238960 9.999999974752427e-07 219
1753392256614 9.999999974752427e-07 220
1753392274225 9.999999974752427e-07 221
1753392292034 9.999999974752427e-07 222
1753392309909 9.999999974752427e-07 223
1753392328129 9.999999974752427e-07 224
1753392345898 9.999999974752427e-07 225
1753392363672 9.999999974752427e-07 226
1753392381570 9.999999974752427e-07 227
1753392399379 9.999999974752427e-07 228
1753392417147 9.999999974752427e-07 229
1753392434971 9.999999974752427e-07 230
1753392452912 9.999999974752427e-07 231
1753392470673 9.999999974752427e-07 232
1753392488525 9.999999974752427e-07 233
1753392505827 9.999999974752427e-07 234
1753392523579 9.999999974752427e-07 235
1753392541777 9.999999974752427e-07 236
1753392559657 9.999999974752427e-07 237
1753392577817 9.999999974752427e-07 238
1753392595919 9.999999974752427e-07 239
1753392613559 9.999999974752427e-07 240
1753392632227 9.999999974752427e-07 241
1753392650465 9.999999974752427e-07 242
1753392669262 9.999999974752427e-07 243
1753392687951 9.999999974752427e-07 244
1753392706308 9.999999974752427e-07 245
1753392724266 9.999999974752427e-07 246
1753392742647 9.999999974752427e-07 247
1753392761139 9.999999974752427e-07 248
1753392779331 9.999999974752427e-07 249
1753392797167 9.999999974752427e-07 250
1753392815308 9.999999974752427e-07 251
1753392833763 9.999999974752427e-07 252
1753392851961 9.999999974752427e-07 253
1753392870618 9.999999974752427e-07 254
1753392888793 9.999999974752427e-07 255
1753392907403 9.999999974752427e-07 256
1753392926558 9.999999974752427e-07 257
1753392945196 9.999999974752427e-07 258
1753392962861 9.999999974752427e-07 259
1753392980999 9.999999974752427e-07 260
1753392999003 9.999999974752427e-07 261
1753393017524 9.999999974752427e-07 262
1753393036146 9.999999974752427e-07 263
1753393054251 9.999999974752427e-07 264
1753393072548 9.999999974752427e-07 265
1753393090976 9.999999974752427e-07 266
1753393109531 9.999999974752427e-07 267
1753393127837 9.999999974752427e-07 268
1753393146334 9.999999974752427e-07 269
1753393164684 9.999999974752427e-07 270
1753393182936 9.999999974752427e-07 271
1753393201217 9.999999974752427e-07 272
1753393219431 9.999999974752427e-07 273
1753393237315 9.999999974752427e-07 274
1753393255447 9.999999974752427e-07 275
1753393274123 9.999999974752427e-07 276
1753393292677 9.999999974752427e-07 277
1753393310891 9.999999974752427e-07 278
1753393328950 9.999999974752427e-07 279
1753393347052 9.999999974752427e-07 280
1753393365085 9.999999974752427e-07 281
1753393383508 9.999999974752427e-07 282
1753393401446 9.999999974752427e-07 283
1753393419442 9.999999974752427e-07 284
1753393437641 9.999999974752427e-07 285
1753393456012 9.999999974752427e-07 286
1753393474316 9.999999974752427e-07 287
1753393492526 9.999999974752427e-07 288
1753393510916 9.999999974752427e-07 289
1753393529111 9.999999974752427e-07 290
1753393548379 9.999999974752427e-07 291
1753393566296 9.999999974752427e-07 292
1753393584439 9.999999974752427e-07 293
1753393602990 9.999999974752427e-07 294
1753393621095 9.999999974752427e-07 295
1753393639560 9.999999974752427e-07 296
1753393658306 9.999999974752427e-07 297
1753393677012 9.999999974752427e-07 298
1753393695244 9.999999974752427e-07 299
1753393713318 9.999999974752427e-07 300
