1753342489906 1.0 0
1753342503911 2.0 0
1753342517799 3.0 0
1753342531575 4.0 0
1753342545485 5.0 0
1753342559366 6.0 0
1753342573387 7.0 0
1753342587187 8.0 0
1753342601071 9.0 0
1753342614650 10.0 0
1753342628690 11.0 0
1753342642202 12.0 0
1753342655908 13.0 0
1753342669805 14.0 0
1753342683274 15.0 0
1753342696909 16.0 0
1753342710551 17.0 0
1753342724656 18.0 0
1753342738174 19.0 0
1753342751841 20.0 0
1753342765847 21.0 0
1753342779563 22.0 0
1753342793364 23.0 0
1753342807476 24.0 0
1753342821026 25.0 0
1753342834750 26.0 0
1753342848419 27.0 0
1753342862253 28.0 0
1753342876102 29.0 0
1753342889773 30.0 0
1753342903499 31.0 0
1753342917270 32.0 0
1753342931280 33.0 0
1753342945007 34.0 0
1753342973136 36.0 0
1753342986752 37.0 0
1753343000566 38.0 0
1753343014464 39.0 0
1753343027980 40.0 0
1753343041893 41.0 0
1753343055562 42.0 0
1753343069580 43.0 0
1753343083778 44.0 0
1753343110926 46.0 0
1753343138694 48.0 0
1753343152320 49.0 0
1753343166081 50.0 0
1753343221423 54.0 0
1753343235650 55.0 0
1753343249915 56.0 0
1753343263529 57.0 0
1753343291208 59.0 0
1753343304978 60.0 0
1753343428779 69.0 0
1753343442469 70.0 0
1753343525399 76.0 0
1753343566919 79.0 0
1753343595021 81.0 0
1753343718586 90.0 0
