1753342477605 0.63799 1
1753342492794 0.5428 2
1753342506620 0.48265 3
1753342520408 0.4318 4
1753342534292 0.38742 5
1753342548129 0.34789 6
1753342562084 0.31155 7
1753342576061 0.27746 8
1753342589768 0.24648 9
1753342603705 0.21869 10
1753342617329 0.19326 11
1753342631298 0.17086 12
1753342644861 0.15179 13
1753342658557 0.13541 14
1753342672346 0.12139 15
1753342685854 0.10938 16
1753342699520 0.09904 17
1753342713240 0.09004 18
1753342727337 0.0822 19
1753342740850 0.07536 20
1753342754552 0.0694 21
1753342768487 0.06425 22
1753342782203 0.05978 23
1753342795999 0.05588 24
1753342810081 0.05255 25
1753342823642 0.04947 26
1753342837366 0.0469 27
1753342851066 0.04454 28
1753342864866 0.04247 29
1753342878735 0.04062 30
1753342892393 0.03896 31
1753342906119 0.03749 32
1753342919872 0.03614 33
1753342933897 0.03489 34
1753342947672 0.03375 35
1753342961680 0.0328 36
1753342975818 0.03187 37
1753342989406 0.03104 38
1753343003176 0.03027 39
1753343017109 0.02956 40
1753343030572 0.02892 41
1753343044569 0.02832 42
1753343058201 0.02777 43
1753343072272 0.02728 44
1753343086345 0.02677 45
1753343099964 0.02634 46
1753343113599 0.02596 47
1753343127424 0.02558 48
1753343141374 0.02519 49
1753343154924 0.02488 50
1753343168733 0.02458 51
1753343182549 0.02426 52
1753343196141 0.024 53
1753343209972 0.02376 54
1753343224528 0.02349 55
1753343238661 0.02327 56
1753343252511 0.02302 57
1753343266100 0.02281 58
1753343280064 0.02266 59
1753343293885 0.02248 60
1753343307543 0.02229 61
1753343321442 0.02215 62
1753343335103 0.02199 63
1753343348865 0.02182 64
1753343362889 0.0217 65
1753343376732 0.02157 66
1753343390624 0.02145 67
1753343404126 0.02132 68
1753343417606 0.02118 69
1753343431398 0.021 70
1753343445165 0.02094 71
1753343459135 0.02085 72
1753343473119 0.02075 73
1753343487043 0.02068 74
1753343500597 0.02054 75
1753343514230 0.02047 76
1753343528092 0.02038 77
1753343541857 0.02029 78
1753343555623 0.02022 79
1753343569629 0.02018 80
1753343583621 0.02003 81
1753343597714 0.01999 82
1753343611339 0.01994 83
1753343625031 0.0198 84
1753343638915 0.01976 85
1753343652706 0.01969 86
1753343666383 0.01967 87
1753343680081 0.01959 88
1753343693812 0.01955 89
1753343707644 0.01953 90
1753343721288 0.01943 91
1753343735079 0.01936 92
1753343748980 0.01929 93
1753343762705 0.01922 94
1753343776798 0.01921 95
1753343790941 0.01916 96
1753343804694 0.01908 97
1753343818382 0.01908 98
1753343831975 0.01902 99
1753343845968 0.01883 100
1753343859978 0.01874 101
1753343873659 0.01869 102
1753343887541 0.01868 103
1753343901413 0.01866 104
1753343915248 0.01869 105
1753343928902 0.01864 106
1753343942830 0.01863 107
1753343956612 0.01863 108
1753343970602 0.01856 109
1753343984583 0.01856 110
1753343998602 0.01856 111
1753344012096 0.01854 112
1753344025814 0.01852 113
1753344039522 0.01853 114
1753344053471 0.01853 115
1753344067593 0.01851 116
1753344081197 0.01853 117
1753344095074 0.01849 118
1753344109216 0.01849 119
1753344122894 0.0185 120
1753344136526 0.01851 121
1753344150339 0.01849 122
1753344163985 0.0185 123
1753344178047 0.01847 124
1753344191830 0.0185 125
1753344205615 0.01849 126
1753344219162 0.01849 127
1753344232830 0.01847 128
1753344246566 0.01851 129
1753344260430 0.01848 130
1753344274386 0.01849 131
1753344287916 0.0185 132
1753344301589 0.01847 133
1753344315473 0.0185 134
1753344329118 0.01848 135
1753344342625 0.0185 136
1753344356386 0.01848 137
1753344370155 0.01852 138
1753344383928 0.01848 139
1753344397686 0.01851 140
1753344411396 0.01847 141
1753344424944 0.01847 142
1753344438627 0.01851 143
1753344452164 0.01847 144
1753344466296 0.01849 145
1753344480043 0.01849 146
1753344493430 0.01848 147
1753344507077 0.01847 148
1753344520855 0.01847 149
1753344534836 0.01848 150
1753344548437 0.0185 151
1753344562432 0.01848 152
1753344576136 0.01847 153
1753344589918 0.01849 154
1753344603778 0.01846 155
1753344617582 0.01849 156
1753344631174 0.01848 157
1753344644826 0.01847 158
1753344658429 0.01844 159
1753344672468 0.01846 160
1753344686398 0.01849 161
1753344699986 0.01848 162
1753344713956 0.01848 163
1753344728583 0.01847 164
1753344742185 0.01845 165
1753344755745 0.01848 166
1753344769600 0.01849 167
1753344783305 0.01846 168
1753344797180 0.01846 169
1753344810944 0.01847 170
1753344824690 0.01848 171
1753344838315 0.01848 172
1753344851849 0.01848 173
1753344865371 0.0185 174
1753344879500 0.01849 175
1753344893158 0.01848 176
1753344906670 0.01849 177
1753344920479 0.01847 178
1753344934214 0.01845 179
1753344947784 0.01847 180
1753344961343 0.01848 181
1753344975373 0.01847 182
1753344989100 0.01848 183
1753345002928 0.01847 184
1753345016813 0.0185 185
1753345030579 0.01847 186
1753345044453 0.01848 187
1753345057927 0.01847 188
1753345071701 0.01845 189
1753345085159 0.01847 190
1753345099088 0.01848 191
1753345112647 0.01848 192
1753345126683 0.01851 193
1753345140341 0.01847 194
1753345153980 0.01848 195
1753345167662 0.01847 196
1753345181559 0.01845 197
1753345195107 0.01849 198
1753345208760 0.01845 199
1753345222436 0.01849 200
1753345236196 0.01848 201
1753345250290 0.01852 202
1753345263867 0.01847 203
1753345277418 0.01845 204
1753345291487 0.01847 205
1753345305299 0.01849 206
1753345318950 0.01849 207
1753345332750 0.01847 208
1753345346563 0.01847 209
1753345360313 0.01847 210
1753345374214 0.01847 211
1753345387950 0.0185 212
1753345401510 0.01846 213
1753345415126 0.01847 214
1753345428938 0.01851 215
1753345442802 0.0185 216
1753345456862 0.01847 217
1753345470657 0.01848 218
1753345484726 0.01847 219
1753345498553 0.01849 220
1753345512270 0.01847 221
1753345525779 0.01849 222
1753345539441 0.01845 223
1753345553203 0.01847 224
1753345567101 0.01849 225
1753345580886 0.01848 226
1753345594802 0.01847 227
1753345608427 0.01848 228
1753345622149 0.01847 229
1753345635790 0.01847 230
1753345649631 0.01844 231
1753345663580 0.01847 232
1753345677250 0.01847 233
1753345690913 0.01847 234
1753345704583 0.01846 235
1753345718395 0.01846 236
1753345731848 0.01845 237
1753345745817 0.01849 238
1753345759420 0.01848 239
1753345773388 0.01847 240
1753345787246 0.01849 241
1753345801327 0.01845 242
1753345814897 0.01851 243
1753345828584 0.01847 244
1753345842302 0.01847 245
1753345856185 0.01846 246
1753345870167 0.01849 247
1753345883617 0.01848 248
1753345897545 0.01848 249
1753345911377 0.01845 250
1753345925045 0.01849 251
1753345938609 0.0185 252
1753345952530 0.01848 253
1753345966241 0.01848 254
1753345980225 0.01844 255
1753345994062 0.01848 256
1753346007915 0.01847 257
1753346021558 0.01848 258
1753346035371 0.01848 259
1753346049040 0.01846 260
1753346062725 0.01848 261
1753346076946 0.01852 262
1753346090591 0.01849 263
1753346104593 0.01849 264
1753346118360 0.01845 265
1753346132292 0.01846 266
1753346146099 0.01844 267
1753346159758 0.01846 268
1753346173801 0.01844 269
1753346187822 0.01844 270
1753346201732 0.01846 271
1753346215983 0.01847 272
1753346229733 0.01848 273
1753346243619 0.01849 274
1753346257751 0.01846 275
1753346271576 0.01846 276
1753346285192 0.01846 277
1753346298952 0.01845 278
1753346312867 0.01846 279
1753346326589 0.01845 280
1753346340504 0.01845 281
1753346354401 0.01846 282
1753346368024 0.01843 283
1753346381886 0.01847 284
1753346395563 0.01844 285
1753346409342 0.01846 286
1753346423194 0.01846 287
1753346437059 0.01848 288
1753346450857 0.01843 289
1753346464756 0.01846 290
1753346478638 0.01845 291
1753346492487 0.0185 292
1753346506234 0.01845 293
1753346520275 0.01848 294
1753346534288 0.01843 295
1753346548324 0.01845 296
1753346562085 0.01846 297
1753346575641 0.01846 298
1753346589361 0.01842 299
1753346603395 0.01846 300
