1753342489912 0.0010000000474974513 1
1753342503916 0.0010000000474974513 2
1753342517803 0.0010000000474974513 3
1753342531579 0.0010000000474974513 4
1753342545489 0.0010000000474974513 5
1753342559370 0.0010000000474974513 6
1753342573391 0.0010000000474974513 7
1753342587191 0.0010000000474974513 8
1753342601075 0.0010000000474974513 9
1753342614655 0.0010000000474974513 10
1753342628695 0.0010000000474974513 11
1753342642206 0.0010000000474974513 12
1753342655912 0.0010000000474974513 13
1753342669809 0.0010000000474974513 14
1753342683278 0.0010000000474974513 15
1753342696913 0.0010000000474974513 16
1753342710555 0.0010000000474974513 17
1753342724660 0.0010000000474974513 18
1753342738179 0.0010000000474974513 19
1753342751845 0.0010000000474974513 20
1753342765852 0.0010000000474974513 21
1753342779566 0.0010000000474974513 22
1753342793368 0.0010000000474974513 23
1753342807480 0.0010000000474974513 24
1753342821031 0.0010000000474974513 25
1753342834754 0.0010000000474974513 26
1753342848423 0.0010000000474974513 27
1753342862257 0.0010000000474974513 28
1753342876106 0.0010000000474974513 29
1753342889777 0.0010000000474974513 30
1753342903503 0.0010000000474974513 31
1753342917275 0.0010000000474974513 32
1753342931284 0.0010000000474974513 33
1753342945012 0.0010000000474974513 34
1753342959066 0.0010000000474974513 35
1753342973141 0.0010000000474974513 36
1753342986757 0.0010000000474974513 37
1753343000570 0.0010000000474974513 38
1753343014468 0.0010000000474974513 39
1753343027984 0.0010000000474974513 40
1753343041898 0.0010000000474974513 41
1753343055566 0.0010000000474974513 42
1753343069585 0.0010000000474974513 43
1753343083782 0.0010000000474974513 44
1753343097269 0.0010000000474974513 45
1753343110931 0.0010000000474974513 46
1753343124716 0.0010000000474974513 47
1753343138698 0.0010000000474974513 48
1753343152325 0.0010000000474974513 49
1753343166085 0.0010000000474974513 50
1753343179893 0.0010000000474974513 51
1753343193532 0.0010000000474974513 52
1753343207266 0.0010000000474974513 53
1753343221427 0.0010000000474974513 54
1753343235654 0.0010000000474974513 55
1753343249919 0.0010000000474974513 56
1753343263533 0.0010000000474974513 57
1753343277412 0.0010000000474974513 58
1753343291212 0.0010000000474974513 59
1753343304983 0.0010000000474974513 60
1753343318698 0.0010000000474974513 61
1753343332452 0.0010000000474974513 62
1753343346166 0.0010000000474974513 63
1753343360236 0.0010000000474974513 64
1753343373994 0.0010000000474974513 65
1753343387927 0.0010000000474974513 66
1753343401537 0.0010000000474974513 67
1753343415000 0.0010000000474974513 68
1753343428783 0.0010000000474974513 69
1753343442473 0.0010000000474974513 70
1753343456475 0.0010000000474974513 71
1753343470507 0.0010000000474974513 72
1753343484429 0.0010000000474974513 73
1753343497933 0.0010000000474974513 74
1753343511605 0.0010000000474974513 75
1753343525404 0.0010000000474974513 76
1753343539217 0.0010000000474974513 77
1753343553062 0.0010000000474974513 78
1753343566923 0.0010000000474974513 79
1753343580992 0.0010000000474974513 80
1753343595026 0.0010000000474974513 81
1753343608675 0.0010000000474974513 82
1753343622336 0.0010000000474974513 83
1753343636233 0.0010000000474974513 84
1753343650107 0.0010000000474974513 85
1753343663693 0.0010000000474974513 86
1753343677373 0.0010000000474974513 87
1753343691180 0.0010000000474974513 88
1753343704974 0.0010000000474974513 89
1753343718590 0.0010000000474974513 90
1753343732447 0.0010000000474974513 91
1753343746361 0.0010000000474974513 92
1753343760008 0.0010000000474974513 93
1753343774121 0.0010000000474974513 94
1753343788294 0.0010000000474974513 95
1753343801981 0.0010000000474974513 96
1753343815825 0.0010000000474974513 97
1753343829335 0.0010000000474974513 98
1753343843296 0.00020000000949949026 99
1753343857349 0.00020000000949949026 100
1753343871019 0.00020000000949949026 101
1753343884846 0.00020000000949949026 102
1753343898728 0.00020000000949949026 103
1753343912639 0.00020000000949949026 104
1753343926230 0.00020000000949949026 105
1753343940149 0.00020000000949949026 106
1753343954019 0.00020000000949949026 107
1753343967827 4.0000002627493814e-05 108
1753343981786 4.0000002627493814e-05 109
1753343995928 4.0000002627493814e-05 110
1753344009481 4.0000002627493814e-05 111
1753344023130 4.0000002627493814e-05 112
1753344036785 4.0000002627493814e-05 113
1753344050826 4.0000002627493814e-05 114
1753344065007 4.0000002627493814e-05 115
1753344078569 4.0000002627493814e-05 116
1753344092428 8.000000889296643e-06 117
1753344106612 8.000000889296643e-06 118
1753344120269 8.000000889296643e-06 119
1753344133899 8.000000889296643e-06 120
1753344147707 8.000000889296643e-06 121
1753344161379 8.000000889296643e-06 122
1753344175451 8.000000889296643e-06 123
1753344189181 8.000000889296643e-06 124
1753344203021 8.000000889296643e-06 125
1753344216497 1.6000001323845936e-06 126
1753344230182 1.6000001323845936e-06 127
1753344243878 1.6000001323845936e-06 128
1753344257799 1.6000001323845936e-06 129
1753344271801 1.6000001323845936e-06 130
1753344285307 1.6000001323845936e-06 131
1753344298917 1.6000001323845936e-06 132
1753344312917 1.6000001323845936e-06 133
1753344326544 1.6000001323845936e-06 134
1753344340012 9.999999974752427e-07 135
1753344353647 9.999999974752427e-07 136
1753344367501 9.999999974752427e-07 137
1753344381306 9.999999974752427e-07 138
1753344395063 9.999999974752427e-07 139
1753344408831 9.999999974752427e-07 140
1753344422340 9.999999974752427e-07 141
1753344436018 9.999999974752427e-07 142
1753344449465 9.999999974752427e-07 143
1753344463595 9.999999974752427e-07 144
1753344477422 9.999999974752427e-07 145
1753344490860 9.999999974752427e-07 146
1753344504436 9.999999974752427e-07 147
1753344518267 9.999999974752427e-07 148
1753344532219 9.999999974752427e-07 149
1753344545862 9.999999974752427e-07 150
1753344559752 9.999999974752427e-07 151
1753344573547 9.999999974752427e-07 152
1753344587255 9.999999974752427e-07 153
1753344601184 9.999999974752427e-07 154
1753344614936 9.999999974752427e-07 155
1753344628527 9.999999974752427e-07 156
1753344642217 9.999999974752427e-07 157
1753344655774 9.999999974752427e-07 158
1753344669773 9.999999974752427e-07 159
1753344683764 9.999999974752427e-07 160
1753344697376 9.999999974752427e-07 161
1753344711164 9.999999974752427e-07 162
1753344725489 9.999999974752427e-07 163
1753344739515 9.999999974752427e-07 164
1753344753077 9.999999974752427e-07 165
1753344766991 9.999999974752427e-07 166
1753344780616 9.999999974752427e-07 167
1753344794578 9.999999974752427e-07 168
1753344808263 9.999999974752427e-07 169
1753344822115 9.999999974752427e-07 170
1753344835700 9.999999974752427e-07 171
1753344849268 9.999999974752427e-07 172
1753344862730 9.999999974752427e-07 173
1753344876884 9.999999974752427e-07 174
1753344890609 9.999999974752427e-07 175
1753344904098 9.999999974752427e-07 176
1753344917906 9.999999974752427e-07 177
1753344931591 9.999999974752427e-07 178
1753344945138 9.999999974752427e-07 179
1753344958780 9.999999974752427e-07 180
1753344972715 9.999999974752427e-07 181
1753344986481 9.999999974752427e-07 182
1753345000311 9.999999974752427e-07 183
1753345014211 9.999999974752427e-07 184
1753345027901 9.999999974752427e-07 185
1753345041762 9.999999974752427e-07 186
1753345055349 9.999999974752427e-07 187
1753345069191 9.999999974752427e-07 188
1753345082557 9.999999974752427e-07 189
1753345096440 9.999999974752427e-07 190
1753345109948 9.999999974752427e-07 191
1753345124040 9.999999974752427e-07 192
1753345137775 9.999999974752427e-07 193
1753345151349 9.999999974752427e-07 194
1753345165100 9.999999974752427e-07 195
1753345179029 9.999999974752427e-07 196
1753345192485 9.999999974752427e-07 197
1753345206090 9.999999974752427e-07 198
1753345219748 9.999999974752427e-07 199
1753345233465 9.999999974752427e-07 200
1753345247640 9.999999974752427e-07 201
1753345261245 9.999999974752427e-07 202
1753345274811 9.999999974752427e-07 203
1753345288796 9.999999974752427e-07 204
1753345302701 9.999999974752427e-07 205
1753345316289 9.999999974752427e-07 206
1753345330204 9.999999974752427e-07 207
1753345344017 9.999999974752427e-07 208
1753345357711 9.999999974752427e-07 209
1753345371499 9.999999974752427e-07 210
1753345385313 9.999999974752427e-07 211
1753345398922 9.999999974752427e-07 212
1753345412495 9.999999974752427e-07 213
1753345426256 9.999999974752427e-07 214
1753345440230 9.999999974752427e-07 215
1753345454037 9.999999974752427e-07 216
1753345467715 9.999999974752427e-07 217
1753345482079 9.999999974752427e-07 218
1753345495918 9.999999974752427e-07 219
1753345509667 9.999999974752427e-07 220
1753345523122 9.999999974752427e-07 221
1753345536857 9.999999974752427e-07 222
1753345550592 9.999999974752427e-07 223
1753345564510 9.999999974752427e-07 224
1753345578206 9.999999974752427e-07 225
1753345592200 9.999999974752427e-07 226
1753345605747 9.999999974752427e-07 227
1753345619507 9.999999974752427e-07 228
1753345633066 9.999999974752427e-07 229
1753345647045 9.999999974752427e-07 230
1753345660892 9.999999974752427e-07 231
1753345674597 9.999999974752427e-07 232
1753345688315 9.999999974752427e-07 233
1753345701962 9.999999974752427e-07 234
1753345715744 9.999999974752427e-07 235
1753345729177 9.999999974752427e-07 236
1753345743208 9.999999974752427e-07 237
1753345756822 9.999999974752427e-07 238
1753345770832 9.999999974752427e-07 239
1753345784586 9.999999974752427e-07 240
1753345798711 9.999999974752427e-07 241
1753345812320 9.999999974752427e-07 242
1753345825988 9.999999974752427e-07 243
1753345839655 9.999999974752427e-07 244
1753345853563 9.999999974752427e-07 245
1753345867485 9.999999974752427e-07 246
1753345880989 9.999999974752427e-07 247
1753345894890 9.999999974752427e-07 248
1753345908778 9.999999974752427e-07 249
1753345922391 9.999999974752427e-07 250
1753345935996 9.999999974752427e-07 251
1753345949861 9.999999974752427e-07 252
1753345963631 9.999999974752427e-07 253
1753345977581 9.999999974752427e-07 254
1753345991372 9.999999974752427e-07 255
1753346005243 9.999999974752427e-07 256
1753346018943 9.999999974752427e-07 257
1753346032750 9.999999974752427e-07 258
1753346046361 9.999999974752427e-07 259
1753346060126 9.999999974752427e-07 260
1753346074270 9.999999974752427e-07 261
1753346087907 9.999999974752427e-07 262
1753346101908 9.999999974752427e-07 263
1753346115664 9.999999974752427e-07 264
1753346129590 9.999999974752427e-07 265
1753346143515 9.999999974752427e-07 266
1753346157044 9.999999974752427e-07 267
1753346171211 9.999999974752427e-07 268
1753346185183 9.999999974752427e-07 269
1753346198801 9.999999974752427e-07 270
1753346213001 9.999999974752427e-07 271
1753346227107 9.999999974752427e-07 272
1753346240966 9.999999974752427e-07 273
1753346255071 9.999999974752427e-07 274
1753346268992 9.999999974752427e-07 275
1753346282572 9.999999974752427e-07 276
1753346296366 9.999999974752427e-07 277
1753346310179 9.999999974752427e-07 278
1753346323911 9.999999974752427e-07 279
1753346337901 9.999999974752427e-07 280
1753346351708 9.999999974752427e-07 281
1753346365375 9.999999974752427e-07 282
1753346379197 9.999999974752427e-07 283
1753346392969 9.999999974752427e-07 284
1753346406783 9.999999974752427e-07 285
1753346420449 9.999999974752427e-07 286
1753346434431 9.999999974752427e-07 287
1753346448209 9.999999974752427e-07 288
1753346462120 9.999999974752427e-07 289
1753346475957 9.999999974752427e-07 290
1753346489831 9.999999974752427e-07 291
1753346503651 9.999999974752427e-07 292
1753346517574 9.999999974752427e-07 293
1753346531589 9.999999974752427e-07 294
1753346545670 9.999999974752427e-07 295
1753346559418 9.999999974752427e-07 296
1753346573078 9.999999974752427e-07 297
1753346586722 9.999999974752427e-07 298
1753346600696 9.999999974752427e-07 299
1753346614418 9.999999974752427e-07 300
