1752708220845 1.0 0
1752708252773 2.0 0
1752708284965 3.0 0
1752708318023 4.0 0
1752708350287 5.0 0
1752708383267 6.0 0
1752708415455 7.0 0
1752708447516 8.0 0
1752708480718 9.0 0
1752708513240 10.0 0
1752708546063 11.0 0
1752708579050 12.0 0
1752708611972 13.0 0
1752708644508 14.0 0
1752708676963 15.0 0
1752708710519 16.0 0
1752708743325 17.0 0
1752708776374 18.0 0
1752708808863 19.0 0
1752708841991 20.0 0
1752708874749 21.0 0
1752708907955 22.0 0
1752708941568 23.0 0
1752708974303 24.0 0
1752709007323 25.0 0
1752709039977 26.0 0
1752709072209 27.0 0
1752709105666 28.0 0
1752709139284 29.0 0
1752709171755 30.0 0
1752709204846 31.0 0
1752709239108 32.0 0
1752709272156 33.0 0
1752709305219 34.0 0
1752709338468 35.0 0
1752709371860 36.0 0
1752709405598 37.0 0
1752709438205 38.0 0
1752709471566 39.0 0
1752709504855 40.0 0
1752709538056 41.0 0
1752709570608 42.0 0
1752709603921 43.0 0
1752709637498 44.0 0
1752709670571 45.0 0
1752709703193 46.0 0
1752709736713 47.0 0
1752709769315 48.0 0
1752709801706 49.0 0
1752709868963 51.0 0
1752709902130 52.0 0
1752709934914 53.0 0
1752710033565 56.0 0
1752710132478 59.0 0
1752710165089 60.0 0
1752710329899 65.0 0
1752710461157 69.0 0
1752710560323 72.0 0
1752710627006 74.0 0
1752710726301 77.0 0
1752710759349 78.0 0
1752710791949 79.0 0
1752710824720 80.0 0
1752710924480 83.0 0
1752711055978 87.0 0
1752711220529 92.0 0
1752711286695 94.0 0
1752711419417 98.0 0
1752711682517 106.0 0
1752711880032 112.0 0
1752711913474 113.0 0
