1752708196908 0.85762 1
1752708229210 0.72327 2
1752708261137 0.6333 3
1752708293356 0.57199 4
1752708326497 0.51495 5
1752708359021 0.46347 6
1752708392053 0.41774 7
1752708424065 0.37284 8
1752708456647 0.33267 9
1752708489547 0.29672 10
1752708522443 0.26478 11
1752708554972 0.23655 12
1752708588044 0.21156 13
1752708620747 0.18844 14
1752708653409 0.16758 15
1752708686218 0.15016 16
1752708719694 0.13541 17
1752708752270 0.1228 18
1752708785306 0.11189 19
1752708817937 0.10248 20
1752708850938 0.09422 21
1752708883827 0.08703 22
1752708917229 0.08079 23
1752708950832 0.07532 24
1752708983508 0.07051 25
1752709015946 0.06622 26
1752709048612 0.06248 27
1752709081365 0.05908 28
1752709114911 0.05609 29
1752709148494 0.05346 30
1752709180951 0.05108 31
1752709214113 0.0489 32
1752709248224 0.04689 33
1752709281245 0.04516 34
1752709314528 0.04358 35
1752709347617 0.04208 36
1752709380967 0.04075 37
1752709414680 0.03952 38
1752709447531 0.03838 39
1752709480835 0.03737 40
1752709513834 0.03644 41
1752709546840 0.03556 42
1752709579929 0.03474 43
1752709613088 0.03396 44
1752709646528 0.03326 45
1752709679436 0.03262 46
1752709712282 0.03204 47
1752709745730 0.03148 48
1752709777969 0.03092 49
1752709810970 0.03044 50
1752709844549 0.03003 51
1752709878215 0.0296 52
1752709911184 0.02918 53
1752709943889 0.02876 54
1752709976621 0.02844 55
1752710009697 0.02809 56
1752710042456 0.02773 57
1752710075715 0.02744 58
1752710108753 0.02713 59
1752710141443 0.02687 60
1752710174239 0.02657 61
1752710206961 0.0264 62
1752710239678 0.02623 63
1752710272214 0.02591 64
1752710305861 0.02571 65
1752710338722 0.02549 66
1752710371354 0.02529 67
1752710404490 0.02509 68
1752710437254 0.02488 69
1752710470242 0.02471 70
1752710503133 0.02457 71
1752710536410 0.02441 72
1752710569482 0.02431 73
1752710602583 0.02409 74
1752710636131 0.02395 75
1752710669545 0.02385 76
1752710702379 0.02371 77
1752710735538 0.02356 78
1752710768247 0.02343 79
1752710800917 0.02328 80
1752710833909 0.02324 81
1752710866564 0.02311 82
1752710900183 0.02301 83
1752710933645 0.02288 84
1752710966551 0.02283 85
1752710999459 0.02271 86
1752711032647 0.02261 87
1752711065074 0.02255 88
1752711097778 0.02244 89
1752711130570 0.02237 90
1752711163580 0.02232 91
1752711196527 0.02224 92
1752711229621 0.02211 93
1752711262640 0.02204 94
1752711295854 0.022 95
1752711329013 0.02192 96
1752711361939 0.02183 97
1752711395196 0.02177 98
1752711428326 0.02175 99
1752711460989 0.0217 100
1752711493891 0.02161 101
1752711526652 0.02157 102
1752711559745 0.02149 103
1752711593202 0.02142 104
1752711626075 0.02148 105
1752711658810 0.02141 106
1752711691731 0.02132 107
1752711724610 0.02125 108
1752711757603 0.02122 109
1752711790624 0.02115 110
1752711823052 0.02112 111
1752711856126 0.02106 112
1752711889358 0.02105 113
1752711922359 0.02099 114
1752711955622 0.02091 115
1752711990145 0.02088 116
1752712022523 0.02084 117
1752712056045 0.02079 118
1752712088844 0.02076 119
1752712121865 0.02074 120
1752712154491 0.02073 121
1752712187400 0.02072 122
1752712220251 0.02061 123
