1753266131304 1.0 0
1753266144838 2.0 0
1753266158274 3.0 0
1753266172216 4.0 0
1753266186222 5.0 0
1753266199827 6.0 0
1753266213460 7.0 0
1753266227314 8.0 0
1753266240912 9.0 0
1753266254387 10.0 0
1753266267910 11.0 0
1753266281835 12.0 0
1753266295397 13.0 0
1753266308927 14.0 0
1753266322359 15.0 0
1753266336259 16.0 0
1753266349861 17.0 0
1753266363311 18.0 0
1753266377068 19.0 0
1753266390606 20.0 0
1753266404023 21.0 0
1753266417418 22.0 0
1753266430865 23.0 0
1753266444841 24.0 0
1753266458420 25.0 0
1753266471873 26.0 0
1753266485774 27.0 0
1753266499266 28.0 0
1753266512871 29.0 0
1753266526442 30.0 0
1753266540441 31.0 0
1753266554096 32.0 0
1753266567620 33.0 0
1753266581500 34.0 0
1753266595027 35.0 0
1753266608680 36.0 0
1753266622150 37.0 0
1753266635754 38.0 0
1753266649624 39.0 0
1753266663209 40.0 0
1753266676700 41.0 0
1753266690463 42.0 0
1753266703979 43.0 0
1753266717606 44.0 0
1753266731021 45.0 0
1753266744766 46.0 0
1753266758209 47.0 0
1753266771716 48.0 0
1753266798856 50.0 0
1753266825928 52.0 0
1753266839446 53.0 0
1753266853271 54.0 0
1753266866719 55.0 0
1753266880325 56.0 0
1753266894001 57.0 0
1753266907420 58.0 0
1753266920991 59.0 0
1753266948541 61.0 0
1753266962133 62.0 0
1753267030285 67.0 0
1753267043919 68.0 0
1753267112419 73.0 0
1753267125775 74.0 0
1753267139245 75.0 0
1753267153272 76.0 0
1753267166686 77.0 0
1753267193993 79.0 0
1753267275707 85.0 0
1753267370812 92.0 0
1753267411679 95.0 0
1753267670187 114.0 0
