1753266118298 0.58876 1
1753266134019 0.4863 2
1753266147450 0.43713 3
1753266161273 0.4039 4
1753266174858 0.37516 5
1753266188945 0.34837 6
1753266202490 0.32152 7
1753266216113 0.29693 8
1753266230015 0.27394 9
1753266243447 0.25178 10
1753266257060 0.23147 11
1753266270548 0.21323 12
1753266284413 0.19656 13
1753266297980 0.18139 14
1753266311500 0.16754 15
1753266325009 0.15506 16
1753266338821 0.14375 17
1753266352514 0.13337 18
1753266365878 0.124 19
1753266379680 0.11468 20
1753266393219 0.10598 21
1753266406570 0.09874 22
1753266420043 0.09227 23
1753266433530 0.08652 24
1753266447416 0.0813 25
1753266460966 0.07671 26
1753266474405 0.07239 27
1753266488302 0.0685 28
1753266501952 0.06499 29
1753266515464 0.06182 30
1753266529109 0.05886 31
1753266543101 0.05625 32
1753266556654 0.05385 33
1753266570286 0.05162 34
1753266584082 0.0496 35
1753266597654 0.04774 36
1753266611249 0.04607 37
1753266624672 0.0444 38
1753266638319 0.04293 39
1753266652222 0.04157 40
1753266665814 0.04034 41
1753266679262 0.03918 42
1753266693110 0.03813 43
1753266706662 0.03716 44
1753266720122 0.03614 45
1753266733638 0.03528 46
1753266747376 0.03448 47
1753266760834 0.03369 48
1753266774222 0.03295 49
1753266788082 0.0323 50
1753266801459 0.03171 51
1753266815030 0.03112 52
1753266828459 0.03058 53
1753266842017 0.03006 54
1753266855865 0.02957 55
1753266869402 0.02906 56
1753266882917 0.02863 57
1753266896600 0.02818 58
1753266910035 0.02781 59
1753266923785 0.02744 60
1753266937240 0.02711 61
1753266951135 0.02671 62
1753266964816 0.02638 63
1753266978411 0.02609 64
1753266992235 0.02581 65
1753267005852 0.02559 66
1753267019378 0.02528 67
1753267032958 0.02501 68
1753267046497 0.02484 69
1753267060493 0.02457 70
1753267074103 0.02434 71
1753267087632 0.02409 72
1753267101466 0.02395 73
1753267115005 0.02376 74
1753267128375 0.02357 75
1753267141925 0.02336 76
1753267155838 0.02319 77
1753267169223 0.02307 78
1753267182666 0.02294 79
1753267196652 0.02276 80
1753267210181 0.02259 81
1753267223646 0.0225 82
1753267237277 0.02236 83
1753267250959 0.02225 84
1753267264821 0.02212 85
1753267278298 0.02196 86
1753267291815 0.02182 87
1753267305761 0.02169 88
1753267319398 0.02168 89
1753267332652 0.02151 90
1753267346102 0.02144 91
1753267359935 0.02133 92
1753267373465 0.02122 93
1753267386831 0.02111 94
1753267400776 0.02105 95
1753267414282 0.02093 96
1753267427788 0.02089 97
1753267441247 0.02079 98
1753267454720 0.02071 99
1753267468552 0.0206 100
1753267481931 0.02057 101
1753267495529 0.02046 102
1753267509294 0.02039 103
1753267522648 0.02035 104
1753267536132 0.02024 105
1753267549691 0.0202 106
1753267563485 0.02017 107
1753267577035 0.02013 108
1753267590594 0.02003 109
1753267604377 0.01996 110
1753267617917 0.01992 111
1753267631453 0.01982 112
1753267645015 0.01976 113
1753267658879 0.01977 114
1753267672839 0.01975 115
1753267686445 0.01965 116
1753267699809 0.0196 117
1753267713608 0.01953 118
1753267727230 0.01951 119
1753267740785 0.01948 120
1753267754231 0.0194 121
1753267767971 0.01939 122
1753267781515 0.01937 123
1753267795153 0.01934 124
1753267809061 0.01927 125
1753267822501 0.01921 126
1753267836076 0.01916 127
1753267849707 0.01911 128
1753267863180 0.01909 129
1753267876827 0.01907 130
1753267890386 0.01908 131
1753267903948 0.01897 132
1753267917818 0.019 133
1753267931226 0.0189 134
1753267944682 0.01885 135
1753267958447 0.01879 136
1753267971956 0.01882 137
1753267985293 0.01881 138
1753267998819 0.01879 139
1753268012420 0.01881 140
1753268026076 0.01868 141
1753268039515 0.01869 142
1753268053150 0.01864 143
1753268067076 0.01862 144
1753268080506 0.01858 145
1753268094105 0.01854 146
1753268107667 0.01857 147
1753268121208 0.01853 148
1753268135007 0.01849 149
1753268148558 0.0184 150
1753268162433 0.01842 151
1753268175955 0.01844 152
1753268189393 0.01841 153
1753268203065 0.01835 154
1753268216502 0.01834 155
1753268230368 0.01829 156
1753268243758 0.01826 157
1753268257275 0.0183 158
1753268271008 0.0182 159
1753268284574 0.01824 160
1753268298058 0.01824 161
1753268311576 0.01824 162
1753268325176 0.01815 163
1753268339177 0.01815 164
1753268352727 0.01812 165
1753268366884 0.01809 166
1753268380290 0.0181 167
1753268394184 0.01806 168
1753268407741 0.01805 169
1753268421207 0.01802 170
1753268435109 0.01799 171
1753268448654 0.01803 172
1753268462216 0.01799 173
1753268476016 0.01797 174
1753268489353 0.01797 175
1753268502780 0.01794 176
1753268516339 0.0179 177
1753268529769 0.01786 178
1753268543485 0.01785 179
1753268557087 0.01788 180
1753268570888 0.01789 181
1753268584562 0.0179 182
1753268598038 0.01782 183
1753268611487 0.01781 184
1753268625055 0.01775 185
1753268639039 0.01782 186
1753268652383 0.01777 187
1753268666020 0.01774 188
1753268680105 0.01769 189
1753268693714 0.01774 190
1753268707227 0.01772 191
1753268720739 0.01771 192
1753268734270 0.01767 193
1753268747975 0.01773 194
1753268761599 0.01768 195
1753268775533 0.01766 196
1753268789093 0.01764 197
1753268802584 0.01764 198
1753268816105 0.01759 199
1753268829554 0.01762 200
1753268843543 0.01757 201
1753268857091 0.01756 202
1753268870709 0.01749 203
1753268884695 0.01754 204
1753268898296 0.0175 205
1753268911937 0.0175 206
1753268925261 0.01749 207
1753268938693 0.01753 208
1753268952865 0.0175 209
1753268966466 0.01747 210
1753268980357 0.01746 211
1753268993891 0.01744 212
1753269007226 0.01745 213
1753269020924 0.0174 214
1753269034936 0.01744 215
1753269048450 0.01744 216
1753269062243 0.01746 217
1753269075869 0.01741 218
1753269089451 0.01733 219
1753269103510 0.01741 220
1753269117071 0.01738 221
1753269131228 0.01741 222
1753269144752 0.01738 223
1753269158284 0.01733 224
1753269172158 0.0174 225
1753269185715 0.01737 226
1753269199475 0.01732 227
1753269213345 0.01733 228
1753269226972 0.0173 229
1753269240895 0.01724 230
1753269254359 0.01735 231
1753269268237 0.01735 232
1753269281753 0.01729 233
1753269295324 0.0173 234
1753269309259 0.01724 235
1753269322760 0.01726 236
1753269336474 0.01718 237
1753269350094 0.01727 238
1753269363473 0.01728 239
1753269377311 0.01722 240
1753269390965 0.01723 241
1753269404764 0.01721 242
1753269418818 0.0172 243
1753269432338 0.01723 244
1753269446275 0.01724 245
1753269459716 0.01719 246
1753269473550 0.01721 247
1753269487016 0.01722 248
1753269500781 0.01718 249
1753269514548 0.01718 250
1753269527956 0.01716 251
1753269541707 0.01711 252
1753269555444 0.01713 253
1753269569059 0.01714 254
1753269582751 0.01717 255
1753269596277 0.01712 256
1753269610088 0.01708 257
1753269623881 0.0171 258
1753269637463 0.01708 259
1753269651240 0.01714 260
1753269664866 0.01712 261
1753269678499 0.01713 262
1753269692036 0.01712 263
1753269705543 0.01709 264
1753269719417 0.01706 265
1753269732814 0.01707 266
1753269746574 0.0171 267
1753269760008 0.01707 268
1753269773643 0.01703 269
1753269787165 0.01705 270
1753269800682 0.01706 271
1753269814645 0.01707 272
1753269828408 0.01701 273
1753269841908 0.017 274
1753269855529 0.01701 275
1753269869627 0.01704 276
1753269883217 0.017 277
1753269896726 0.01703 278
1753269910199 0.01702 279
1753269923754 0.017 280
1753269937447 0.01703 281
1753269951181 0.01695 282
1753269964689 0.017 283
1753269978681 0.01696 284
1753269992051 0.01696 285
1753270005423 0.01699 286
1753270019236 0.01694 287
1753270032936 0.01693 288
1753270046440 0.01697 289
1753270060341 0.01695 290
1753270073977 0.01693 291
1753270087641 0.01694 292
1753270101325 0.01693 293
1753270114723 0.01694 294
1753270128626 0.01692 295
1753270142359 0.01692 296
1753270156163 0.01694 297
1753270169670 0.01692 298
1753270183541 0.0169 299
1753270197245 0.01693 300
