1753399474895 1.0 0
1753399495040 2.0 0
1753399514958 3.0 0
1753399534740 4.0 0
1753399555010 5.0 0
1753399574815 6.0 0
1753399594732 7.0 0
1753399614822 8.0 0
1753399635127 9.0 0
1753399655311 10.0 0
1753399675092 11.0 0
1753399695472 12.0 0
1753399715592 13.0 0
1753399735808 14.0 0
1753399755924 15.0 0
1753399776231 16.0 0
1753399796310 17.0 0
1753399816385 18.0 0
1753399836775 19.0 0
1753399856724 20.0 0
1753399877083 21.0 0
1753399896861 22.0 0
1753399916940 23.0 0
1753399936738 24.0 0
1753399956933 25.0 0
1753399976908 26.0 0
1753400017065 28.0 0
1753400037338 29.0 0
1753400057462 30.0 0
1753400078080 31.0 0
1753400098810 32.0 0
1753400138928 34.0 0
1753400158863 35.0 0
1753400178978 36.0 0
1753400199404 37.0 0
1753400219337 38.0 0
1753400239641 39.0 0
1753400280044 41.0 0
1753400300175 42.0 0
1753400360044 45.0 0
1753400399962 47.0 0
1753400420380 48.0 0
1753400440511 49.0 0
1753400480850 51.0 0
1753400601265 57.0 0
1753400621355 58.0 0
