1753399460598 0.52294 1
1753399480779 0.41694 2
1753399500882 0.35667 3
1753399520869 0.30725 4
1753399540551 0.2633 5
1753399560745 0.2231 6
1753399580628 0.18859 7
1753399600477 0.15971 8
1753399620632 0.13751 9
1753399640908 0.11714 10
1753399661077 0.09992 11
1753399680919 0.08654 12
1753399701265 0.07623 13
1753399721359 0.06771 14
1753399741555 0.06086 15
1753399761697 0.05522 16
1753399782004 0.05058 17
1753399802100 0.04668 18
1753399822208 0.04338 19
1753399842528 0.0406 20
1753399862539 0.03822 21
1753399882866 0.03618 22
1753399902672 0.03443 23
1753399922728 0.03296 24
1753399942524 0.03169 25
1753399962762 0.03048 26
1753399982706 0.02946 27
1753400003068 0.0286 28
1753400022788 0.02777 29
1753400043154 0.02702 30
1753400063310 0.0264 31
1753400083836 0.02589 32
1753400104528 0.02534 33
1753400124237 0.02481 34
1753400144646 0.02441 35
1753400164647 0.02401 36
1753400184759 0.02362 37
1753400205148 0.02333 38
1753400225166 0.023 39
1753400245447 0.0227 40
1753400265477 0.02247 41
1753400285753 0.02227 42
1753400305882 0.02201 43
1753400325748 0.02176 44
1753400345690 0.02158 45
1753400366114 0.02139 46
1753400386215 0.02125 47
1753400405782 0.02107 48
1753400426174 0.0209 49
1753400446242 0.02079 50
1753400466350 0.02061 51
1753400486620 0.02054 52
1753400506806 0.02039 53
1753400526595 0.02023 54
1753400546672 0.02012 55
1753400566630 0.02007 56
1753400586562 0.01991 57
1753400607023 0.01988 58
1753400627067 0.01984 59
1753400646365 0.01969 60
1753400665999 0.01964 61
1753400685860 0.01952 62
1753400705795 0.01945 63
1753400725916 0.0194 64
1753400746072 0.01929 65
1753400766237 0.0192 66
1753400786558 0.01918 67
1753400806114 0.01902 68
1753400826033 0.01895 69
1753400845736 0.01891 70
1753400865121 0.01889 71
1753400884490 0.01888 72
1753400904432 0.01884 73
1753400924598 0.01885 74
1753400944823 0.01884 75
1753400964740 0.01883 76
1753400984843 0.01877 77
1753401004591 0.01872 78
1753401024139 0.01874 79
1753401044030 0.01877 80
1753401064097 0.01875 81
1753401084170 0.01873 82
1753401104401 0.01872 83
1753401124524 0.01872 84
1753401144614 0.01873 85
1753401164745 0.01873 86
1753401184682 0.01872 87
1753401204716 0.0187 88
1753401224598 0.0187 89
1753401244345 0.01869 90
1753401264145 0.0187 91
1753401283979 0.01874 92
1753401303937 0.01868 93
1753401323613 0.01869 94
1753401343543 0.0187 95
1753401363334 0.01867 96
1753401382992 0.0187 97
1753401403480 0.01868 98
1753401423415 0.0187 99
1753401443249 0.0187 100
1753401463006 0.01868 101
1753401482638 0.01867 102
1753401502518 0.01867 103
1753401522449 0.01872 104
1753401542330 0.01868 105
1753401562676 0.01871 106
1753401582931 0.0187 107
1753401603184 0.01867 108
1753401623045 0.01868 109
1753401643369 0.01869 110
1753401663470 0.0187 111
1753401683185 0.0187 112
1753401702970 0.01869 113
1753401722886 0.0187 114
1753401742954 0.0187 115
1753401762781 0.01867 116
1753401782672 0.0187 117
1753401802404 0.01868 118
1753401822074 0.01869 119
1753401842147 0.01868 120
1753401861992 0.01867 121
1753401882201 0.01866 122
1753401901397 0.0187 123
1753401921304 0.01868 124
1753401941312 0.01871 125
1753401961345 0.01869 126
1753401981834 0.01868 127
1753402002037 0.0187 128
1753402022062 0.01867 129
1753402042221 0.01869 130
1753402062071 0.01868 131
1753402082166 0.01869 132
1753402102206 0.01869 133
1753402122054 0.01867 134
1753402142261 0.0187 135
1753402162713 0.01866 136
1753402182609 0.01865 137
1753402202883 0.01869 138
1753402222818 0.01868 139
1753402242664 0.01865 140
1753402262704 0.0187 141
1753402282292 0.01869 142
1753402302811 0.01869 143
1753402323136 0.01868 144
1753402343227 0.01869 145
1753402363356 0.0187 146
1753402383266 0.01867 147
1753402403118 0.01867 148
1753402423038 0.01871 149
1753402443082 0.01869 150
1753402462829 0.01868 151
1753402482614 0.01871 152
1753402502970 0.01869 153
1753402522496 0.01868 154
1753402542498 0.0187 155
1753402562900 0.01864 156
1753402582962 0.01869 157
1753402602812 0.01865 158
1753402622799 0.01868 159
1753402642940 0.01869 160
1753402662932 0.0187 161
1753402682646 0.0187 162
1753402703067 0.01868 163
1753402723287 0.01867 164
1753402743639 0.01866 165
1753402763817 0.0187 166
1753402784045 0.01867 167
1753402803840 0.01868 168
1753402823844 0.01866 169
1753402843743 0.01868 170
1753402863484 0.01868 171
1753402883651 0.01868 172
1753402903874 0.01868 173
1753402923570 0.01869 174
1753402943479 0.01867 175
1753402964039 0.01868 176
1753402984330 0.01866 177
1753403004321 0.01867 178
1753403024359 0.01869 179
1753403044463 0.01867 180
1753403064804 0.0187 181
1753403084922 0.01869 182
1753403105171 0.01865 183
1753403125437 0.01867 184
1753403145106 0.01866 185
1753403164922 0.01867 186
1753403185269 0.01868 187
1753403205774 0.01865 188
1753403226002 0.01867 189
1753403246446 0.0187 190
1753403266723 0.01866 191
1753403286602 0.01865 192
1753403306119 0.01866 193
1753403326062 0.01865 194
1753403345621 0.01868 195
1753403365577 0.01868 196
1753403385328 0.01866 197
1753403404933 0.01867 198
1753403425374 0.01867 199
1753403445305 0.01868 200
1753403465363 0.01867 201
1753403485326 0.01865 202
1753403504875 0.01865 203
1753403524823 0.01868 204
1753403544903 0.01866 205
1753403564924 0.01868 206
1753403584519 0.01864 207
1753403604475 0.01867 208
1753403624199 0.01868 209
1753403644316 0.01865 210
1753403664159 0.01863 211
1753403684098 0.01866 212
1753403703896 0.01865 213
1753403723897 0.01863 214
1753403743287 0.01867 215
1753403763196 0.01865 216
1753403783179 0.01868 217
1753403803213 0.01868 218
1753403823225 0.01864 219
1753403843222 0.01865 220
1753403863091 0.01865 221
1753403882579 0.01864 222
1753403902348 0.01867 223
1753403922408 0.01865 224
1753403942416 0.01862 225
1753403961959 0.01868 226
1753403981384 0.01868 227
1753404001128 0.01864 228
1753404021077 0.01864 229
1753404041205 0.01867 230
1753404061185 0.01864 231
1753404080841 0.01865 232
1753404100471 0.01864 233
1753404120365 0.01866 234
1753404140329 0.01864 235
1753404160666 0.01864 236
1753404180642 0.01863 237
1753404200015 0.01863 238
1753404219467 0.01867 239
1753404239852 0.01867 240
1753404259898 0.01864 241
1753404279803 0.01866 242
1753404299928 0.01862 243
1753404319966 0.01865 244
1753404340102 0.01863 245
1753404360008 0.01868 246
1753404379985 0.01864 247
1753404400422 0.01867 248
1753404419802 0.01865 249
1753404439817 0.01866 250
1753404459581 0.01864 251
1753404480167 0.01866 252
1753404500076 0.01865 253
1753404520444 0.01865 254
1753404540702 0.01865 255
1753404560702 0.01865 256
1753404580669 0.01866 257
1753404600388 0.01863 258
1753404620212 0.01866 259
1753404640107 0.01863 260
1753404660131 0.01864 261
1753404679994 0.01864 262
1753404699508 0.01866 263
1753404719503 0.01863 264
1753404739594 0.01862 265
1753404759347 0.01866 266
1753404779152 0.01863 267
1753404799009 0.01864 268
1753404818905 0.01864 269
1753404839033 0.01863 270
1753404858824 0.01866 271
1753404878723 0.01863 272
1753404899008 0.01863 273
1753404918638 0.01861 274
1753404938330 0.01865 275
1753404958437 0.01862 276
1753404978545 0.01867 277
1753404998483 0.01861 278
1753405018621 0.01866 279
1753405037979 0.01864 280
1753405057781 0.01863 281
1753405077811 0.01865 282
1753405097285 0.01862 283
1753405117272 0.01864 284
1753405137212 0.01863 285
1753405157272 0.01864 286
1753405177202 0.01864 287
1753405197288 0.01861 288
1753405217111 0.01863 289
1753405237144 0.01862 290
1753405257323 0.01864 291
1753405276956 0.01863 292
1753405296885 0.01863 293
1753405316186 0.01862 294
1753405335978 0.01862 295
1753405355495 0.01865 296
1753405375237 0.01864 297
1753405395166 0.01861 298
1753405415143 0.01862 299
1753405435244 0.01862 300
