1753399474901 0.0010000000474974513 1
1753399495049 0.0010000000474974513 2
1753399514964 0.0010000000474974513 3
1753399534744 0.0010000000474974513 4
1753399555014 0.0010000000474974513 5
1753399574822 0.0010000000474974513 6
1753399594741 0.0010000000474974513 7
1753399614828 0.0010000000474974513 8
1753399635132 0.0010000000474974513 9
1753399655315 0.0010000000474974513 10
1753399675097 0.0010000000474974513 11
1753399695477 0.0010000000474974513 12
1753399715597 0.0010000000474974513 13
1753399735814 0.0010000000474974513 14
1753399755929 0.0010000000474974513 15
1753399776241 0.0010000000474974513 16
1753399796314 0.0010000000474974513 17
1753399816389 0.0010000000474974513 18
1753399836780 0.0010000000474974513 19
1753399856731 0.0010000000474974513 20
1753399877088 0.0010000000474974513 21
1753399896868 0.0010000000474974513 22
1753399916946 0.0010000000474974513 23
1753399936743 0.0010000000474974513 24
1753399956938 0.0010000000474974513 25
1753399976912 0.0010000000474974513 26
1753399997339 0.0010000000474974513 27
1753400017069 0.0010000000474974513 28
1753400037343 0.0010000000474974513 29
1753400057468 0.0010000000474974513 30
1753400078087 0.0010000000474974513 31
1753400098815 0.0010000000474974513 32
1753400118441 0.0010000000474974513 33
1753400138933 0.0010000000474974513 34
1753400158868 0.0010000000474974513 35
1753400178982 0.0010000000474974513 36
1753400199412 0.0010000000474974513 37
1753400219343 0.0010000000474974513 38
1753400239645 0.0010000000474974513 39
1753400259743 0.0010000000474974513 40
1753400280048 0.0010000000474974513 41
1753400300180 0.0010000000474974513 42
1753400320025 0.0010000000474974513 43
1753400339878 0.0010000000474974513 44
1753400360057 0.0010000000474974513 45
1753400380462 0.0010000000474974513 46
1753400399966 0.0010000000474974513 47
1753400420385 0.0010000000474974513 48
1753400440515 0.0010000000474974513 49
1753400460615 0.0010000000474974513 50
1753400480854 0.0010000000474974513 51
1753400501095 0.0010000000474974513 52
1753400520843 0.0010000000474974513 53
1753400540887 0.0010000000474974513 54
1753400560929 0.0010000000474974513 55
1753400580843 0.0010000000474974513 56
1753400601270 0.0010000000474974513 57
1753400621359 0.0010000000474974513 58
1753400640574 0.0010000000474974513 59
1753400660280 0.0010000000474974513 60
1753400680110 0.0010000000474974513 61
1753400700104 0.0010000000474974513 62
1753400720137 0.0010000000474974513 63
1753400740324 0.0010000000474974513 64
1753400760518 0.0010000000474974513 65
1753400780763 0.0010000000474974513 66
1753400800351 0.00020000000949949026 67
1753400820256 0.00020000000949949026 68
1753400839949 0.00020000000949949026 69
1753400859417 0.00020000000949949026 70
1753400878777 0.00020000000949949026 71
1753400898696 0.00020000000949949026 72
1753400918851 0.00020000000949949026 73
1753400939122 0.00020000000949949026 74
1753400958995 0.00020000000949949026 75
1753400979131 4.0000002627493814e-05 76
1753400998865 4.0000002627493814e-05 77
1753401018401 4.0000002627493814e-05 78
1753401038246 4.0000002627493814e-05 79
1753401058320 4.0000002627493814e-05 80
1753401078405 4.0000002627493814e-05 81
1753401098623 4.0000002627493814e-05 82
1753401118716 4.0000002627493814e-05 83
1753401138891 4.0000002627493814e-05 84
1753401158929 8.000000889296643e-06 85
1753401178925 8.000000889296643e-06 86
1753401198981 8.000000889296643e-06 87
1753401218849 8.000000889296643e-06 88
1753401238637 8.000000889296643e-06 89
1753401258397 8.000000889296643e-06 90
1753401278194 8.000000889296643e-06 91
1753401298206 8.000000889296643e-06 92
1753401317933 8.000000889296643e-06 93
1753401337791 1.6000001323845936e-06 94
1753401357564 1.6000001323845936e-06 95
1753401377276 1.6000001323845936e-06 96
1753401397748 1.6000001323845936e-06 97
1753401417659 1.6000001323845936e-06 98
1753401437581 1.6000001323845936e-06 99
1753401457255 1.6000001323845936e-06 100
1753401476889 1.6000001323845936e-06 101
1753401496754 1.6000001323845936e-06 102
1753401516646 9.999999974752427e-07 103
1753401536516 9.999999974752427e-07 104
1753401556830 9.999999974752427e-07 105
1753401577112 9.999999974752427e-07 106
1753401597354 9.999999974752427e-07 107
1753401617273 9.999999974752427e-07 108
1753401637636 9.999999974752427e-07 109
1753401657665 9.999999974752427e-07 110
1753401677444 9.999999974752427e-07 111
1753401697177 9.999999974752427e-07 112
1753401717151 9.999999974752427e-07 113
1753401737211 9.999999974752427e-07 114
1753401757018 9.999999974752427e-07 115
1753401776947 9.999999974752427e-07 116
1753401796679 9.999999974752427e-07 117
1753401816264 9.999999974752427e-07 118
1753401836311 9.999999974752427e-07 119
1753401856161 9.999999974752427e-07 120
1753401876395 9.999999974752427e-07 121
1753401895685 9.999999974752427e-07 122
1753401915497 9.999999974752427e-07 123
1753401935536 9.999999974752427e-07 124
1753401955567 9.999999974752427e-07 125
1753401976102 9.999999974752427e-07 126
1753401996282 9.999999974752427e-07 127
1753402016253 9.999999974752427e-07 128
1753402036423 9.999999974752427e-07 129
1753402056340 9.999999974752427e-07 130
1753402076321 9.999999974752427e-07 131
1753402096448 9.999999974752427e-07 132
1753402116259 9.999999974752427e-07 133
1753402136570 9.999999974752427e-07 134
1753402156937 9.999999974752427e-07 135
1753402176903 9.999999974752427e-07 136
1753402197146 9.999999974752427e-07 137
1753402217046 9.999999974752427e-07 138
1753402236977 9.999999974752427e-07 139
1753402256992 9.999999974752427e-07 140
1753402276526 9.999999974752427e-07 141
1753402297069 9.999999974752427e-07 142
1753402317322 9.999999974752427e-07 143
1753402337433 9.999999974752427e-07 144
1753402357625 9.999999974752427e-07 145
1753402377422 9.999999974752427e-07 146
1753402397346 9.999999974752427e-07 147
1753402417220 9.999999974752427e-07 148
1753402437311 9.999999974752427e-07 149
1753402457124 9.999999974752427e-07 150
1753402476884 9.999999974752427e-07 151
1753402497183 9.999999974752427e-07 152
1753402516735 9.999999974752427e-07 153
1753402536794 9.999999974752427e-07 154
1753402557164 9.999999974752427e-07 155
1753402577225 9.999999974752427e-07 156
1753402597055 9.999999974752427e-07 157
1753402617062 9.999999974752427e-07 158
1753402637176 9.999999974752427e-07 159
1753402657155 9.999999974752427e-07 160
1753402676901 9.999999974752427e-07 161
1753402697332 9.999999974752427e-07 162
1753402717530 9.999999974752427e-07 163
1753402737856 9.999999974752427e-07 164
1753402758046 9.999999974752427e-07 165
1753402778288 9.999999974752427e-07 166
1753402798087 9.999999974752427e-07 167
1753402818143 9.999999974752427e-07 168
1753402838014 9.999999974752427e-07 169
1753402857708 9.999999974752427e-07 170
1753402877789 9.999999974752427e-07 171
1753402898153 9.999999974752427e-07 172
1753402917790 9.999999974752427e-07 173
1753402937766 9.999999974752427e-07 174
1753402958307 9.999999974752427e-07 175
1753402978534 9.999999974752427e-07 176
1753402998565 9.999999974752427e-07 177
1753403018534 9.999999974752427e-07 178
1753403038654 9.999999974752427e-07 179
1753403059000 9.999999974752427e-07 180
1753403079165 9.999999974752427e-07 181
1753403099429 9.999999974752427e-07 182
1753403119691 9.999999974752427e-07 183
1753403139405 9.999999974752427e-07 184
1753403159164 9.999999974752427e-07 185
1753403179474 9.999999974752427e-07 186
1753403200071 9.999999974752427e-07 187
1753403220239 9.999999974752427e-07 188
1753403240708 9.999999974752427e-07 189
1753403260868 9.999999974752427e-07 190
1753403280845 9.999999974752427e-07 191
1753403300403 9.999999974752427e-07 192
1753403320328 9.999999974752427e-07 193
1753403339890 9.999999974752427e-07 194
1753403359762 9.999999974752427e-07 195
1753403379586 9.999999974752427e-07 196
1753403399208 9.999999974752427e-07 197
1753403419526 9.999999974752427e-07 198
1753403439598 9.999999974752427e-07 199
1753403459483 9.999999974752427e-07 200
1753403479530 9.999999974752427e-07 201
1753403499040 9.999999974752427e-07 202
1753403519012 9.999999974752427e-07 203
1753403539105 9.999999974752427e-07 204
1753403559124 9.999999974752427e-07 205
1753403578656 9.999999974752427e-07 206
1753403598703 9.999999974752427e-07 207
1753403618442 9.999999974752427e-07 208
1753403638577 9.999999974752427e-07 209
1753403658447 9.999999974752427e-07 210
1753403678274 9.999999974752427e-07 211
1753403698146 9.999999974752427e-07 212
1753403718142 9.999999974752427e-07 213
1753403737499 9.999999974752427e-07 214
1753403757486 9.999999974752427e-07 215
1753403777434 9.999999974752427e-07 216
1753403797465 9.999999974752427e-07 217
1753403817462 9.999999974752427e-07 218
1753403837492 9.999999974752427e-07 219
1753403857356 9.999999974752427e-07 220
1753403876864 9.999999974752427e-07 221
1753403896603 9.999999974752427e-07 222
1753403916614 9.999999974752427e-07 223
1753403936646 9.999999974752427e-07 224
1753403956212 9.999999974752427e-07 225
1753403975637 9.999999974752427e-07 226
1753403995379 9.999999974752427e-07 227
1753404015231 9.999999974752427e-07 228
1753404035413 9.999999974752427e-07 229
1753404055372 9.999999974752427e-07 230
1753404075124 9.999999974752427e-07 231
1753404094717 9.999999974752427e-07 232
1753404114655 9.999999974752427e-07 233
1753404134622 9.999999974752427e-07 234
1753404154934 9.999999974752427e-07 235
1753404174830 9.999999974752427e-07 236
1753404194266 9.999999974752427e-07 237
1753404213656 9.999999974752427e-07 238
1753404234126 9.999999974752427e-07 239
1753404254202 9.999999974752427e-07 240
1753404274087 9.999999974752427e-07 241
1753404294208 9.999999974752427e-07 242
1753404314215 9.999999974752427e-07 243
1753404334365 9.999999974752427e-07 244
1753404354179 9.999999974752427e-07 245
1753404374157 9.999999974752427e-07 246
1753404394672 9.999999974752427e-07 247
1753404414081 9.999999974752427e-07 248
1753404434085 9.999999974752427e-07 249
1753404453826 9.999999974752427e-07 250
1753404474374 9.999999974752427e-07 251
1753404494359 9.999999974752427e-07 252
1753404514638 9.999999974752427e-07 253
1753404534893 9.999999974752427e-07 254
1753404554913 9.999999974752427e-07 255
1753404574917 9.999999974752427e-07 256
1753404594633 9.999999974752427e-07 257
1753404614460 9.999999974752427e-07 258
1753404634327 9.999999974752427e-07 259
1753404654302 9.999999974752427e-07 260
1753404674270 9.999999974752427e-07 261
1753404693807 9.999999974752427e-07 262
1753404713782 9.999999974752427e-07 263
1753404733857 9.999999974752427e-07 264
1753404753586 9.999999974752427e-07 265
1753404773399 9.999999974752427e-07 266
1753404793266 9.999999974752427e-07 267
1753404813092 9.999999974752427e-07 268
1753404833331 9.999999974752427e-07 269
1753404853078 9.999999974752427e-07 270
1753404872887 9.999999974752427e-07 271
1753404893217 9.999999974752427e-07 272
1753404912959 9.999999974752427e-07 273
1753404932485 9.999999974752427e-07 274
1753404952616 9.999999974752427e-07 275
1753404972798 9.999999974752427e-07 276
1753404992656 9.999999974752427e-07 277
1753405012798 9.999999974752427e-07 278
1753405032276 9.999999974752427e-07 279
1753405052123 9.999999974752427e-07 280
1753405072085 9.999999974752427e-07 281
1753405091550 9.999999974752427e-07 282
1753405111580 9.999999974752427e-07 283
1753405131498 9.999999974752427e-07 284
1753405151420 9.999999974752427e-07 285
1753405171462 9.999999974752427e-07 286
1753405191493 9.999999974752427e-07 287
1753405211458 9.999999974752427e-07 288
1753405231404 9.999999974752427e-07 289
1753405251519 9.999999974752427e-07 290
1753405271141 9.999999974752427e-07 291
1753405291167 9.999999974752427e-07 292
1753405310470 9.999999974752427e-07 293
1753405330303 9.999999974752427e-07 294
1753405349799 9.999999974752427e-07 295
1753405369567 9.999999974752427e-07 296
1753405389438 9.999999974752427e-07 297
1753405409355 9.999999974752427e-07 298
1753405429465 9.999999974752427e-07 299
1753405449544 9.999999974752427e-07 300
