1753360402428 1.0 0
1753360416171 2.0 0
1753360430309 3.0 0
1753360444123 4.0 0
1753360458419 5.0 0
1753360472203 6.0 0
1753360485778 7.0 0
1753360499874 8.0 0
1753360513569 9.0 0
1753360527121 10.0 0
1753360540963 11.0 0
1753360554780 12.0 0
1753360568417 13.0 0
1753360582066 14.0 0
1753360595662 15.0 0
1753360609487 16.0 0
1753360622958 17.0 0
1753360636985 18.0 0
1753360651099 19.0 0
1753360664984 20.0 0
1753360678706 21.0 0
1753360692381 22.0 0
1753360706132 23.0 0
1753360720087 24.0 0
1753360733709 25.0 0
1753360747338 26.0 0
1753360761316 27.0 0
1753360774913 28.0 0
1753360788563 29.0 0
1753360802304 30.0 0
1753360816556 31.0 0
1753360830325 32.0 0
1753360844173 33.0 0
1753360858006 34.0 0
1753360871594 35.0 0
1753360885197 36.0 0
1753360898862 37.0 0
1753360912763 38.0 0
1753360926942 39.0 0
1753360954473 41.0 0
1753360968440 42.0 0
1753360982054 43.0 0
1753360995769 44.0 0
1753361009515 45.0 0
1753361037426 47.0 0
1753361051293 48.0 0
1753361065130 49.0 0
1753361078778 50.0 0
1753361092587 51.0 0
1753361133936 54.0 0
1753361175841 57.0 0
1753361189863 58.0 0
1753361203583 59.0 0
1753361258382 63.0 0
1753361355061 70.0 0
