1753360389715 0.64217 1
1753360405116 0.54686 2
1753360419044 0.47798 3
1753360433134 0.42485 4
1753360446858 0.37686 5
1753360461082 0.33453 6
1753360474804 0.29645 7
1753360488494 0.26233 8
1753360502590 0.23215 9
1753360516140 0.20568 10
1753360529797 0.18264 11
1753360543612 0.16268 12
1753360557371 0.14551 13
1753360570994 0.13073 14
1753360584675 0.11795 15
1753360598251 0.10699 16
1753360612081 0.0975 17
1753360625633 0.08936 18
1753360639542 0.08223 19
1753360653805 0.07604 20
1753360667629 0.07064 21
1753360681280 0.06591 22
1753360694960 0.06174 23
1753360708708 0.05811 24
1753360722776 0.05481 25
1753360736289 0.05194 26
1753360749916 0.04937 27
1753360763887 0.04705 28
1753360777528 0.04501 29
1753360791258 0.04312 30
1753360804929 0.0415 31
1753360819202 0.03994 32
1753360833024 0.03859 33
1753360846872 0.03728 34
1753360860707 0.03612 35
1753360874287 0.03509 36
1753360887875 0.03407 37
1753360901519 0.03322 38
1753360915398 0.03247 39
1753360929632 0.03164 40
1753360943168 0.03095 41
1753360957086 0.03032 42
1753360971082 0.02971 43
1753360984642 0.02915 44
1753360998435 0.02857 45
1753361012173 0.0281 46
1753361026347 0.02768 47
1753361040059 0.02726 48
1753361053871 0.02686 49
1753361067816 0.02643 50
1753361081480 0.02609 51
1753361095217 0.02577 52
1753361108884 0.02546 53
1753361122625 0.02517 54
1753361136654 0.02487 55
1753361150213 0.02466 56
1753361164291 0.02437 57
1753361178796 0.02413 58
1753361192579 0.0239 59
1753361206299 0.02367 60
1753361219895 0.02342 61
1753361233866 0.02328 62
1753361247284 0.02306 63
1753361261099 0.0229 64
1753361275033 0.02272 65
1753361288670 0.02254 66
1753361302457 0.0224 67
1753361316104 0.02222 68
1753361330071 0.02211 69
1753361343989 0.02203 70
1753361357682 0.02186 71
1753361371549 0.02178 72
1753361385510 0.02159 73
1753361399083 0.02149 74
1753361412779 0.0214 75
1753361426435 0.02123 76
1753361440407 0.02114 77
1753361454213 0.02108 78
1753361467977 0.021 79
1753361481941 0.02077 80
1753361495649 0.02069 81
1753361509308 0.02064 82
1753361522944 0.02059 83
1753361536930 0.0206 84
1753361550792 0.02055 85
1753361564345 0.02053 86
1753361578152 0.02049 87
1753361592034 0.02046 88
1753361605935 0.02042 89
1753361619733 0.02038 90
1753361633459 0.02041 91
1753361647388 0.02038 92
1753361661166 0.02038 93
1753361675120 0.02036 94
1753361689118 0.02039 95
1753361702756 0.02035 96
1753361716531 0.02035 97
1753361730234 0.02033 98
1753361744210 0.02036 99
1753361758283 0.02036 100
1753361771862 0.02033 101
1753361785893 0.02033 102
1753361799796 0.02031 103
1753361813505 0.0203 104
1753361827040 0.02034 105
1753361840670 0.02032 106
1753361854685 0.02031 107
1753361868331 0.0203 108
1753361882357 0.02033 109
1753361896280 0.02031 110
1753361910296 0.02031 111
1753361924078 0.0203 112
1753361937981 0.02032 113
1753361951717 0.02028 114
1753361965606 0.02033 115
1753361979247 0.02031 116
1753361992833 0.02032 117
1753362006717 0.02032 118
1753362020383 0.02033 119
1753362034022 0.02034 120
1753362047963 0.02033 121
1753362061975 0.02034 122
1753362075558 0.02033 123
1753362089128 0.02031 124
1753362103109 0.02032 125
1753362116728 0.02033 126
1753362130344 0.02031 127
1753362144398 0.02031 128
1753362158119 0.02033 129
1753362171985 0.0203 130
1753362185703 0.02032 131
1753362199422 0.0203 132
1753362213416 0.02034 133
1753362227014 0.02032 134
1753362240821 0.02033 135
1753362254865 0.02027 136
1753362268473 0.02032 137
1753362282234 0.02029 138
1753362295969 0.02034 139
1753362309824 0.02034 140
1753362323790 0.02032 141
1753362337407 0.02032 142
1753362351247 0.02033 143
1753362365136 0.02034 144
1753362378861 0.0203 145
1753362392386 0.02031 146
1753362405997 0.02034 147
1753362419824 0.02028 148
1753362433905 0.0203 149
1753362447590 0.02032 150
1753362461492 0.0203 151
1753362475114 0.02027 152
1753362488759 0.02029 153
1753362502359 0.02031 154
1753362516146 0.02031 155
1753362530035 0.0203 156
1753362543516 0.02028 157
1753362557365 0.0203 158
1753362571034 0.02033 159
1753362584664 0.0203 160
1753362598235 0.02028 161
1753362611955 0.02029 162
1753362625864 0.0203 163
1753362639770 0.02031 164
1753362653966 0.02031 165
1753362668105 0.02032 166
1753362681711 0.0203 167
1753362695377 0.02032 168
1753362709105 0.0203 169
1753362723083 0.02028 170
1753362737091 0.0203 171
1753362750840 0.02029 172
1753362764821 0.02034 173
1753362778867 0.02028 174
1753362792650 0.02031 175
1753362806366 0.02029 176
1753362819958 0.02031 177
1753362834040 0.02033 178
1753362847974 0.02032 179
1753362861669 0.02028 180
1753362875430 0.02028 181
1753362889257 0.02029 182
1753362902974 0.02029 183
1753362916565 0.02029 184
1753362930750 0.02028 185
1753362944632 0.0203 186
1753362958195 0.0203 187
1753362972219 0.02028 188
1753362986073 0.02028 189
1753362999778 0.02029 190
1753363013523 0.02027 191
1753363027674 0.02031 192
1753363041397 0.02029 193
1753363055292 0.0203 194
1753363068921 0.0203 195
1753363082978 0.02028 196
1753363096581 0.02029 197
1753363110416 0.02031 198
1753363124190 0.02032 199
1753363137796 0.02029 200
1753363151680 0.02031 201
1753363165298 0.02029 202
1753363179008 0.02031 203
1753363193121 0.02029 204
1753363206922 0.02029 205
1753363220783 0.02031 206
1753363234389 0.02032 207
1753363248003 0.02028 208
1753363261752 0.02028 209
1753363275282 0.02029 210
1753363289518 0.02026 211
1753363303193 0.02028 212
1753363316794 0.02027 213
1753363330597 0.02028 214
1753363344542 0.02033 215
1753363358143 0.02029 216
1753363371658 0.02027 217
1753363385360 0.0203 218
1753363399239 0.02027 219
1753363413241 0.02028 220
1753363426972 0.02029 221
1753363440992 0.02027 222
1753363454507 0.02027 223
1753363467977 0.02028 224
1753363481707 0.02029 225
1753363495509 0.02028 226
1753363509519 0.02029 227
1753363523029 0.02029 228
1753363536818 0.02026 229
1753363550814 0.02028 230
1753363564321 0.02027 231
1753363578021 0.02029 232
1753363591647 0.02026 233
1753363605508 0.02025 234
1753363619641 0.0203 235
1753363633397 0.02027 236
1753363647267 0.02024 237
1753363660931 0.02028 238
1753363674698 0.02027 239
1753363688307 0.02029 240
1753363702088 0.02026 241
1753363716121 0.02024 242
1753363729849 0.02027 243
1753363743642 0.02026 244
1753363757687 0.02031 245
1753363771353 0.02027 246
1753363784957 0.02026 247
1753363798656 0.02024 248
1753363812672 0.02029 249
1753363826443 0.02026 250
1753363840058 0.02032 251
1753363853889 0.0203 252
1753363867504 0.02026 253
1753363881360 0.02025 254
1753363895073 0.02027 255
1753363909033 0.02026 256
1753363923047 0.02024 257
1753363936691 0.02027 258
1753363950637 0.02024 259
1753363964422 0.02028 260
1753363978148 0.02027 261
1753363991712 0.02027 262
1753364005345 0.02024 263
1753364019205 0.02026 264
1753364033264 0.02026 265
1753364046915 0.02027 266
1753364061099 0.02022 267
1753364074754 0.02024 268
1753364088452 0.02023 269
1753364102056 0.02026 270
1753364116192 0.02026 271
1753364130252 0.02026 272
1753364144142 0.02027 273
1753364158135 0.02024 274
1753364171953 0.0203 275
1753364185607 0.02027 276
1753364199334 0.02026 277
1753364212926 0.02027 278
1753364226685 0.02025 279
1753364240749 0.02028 280
1753364254251 0.02026 281
1753364268303 0.02022 282
1753364281772 0.02025 283
1753364295264 0.02025 284
1753364308823 0.02025 285
1753364322545 0.02026 286
1753364336340 0.02026 287
1753364349850 0.02024 288
1753364363664 0.02023 289
1753364377523 0.02025 290
1753364391026 0.02024 291
1753364404696 0.02028 292
1753364418545 0.02024 293
1753364432218 0.02024 294
1753364446155 0.02027 295
1753364459969 0.02023 296
1753364474037 0.02025 297
1753364487563 0.02028 298
1753364501292 0.02024 299
1753364514983 0.02022 300
