1753360402433 0.0010000000474974513 1
1753360416176 0.0010000000474974513 2
1753360430314 0.0010000000474974513 3
1753360444127 0.0010000000474974513 4
1753360458424 0.0010000000474974513 5
1753360472207 0.0010000000474974513 6
1753360485785 0.0010000000474974513 7
1753360499882 0.0010000000474974513 8
1753360513576 0.0010000000474974513 9
1753360527128 0.0010000000474974513 10
1753360540968 0.0010000000474974513 11
1753360554784 0.0010000000474974513 12
1753360568422 0.0010000000474974513 13
1753360582071 0.0010000000474974513 14
1753360595666 0.0010000000474974513 15
1753360609491 0.0010000000474974513 16
1753360622963 0.0010000000474974513 17
1753360636990 0.0010000000474974513 18
1753360651106 0.0010000000474974513 19
1753360664990 0.0010000000474974513 20
1753360678714 0.0010000000474974513 21
1753360692389 0.0010000000474974513 22
1753360706136 0.0010000000474974513 23
1753360720091 0.0010000000474974513 24
1753360733714 0.0010000000474974513 25
1753360747343 0.0010000000474974513 26
1753360761321 0.0010000000474974513 27
1753360774917 0.0010000000474974513 28
1753360788568 0.0010000000474974513 29
1753360802313 0.0010000000474974513 30
1753360816564 0.0010000000474974513 31
1753360830332 0.0010000000474974513 32
1753360844181 0.0010000000474974513 33
1753360858013 0.0010000000474974513 34
1753360871598 0.0010000000474974513 35
1753360885202 0.0010000000474974513 36
1753360898868 0.0010000000474974513 37
1753360912768 0.0010000000474974513 38
1753360926946 0.0010000000474974513 39
1753360940577 0.0010000000474974513 40
1753360954478 0.0010000000474974513 41
1753360968447 0.0010000000474974513 42
1753360982061 0.0010000000474974513 43
1753360995776 0.0010000000474974513 44
1753361009522 0.0010000000474974513 45
1753361023633 0.0010000000474974513 46
1753361037431 0.0010000000474974513 47
1753361051297 0.0010000000474974513 48
1753361065135 0.0010000000474974513 49
1753361078783 0.0010000000474974513 50
1753361092591 0.0010000000474974513 51
1753361106262 0.0010000000474974513 52
1753361119989 0.0010000000474974513 53
1753361133942 0.0010000000474974513 54
1753361147678 0.0010000000474974513 55
1753361161458 0.0010000000474974513 56
1753361175852 0.0010000000474974513 57
1753361189867 0.0010000000474974513 58
1753361203588 0.0010000000474974513 59
1753361217218 0.0010000000474974513 60
1753361231257 0.0010000000474974513 61
1753361244738 0.0010000000474974513 62
1753361258387 0.0010000000474974513 63
1753361272402 0.0010000000474974513 64
1753361286039 0.0010000000474974513 65
1753361299810 0.0010000000474974513 66
1753361313458 0.0010000000474974513 67
1753361327408 0.0010000000474974513 68
1753361341405 0.0010000000474974513 69
1753361355065 0.0010000000474974513 70
1753361368891 0.0010000000474974513 71
1753361382759 0.0010000000474974513 72
1753361396419 0.0010000000474974513 73
1753361410082 0.0010000000474974513 74
1753361423821 0.0010000000474974513 75
1753361437754 0.0010000000474974513 76
1753361451518 0.0010000000474974513 77
1753361465409 0.0010000000474974513 78
1753361479227 0.00020000000949949026 79
1753361492977 0.00020000000949949026 80
1753361506675 0.00020000000949949026 81
1753361520267 0.00020000000949949026 82
1753361534306 0.00020000000949949026 83
1753361548161 0.00020000000949949026 84
1753361561722 0.00020000000949949026 85
1753361575466 0.00020000000949949026 86
1753361589384 0.00020000000949949026 87
1753361603306 4.0000002627493814e-05 88
1753361617034 4.0000002627493814e-05 89
1753361630876 4.0000002627493814e-05 90
1753361644803 4.0000002627493814e-05 91
1753361658488 4.0000002627493814e-05 92
1753361672461 4.0000002627493814e-05 93
1753361686484 4.0000002627493814e-05 94
1753361700091 4.0000002627493814e-05 95
1753361713830 4.0000002627493814e-05 96
1753361727543 8.000000889296643e-06 97
1753361741520 8.000000889296643e-06 98
1753361755616 8.000000889296643e-06 99
1753361769143 8.000000889296643e-06 100
1753361783230 8.000000889296643e-06 101
1753361797089 8.000000889296643e-06 102
1753361810840 8.000000889296643e-06 103
1753361824410 8.000000889296643e-06 104
1753361837981 8.000000889296643e-06 105
1753361852051 1.6000001323845936e-06 106
1753361865739 1.6000001323845936e-06 107
1753361879688 1.6000001323845936e-06 108
1753361893586 1.6000001323845936e-06 109
1753361907259 1.6000001323845936e-06 110
1753361921423 1.6000001323845936e-06 111
1753361935378 1.6000001323845936e-06 112
1753361949030 1.6000001323845936e-06 113
1753361963004 1.6000001323845936e-06 114
1753361976577 9.999999974752427e-07 115
1753361990196 9.999999974752427e-07 116
1753362004031 9.999999974752427e-07 117
1753362017705 9.999999974752427e-07 118
1753362031362 9.999999974752427e-07 119
1753362045280 9.999999974752427e-07 120
1753362059381 9.999999974752427e-07 121
1753362072896 9.999999974752427e-07 122
1753362086498 9.999999974752427e-07 123
1753362100486 9.999999974752427e-07 124
1753362114129 9.999999974752427e-07 125
1753362127692 9.999999974752427e-07 126
1753362141742 9.999999974752427e-07 127
1753362155454 9.999999974752427e-07 128
1753362169335 9.999999974752427e-07 129
1753362183039 9.999999974752427e-07 130
1753362196738 9.999999974752427e-07 131
1753362210814 9.999999974752427e-07 132
1753362224389 9.999999974752427e-07 133
1753362238172 9.999999974752427e-07 134
1753362252240 9.999999974752427e-07 135
1753362265867 9.999999974752427e-07 136
1753362279628 9.999999974752427e-07 137
1753362293363 9.999999974752427e-07 138
1753362307135 9.999999974752427e-07 139
1753362321134 9.999999974752427e-07 140
1753362334749 9.999999974752427e-07 141
1753362348603 9.999999974752427e-07 142
1753362362515 9.999999974752427e-07 143
1753362376111 9.999999974752427e-07 144
1753362389778 9.999999974752427e-07 145
1753362403368 9.999999974752427e-07 146
1753362417205 9.999999974752427e-07 147
1753362431226 9.999999974752427e-07 148
1753362444966 9.999999974752427e-07 149
1753362458872 9.999999974752427e-07 150
1753362472449 9.999999974752427e-07 151
1753362486175 9.999999974752427e-07 152
1753362499687 9.999999974752427e-07 153
1753362513541 9.999999974752427e-07 154
1753362527430 9.999999974752427e-07 155
1753362540880 9.999999974752427e-07 156
1753362554667 9.999999974752427e-07 157
1753362568458 9.999999974752427e-07 158
1753362582072 9.999999974752427e-07 159
1753362595641 9.999999974752427e-07 160
1753362609240 9.999999974752427e-07 161
1753362623274 9.999999974752427e-07 162
1753362637151 9.999999974752427e-07 163
1753362650802 9.999999974752427e-07 164
1753362665374 9.999999974752427e-07 165
1753362679020 9.999999974752427e-07 166
1753362692772 9.999999974752427e-07 167
1753362706433 9.999999974752427e-07 168
1753362720352 9.999999974752427e-07 169
1753362734402 9.999999974752427e-07 170
1753362748275 9.999999974752427e-07 171
1753362762230 9.999999974752427e-07 172
1753362776186 9.999999974752427e-07 173
1753362789969 9.999999974752427e-07 174
1753362803745 9.999999974752427e-07 175
1753362817368 9.999999974752427e-07 176
1753362831322 9.999999974752427e-07 177
1753362845263 9.999999974752427e-07 178
1753362859020 9.999999974752427e-07 179
1753362872869 9.999999974752427e-07 180
1753362886585 9.999999974752427e-07 181
1753362900349 9.999999974752427e-07 182
1753362913989 9.999999974752427e-07 183
1753362928050 9.999999974752427e-07 184
1753362941972 9.999999974752427e-07 185
1753362955618 9.999999974752427e-07 186
1753362969558 9.999999974752427e-07 187
1753362983389 9.999999974752427e-07 188
1753362997062 9.999999974752427e-07 189
1753363010832 9.999999974752427e-07 190
1753363025078 9.999999974752427e-07 191
1753363038705 9.999999974752427e-07 192
1753363052596 9.999999974752427e-07 193
1753363066328 9.999999974752427e-07 194
1753363080324 9.999999974752427e-07 195
1753363093892 9.999999974752427e-07 196
1753363107755 9.999999974752427e-07 197
1753363121581 9.999999974752427e-07 198
1753363135169 9.999999974752427e-07 199
1753363148979 9.999999974752427e-07 200
1753363162610 9.999999974752427e-07 201
1753363176389 9.999999974752427e-07 202
1753363190524 9.999999974752427e-07 203
1753363204235 9.999999974752427e-07 204
1753363218055 9.999999974752427e-07 205
1753363231829 9.999999974752427e-07 206
1753363245395 9.999999974752427e-07 207
1753363259141 9.999999974752427e-07 208
1753363272666 9.999999974752427e-07 209
1753363286842 9.999999974752427e-07 210
1753363300496 9.999999974752427e-07 211
1753363314153 9.999999974752427e-07 212
1753363327916 9.999999974752427e-07 213
1753363341878 9.999999974752427e-07 214
1753363355611 9.999999974752427e-07 215
1753363369055 9.999999974752427e-07 216
1753363382678 9.999999974752427e-07 217
1753363396444 9.999999974752427e-07 218
1753363410443 9.999999974752427e-07 219
1753363424351 9.999999974752427e-07 220
1753363438242 9.999999974752427e-07 221
1753363451838 9.999999974752427e-07 222
1753363465317 9.999999974752427e-07 223
1753363479020 9.999999974752427e-07 224
1753363492860 9.999999974752427e-07 225
1753363506922 9.999999974752427e-07 226
1753363520354 9.999999974752427e-07 227
1753363534141 9.999999974752427e-07 228
1753363548171 9.999999974752427e-07 229
1753363561676 9.999999974752427e-07 230
1753363575382 9.999999974752427e-07 231
1753363588950 9.999999974752427e-07 232
1753363602860 9.999999974752427e-07 233
1753363616939 9.999999974752427e-07 234
1753363630796 9.999999974752427e-07 235
1753363644714 9.999999974752427e-07 236
1753363658244 9.999999974752427e-07 237
1753363672029 9.999999974752427e-07 238
1753363685709 9.999999974752427e-07 239
1753363699404 9.999999974752427e-07 240
1753363713475 9.999999974752427e-07 241
1753363727192 9.999999974752427e-07 242
1753363741074 9.999999974752427e-07 243
1753363754992 9.999999974752427e-07 244
1753363768642 9.999999974752427e-07 245
1753363782367 9.999999974752427e-07 246
1753363796018 9.999999974752427e-07 247
1753363810097 9.999999974752427e-07 248
1753363823772 9.999999974752427e-07 249
1753363837451 9.999999974752427e-07 250
1753363851244 9.999999974752427e-07 251
1753363864816 9.999999974752427e-07 252
1753363878580 9.999999974752427e-07 253
1753363892431 9.999999974752427e-07 254
1753363906401 9.999999974752427e-07 255
1753363920349 9.999999974752427e-07 256
1753363933982 9.999999974752427e-07 257
1753363947980 9.999999974752427e-07 258
1753363961778 9.999999974752427e-07 259
1753363975465 9.999999974752427e-07 260
1753363989011 9.999999974752427e-07 261
1753364002681 9.999999974752427e-07 262
1753364016607 9.999999974752427e-07 263
1753364030597 9.999999974752427e-07 264
1753364044259 9.999999974752427e-07 265
1753364058380 9.999999974752427e-07 266
1753364072159 9.999999974752427e-07 267
1753364085720 9.999999974752427e-07 268
1753364099391 9.999999974752427e-07 269
1753364113684 9.999999974752427e-07 270
1753364127526 9.999999974752427e-07 271
1753364141320 9.999999974752427e-07 272
1753364155284 9.999999974752427e-07 273
1753364169328 9.999999974752427e-07 274
1753364183001 9.999999974752427e-07 275
1753364196622 9.999999974752427e-07 276
1753364210266 9.999999974752427e-07 277
1753364224110 9.999999974752427e-07 278
1753364238157 9.999999974752427e-07 279
1753364251618 9.999999974752427e-07 280
1753364265658 9.999999974752427e-07 281
1753364279169 9.999999974752427e-07 282
1753364292690 9.999999974752427e-07 283
1753364306181 9.999999974752427e-07 284
1753364319899 9.999999974752427e-07 285
1753364333800 9.999999974752427e-07 286
1753364347271 9.999999974752427e-07 287
1753364360971 9.999999974752427e-07 288
1753364374958 9.999999974752427e-07 289
1753364388456 9.999999974752427e-07 290
1753364402071 9.999999974752427e-07 291
1753364415814 9.999999974752427e-07 292
1753364429572 9.999999974752427e-07 293
1753364443509 9.999999974752427e-07 294
1753364457264 9.999999974752427e-07 295
1753364471328 9.999999974752427e-07 296
1753364484983 9.999999974752427e-07 297
1753364498643 9.999999974752427e-07 298
1753364512369 9.999999974752427e-07 299
1753364526254 9.999999974752427e-07 300
