1753370975936 1.0 0
1753370991466 2.0 0
1753371006960 3.0 0
1753371022506 4.0 0
1753371039323 5.0 0
1753371054649 6.0 0
1753371070134 7.0 0
1753371085913 8.0 0
1753371102458 9.0 0
1753371118374 10.0 0
1753371134369 11.0 0
1753371149855 12.0 0
1753371165658 13.0 0
1753371181286 14.0 0
1753371196858 15.0 0
1753371212685 16.0 0
1753371228548 17.0 0
1753371244145 18.0 0
1753371259824 19.0 0
1753371275671 20.0 0
1753371291244 21.0 0
1753371306685 22.0 0
1753371322495 23.0 0
1753371338305 24.0 0
1753371353836 25.0 0
1753371369660 26.0 0
1753371385117 27.0 0
1753371400823 28.0 0
1753371416322 29.0 0
1753371431733 30.0 0
1753371462913 32.0 0
1753371478499 33.0 0
1753371493946 34.0 0
1753371509450 35.0 0
1753371540539 37.0 0
1753371572082 39.0 0
1753371603324 41.0 0
1753371618861 42.0 0
1753371634702 43.0 0
1753371727672 49.0 0
1753371773927 52.0 0
1753371836738 56.0 0
1753371929794 62.0 0
