1753370963912 0.64947 1
1753370980379 0.51812 2
1753370995981 0.43259 3
1753371011401 0.36098 4
1753371026987 0.30292 5
1753371043696 0.25716 6
1753371059161 0.2218 7
1753371074549 0.19457 8
1753371090527 0.17358 9
1753371107032 0.15721 10
1753371122898 0.11221 11
1753371138903 0.0909 12
1753371154373 0.07851 13
1753371170197 0.06884 14
1753371185880 0.06118 15
1753371201473 0.05509 16
1753371217211 0.05011 17
1753371233070 0.04606 18
1753371248663 0.04267 19
1753371264277 0.03986 20
1753371280181 0.03746 21
1753371295751 0.03541 22
1753371311181 0.03373 23
1753371327014 0.03221 24
1753371342832 0.03092 25
1753371358324 0.0298 26
1753371374166 0.02879 27
1753371389497 0.02791 28
1753371405344 0.02709 29
1753371420690 0.02643 30
1753371436304 0.02578 31
1753371451847 0.02521 32
1753371467402 0.02473 33
1753371482853 0.02424 34
1753371498441 0.02385 35
1753371513901 0.02348 36
1753371529517 0.02314 37
1753371544932 0.02281 38
1753371560942 0.02251 39
1753371576449 0.02218 40
1753371591917 0.02195 41
1753371607699 0.0217 42
1753371623378 0.02152 43
1753371639089 0.02131 44
1753371654639 0.0211 45
1753371670169 0.02094 46
1753371685819 0.02077 47
1753371701121 0.02062 48
1753371716438 0.0205 49
1753371732036 0.02033 50
1753371747453 0.0202 51
1753371762921 0.0201 52
1753371778446 0.02 53
1753371794245 0.0199 54
1753371809930 0.01981 55
1753371825397 0.01976 56
1753371841203 0.01964 57
1753371856451 0.01955 58
1753371872246 0.01954 59
1753371887641 0.01938 60
1753371903105 0.01928 61
1753371918885 0.01921 62
1753371934305 0.01916 63
1753371949692 0.01912 64
1753371965337 0.01903 65
1753371980706 0.01897 66
1753371996438 0.01891 67
1753372011753 0.01881 68
1753372027398 0.0188 69
1753372043122 0.01877 70
1753372058583 0.01872 71
1753372074435 0.01855 72
1753372090016 0.01849 73
1753372105674 0.01848 74
1753372121126 0.01844 75
1753372136974 0.01845 76
1753372152540 0.0184 77
1753372167904 0.01839 78
1753372183400 0.01836 79
1753372199083 0.01838 80
1753372214512 0.01832 81
1753372230169 0.01833 82
1753372245649 0.01829 83
1753372261012 0.01831 84
1753372276716 0.01828 85
1753372292335 0.01828 86
1753372307755 0.01828 87
1753372323367 0.01827 88
1753372339048 0.01826 89
1753372354390 0.01828 90
1753372369970 0.01828 91
1753372385872 0.01825 92
1753372401327 0.01826 93
1753372416853 0.01828 94
1753372432610 0.01825 95
1753372448004 0.01828 96
1753372463657 0.01825 97
1753372479401 0.01825 98
1753372494676 0.01827 99
1753372510365 0.01827 100
1753372525795 0.01826 101
1753372541160 0.01826 102
1753372556866 0.01824 103
1753372572596 0.01828 104
1753372588018 0.01826 105
1753372603471 0.01824 106
1753372618955 0.01828 107
1753372634442 0.01824 108
1753372649839 0.01825 109
1753372665531 0.01826 110
1753372680933 0.01826 111
1753372696807 0.01825 112
1753372712408 0.01829 113
1753372727739 0.01825 114
1753372743746 0.01825 115
1753372759101 0.01824 116
1753372774575 0.01824 117
1753372790344 0.01825 118
1753372806125 0.01826 119
1753372821497 0.01824 120
1753372837301 0.01825 121
1753372853121 0.01824 122
1753372868396 0.01822 123
1753372883763 0.01827 124
1753372899689 0.01825 125
1753372915051 0.01825 126
1753372930684 0.01825 127
1753372946478 0.01824 128
1753372961911 0.01825 129
1753372977650 0.01824 130
1753372993010 0.01828 131
1753373008264 0.01825 132
1753373023899 0.01825 133
1753373039394 0.01825 134
1753373054751 0.01825 135
1753373070547 0.01825 136
1753373086282 0.01823 137
1753373101667 0.01827 138
1753373117149 0.01825 139
1753373132796 0.01826 140
1753373148254 0.01825 141
1753373164188 0.01823 142
1753373179917 0.01824 143
1753373195371 0.01826 144
1753373211225 0.01825 145
1753373226544 0.01823 146
1753373242110 0.01826 147
1753373257745 0.01826 148
1753373273238 0.01825 149
1753373288730 0.01826 150
1753373304204 0.01823 151
1753373319739 0.01824 152
1753373335546 0.01826 153
1753373350986 0.01825 154
1753373366305 0.01825 155
1753373381860 0.01824 156
1753373397213 0.01825 157
1753373412692 0.01823 158
1753373428548 0.01824 159
1753373443941 0.01825 160
1753373459806 0.01825 161
1753373475295 0.01826 162
1753373490976 0.01825 163
1753373506318 0.01824 164
1753373521729 0.01823 165
1753373537340 0.01823 166
1753373552915 0.01825 167
1753373568541 0.01823 168
1753373584086 0.01822 169
1753373599461 0.01827 170
1753373615365 0.01825 171
1753373630752 0.01823 172
1753373646183 0.01824 173
1753373662090 0.0182 174
1753373677509 0.01823 175
1753373693298 0.01825 176
1753373708893 0.01826 177
1753373724634 0.01823 178
1753373740107 0.01824 179
1753373755400 0.01824 180
1753373770798 0.01824 181
1753373786360 0.01825 182
1753373801856 0.01825 183
1753373817504 0.01823 184
1753373833522 0.01823 185
1753373849267 0.01822 186
1753373864685 0.01823 187
1753373880078 0.01822 188
1753373895798 0.01824 189
1753373911302 0.01823 190
1753373926999 0.01825 191
1753373942624 0.01823 192
1753373958319 0.01824 193
1753373973651 0.01822 194
1753373989092 0.01824 195
1753374004667 0.01823 196
1753374019980 0.01821 197
1753374035813 0.01824 198
1753374051490 0.01826 199
1753374067020 0.01823 200
1753374082550 0.01825 201
1753374097920 0.01823 202
1753374113426 0.01825 203
1753374128983 0.01824 204
1753374144459 0.01823 205
1753374160184 0.01824 206
1753374175723 0.01823 207
1753374191590 0.01825 208
1753374207183 0.01825 209
1753374222618 0.01823 210
1753374238427 0.01821 211
1753374253728 0.01821 212
1753374269626 0.01825 213
1753374285031 0.01824 214
1753374300461 0.01823 215
1753374316480 0.01822 216
1753374331876 0.01821 217
1753374347453 0.01824 218
1753374363473 0.01822 219
1753374378791 0.01824 220
1753374394527 0.01821 221
1753374409988 0.01823 222
1753374425665 0.01823 223
1753374441098 0.01823 224
1753374456465 0.01822 225
1753374471993 0.01821 226
1753374487591 0.01821 227
1753374502873 0.01824 228
1753374518666 0.01822 229
1753374533891 0.0182 230
1753374549155 0.01822 231
1753374564811 0.01821 232
1753374580220 0.0182 233
1753374596026 0.0182 234
1753374611548 0.01822 235
1753374626956 0.01822 236
1753374642523 0.01821 237
1753374657960 0.01821 238
1753374673767 0.01824 239
1753374689065 0.01822 240
1753374704696 0.01822 241
1753374720150 0.01819 242
1753374735643 0.0182 243
1753374751518 0.01819 244
1753374767025 0.01822 245
1753374782363 0.01821 246
1753374798063 0.01824 247
1753374813513 0.01821 248
1753374829367 0.01821 249
1753374845012 0.01821 250
1753374860562 0.01821 251
1753374876371 0.01819 252
1753374891908 0.01824 253
1753374907748 0.0182 254
1753374923204 0.01824 255
1753374938905 0.01821 256
1753374954747 0.01821 257
1753374970160 0.0182 258
1753374985752 0.01819 259
1753375001248 0.0182 260
1753375016696 0.01822 261
1753375032342 0.01821 262
1753375047635 0.0182 263
1753375063387 0.01821 264
1753375078826 0.0182 265
1753375094380 0.01818 266
1753375110253 0.01822 267
1753375125540 0.01819 268
1753375141202 0.01821 269
1753375156895 0.01819 270
1753375172436 0.01818 271
1753375188171 0.01818 272
1753375203472 0.0182 273
1753375219100 0.01819 274
1753375234447 0.01819 275
1753375249904 0.01819 276
1753375265665 0.01821 277
1753375281242 0.01822 278
1753375296887 0.01819 279
1753375312135 0.01819 280
1753375327561 0.01819 281
1753375343038 0.01817 282
1753375358826 0.0182 283
1753375374429 0.0182 284
1753375390024 0.01817 285
1753375405413 0.01817 286
1753375421022 0.01818 287
1753375436390 0.01819 288
1753375451731 0.01818 289
1753375467564 0.01821 290
1753375482919 0.01818 291
1753375498641 0.01819 292
1753375514471 0.01821 293
1753375530075 0.01819 294
1753375545520 0.01819 295
1753375561089 0.0182 296
1753375576480 0.01818 297
1753375592383 0.01819 298
1753375608178 0.01818 299
1753375623865 0.01819 300
