1753370975942 0.0010000000474974513 1
1753370991471 0.0010000000474974513 2
1753371006964 0.0010000000474974513 3
1753371022510 0.0010000000474974513 4
1753371039327 0.0010000000474974513 5
1753371054653 0.0010000000474974513 6
1753371070138 0.0010000000474974513 7
1753371085917 0.0010000000474974513 8
1753371102463 0.0010000000474974513 9
1753371118378 0.0010000000474974513 10
1753371134373 0.0010000000474974513 11
1753371149859 0.0010000000474974513 12
1753371165662 0.0010000000474974513 13
1753371181291 0.0010000000474974513 14
1753371196862 0.0010000000474974513 15
1753371212689 0.0010000000474974513 16
1753371228553 0.0010000000474974513 17
1753371244152 0.0010000000474974513 18
1753371259829 0.0010000000474974513 19
1753371275675 0.0010000000474974513 20
1753371291249 0.0010000000474974513 21
1753371306689 0.0010000000474974513 22
1753371322500 0.0010000000474974513 23
1753371338309 0.0010000000474974513 24
1753371353840 0.0010000000474974513 25
1753371369664 0.0010000000474974513 26
1753371385122 0.0010000000474974513 27
1753371400827 0.0010000000474974513 28
1753371416326 0.0010000000474974513 29
1753371431737 0.0010000000474974513 30
1753371447479 0.0010000000474974513 31
1753371462918 0.0010000000474974513 32
1753371478504 0.0010000000474974513 33
1753371493951 0.0010000000474974513 34
1753371509454 0.0010000000474974513 35
1753371525000 0.0010000000474974513 36
1753371540543 0.0010000000474974513 37
1753371556433 0.0010000000474974513 38
1753371572086 0.0010000000474974513 39
1753371587416 0.0010000000474974513 40
1753371603328 0.0010000000474974513 41
1753371618865 0.0010000000474974513 42
1753371634712 0.0010000000474974513 43
1753371650142 0.0010000000474974513 44
1753371665531 0.0010000000474974513 45
1753371681352 0.0010000000474974513 46
1753371696755 0.0010000000474974513 47
1753371711931 0.0010000000474974513 48
1753371727678 0.0010000000474974513 49
1753371742924 0.0010000000474974513 50
1753371758574 0.0010000000474974513 51
1753371773932 0.0010000000474974513 52
1753371789743 0.0010000000474974513 53
1753371805408 0.0010000000474974513 54
1753371820910 0.0010000000474974513 55
1753371836742 0.0010000000474974513 56
1753371852078 0.0010000000474974513 57
1753371867698 0.0010000000474974513 58
1753371883235 0.0010000000474974513 59
1753371898595 0.0010000000474974513 60
1753371914480 0.0010000000474974513 61
1753371929799 0.0010000000474974513 62
1753371945245 0.0010000000474974513 63
1753371960816 0.0010000000474974513 64
1753371976255 0.0010000000474974513 65
1753371991940 0.0010000000474974513 66
1753372007321 0.0010000000474974513 67
1753372022873 0.0010000000474974513 68
1753372038597 0.0010000000474974513 69
1753372054125 0.0010000000474974513 70
1753372069958 0.00020000000949949026 71
1753372085493 0.00020000000949949026 72
1753372101252 0.00020000000949949026 73
1753372116629 0.00020000000949949026 74
1753372132489 0.00020000000949949026 75
1753372148096 0.00020000000949949026 76
1753372163511 0.00020000000949949026 77
1753372178903 0.00020000000949949026 78
1753372194629 0.00020000000949949026 79
1753372210042 4.0000002627493814e-05 80
1753372225670 4.0000002627493814e-05 81
1753372241157 4.0000002627493814e-05 82
1753372256625 4.0000002627493814e-05 83
1753372272194 4.0000002627493814e-05 84
1753372287801 4.0000002627493814e-05 85
1753372303326 4.0000002627493814e-05 86
1753372318913 4.0000002627493814e-05 87
1753372334611 4.0000002627493814e-05 88
1753372350013 8.000000889296643e-06 89
1753372365461 8.000000889296643e-06 90
1753372381463 8.000000889296643e-06 91
1753372396902 8.000000889296643e-06 92
1753372412380 8.000000889296643e-06 93
1753372428158 8.000000889296643e-06 94
1753372443502 8.000000889296643e-06 95
1753372459137 8.000000889296643e-06 96
1753372474956 8.000000889296643e-06 97
1753372490309 1.6000001323845936e-06 98
1753372505937 1.6000001323845936e-06 99
1753372521324 1.6000001323845936e-06 100
1753372536721 1.6000001323845936e-06 101
1753372552386 1.6000001323845936e-06 102
1753372568087 1.6000001323845936e-06 103
1753372583602 1.6000001323845936e-06 104
1753372599057 1.6000001323845936e-06 105
1753372614584 1.6000001323845936e-06 106
1753372630001 9.999999974752427e-07 107
1753372645346 9.999999974752427e-07 108
1753372661079 9.999999974752427e-07 109
1753372676468 9.999999974752427e-07 110
1753372692329 9.999999974752427e-07 111
1753372707965 9.999999974752427e-07 112
1753372723342 9.999999974752427e-07 113
1753372739247 9.999999974752427e-07 114
1753372754698 9.999999974752427e-07 115
1753372770070 9.999999974752427e-07 116
1753372785906 9.999999974752427e-07 117
1753372801540 9.999999974752427e-07 118
1753372817061 9.999999974752427e-07 119
1753372832833 9.999999974752427e-07 120
1753372848614 9.999999974752427e-07 121
1753372864002 9.999999974752427e-07 122
1753372879302 9.999999974752427e-07 123
1753372895254 9.999999974752427e-07 124
1753372910631 9.999999974752427e-07 125
1753372926204 9.999999974752427e-07 126
1753372941951 9.999999974752427e-07 127
1753372957424 9.999999974752427e-07 128
1753372973199 9.999999974752427e-07 129
1753372988500 9.999999974752427e-07 130
1753373003899 9.999999974752427e-07 131
1753373019469 9.999999974752427e-07 132
1753373034949 9.999999974752427e-07 133
1753373050221 9.999999974752427e-07 134
1753373066109 9.999999974752427e-07 135
1753373081786 9.999999974752427e-07 136
1753373097242 9.999999974752427e-07 137
1753373112681 9.999999974752427e-07 138
1753373128313 9.999999974752427e-07 139
1753373143866 9.999999974752427e-07 140
1753373159679 9.999999974752427e-07 141
1753373175485 9.999999974752427e-07 142
1753373190866 9.999999974752427e-07 143
1753373206710 9.999999974752427e-07 144
1753373222098 9.999999974752427e-07 145
1753373237580 9.999999974752427e-07 146
1753373253319 9.999999974752427e-07 147
1753373268762 9.999999974752427e-07 148
1753373284263 9.999999974752427e-07 149
1753373299779 9.999999974752427e-07 150
1753373315305 9.999999974752427e-07 151
1753373330979 9.999999974752427e-07 152
1753373346587 9.999999974752427e-07 153
1753373361925 9.999999974752427e-07 154
1753373377421 9.999999974752427e-07 155
1753373392710 9.999999974752427e-07 156
1753373408244 9.999999974752427e-07 157
1753373424099 9.999999974752427e-07 158
1753373439572 9.999999974752427e-07 159
1753373455349 9.999999974752427e-07 160
1753373470848 9.999999974752427e-07 161
1753373486511 9.999999974752427e-07 162
1753373501871 9.999999974752427e-07 163
1753373517212 9.999999974752427e-07 164
1753373532899 9.999999974752427e-07 165
1753373548456 9.999999974752427e-07 166
1753373564078 9.999999974752427e-07 167
1753373579601 9.999999974752427e-07 168
1753373594982 9.999999974752427e-07 169
1753373610869 9.999999974752427e-07 170
1753373626306 9.999999974752427e-07 171
1753373641744 9.999999974752427e-07 172
1753373657555 9.999999974752427e-07 173
1753373672979 9.999999974752427e-07 174
1753373688851 9.999999974752427e-07 175
1753373704388 9.999999974752427e-07 176
1753373720108 9.999999974752427e-07 177
1753373735602 9.999999974752427e-07 178
1753373750962 9.999999974752427e-07 179
1753373766424 9.999999974752427e-07 180
1753373781870 9.999999974752427e-07 181
1753373797469 9.999999974752427e-07 182
1753373813086 9.999999974752427e-07 183
1753373828627 9.999999974752427e-07 184
1753373844856 9.999999974752427e-07 185
1753373860262 9.999999974752427e-07 186
1753373875633 9.999999974752427e-07 187
1753373891310 9.999999974752427e-07 188
1753373906784 9.999999974752427e-07 189
1753373922507 9.999999974752427e-07 190
1753373938124 9.999999974752427e-07 191
1753373953832 9.999999974752427e-07 192
1753373969185 9.999999974752427e-07 193
1753373984697 9.999999974752427e-07 194
1753374000244 9.999999974752427e-07 195
1753374015529 9.999999974752427e-07 196
1753374031295 9.999999974752427e-07 197
1753374047025 9.999999974752427e-07 198
1753374062541 9.999999974752427e-07 199
1753374078099 9.999999974752427e-07 200
1753374093508 9.999999974752427e-07 201
1753374108921 9.999999974752427e-07 202
1753374124554 9.999999974752427e-07 203
1753374139970 9.999999974752427e-07 204
1753374155704 9.999999974752427e-07 205
1753374171218 9.999999974752427e-07 206
1753374187105 9.999999974752427e-07 207
1753374202689 9.999999974752427e-07 208
1753374218161 9.999999974752427e-07 209
1753374233920 9.999999974752427e-07 210
1753374249355 9.999999974752427e-07 211
1753374265131 9.999999974752427e-07 212
1753374280649 9.999999974752427e-07 213
1753374296008 9.999999974752427e-07 214
1753374311998 9.999999974752427e-07 215
1753374327438 9.999999974752427e-07 216
1753374342979 9.999999974752427e-07 217
1753374358969 9.999999974752427e-07 218
1753374374399 9.999999974752427e-07 219
1753374390007 9.999999974752427e-07 220
1753374405630 9.999999974752427e-07 221
1753374421276 9.999999974752427e-07 222
1753374436610 9.999999974752427e-07 223
1753374452029 9.999999974752427e-07 224
1753374467537 9.999999974752427e-07 225
1753374483177 9.999999974752427e-07 226
1753374498441 9.999999974752427e-07 227
1753374514271 9.999999974752427e-07 228
1753374529500 9.999999974752427e-07 229
1753374544740 9.999999974752427e-07 230
1753374560329 9.999999974752427e-07 231
1753374575807 9.999999974752427e-07 232
1753374591560 9.999999974752427e-07 233
1753374606966 9.999999974752427e-07 234
1753374622477 9.999999974752427e-07 235
1753374638005 9.999999974752427e-07 236
1753374653475 9.999999974752427e-07 237
1753374669307 9.999999974752427e-07 238
1753374684633 9.999999974752427e-07 239
1753374700290 9.999999974752427e-07 240
1753374715702 9.999999974752427e-07 241
1753374731219 9.999999974752427e-07 242
1753374746977 9.999999974752427e-07 243
1753374762566 9.999999974752427e-07 244
1753374777979 9.999999974752427e-07 245
1753374793603 9.999999974752427e-07 246
1753374809103 9.999999974752427e-07 247
1753374824848 9.999999974752427e-07 248
1753374840532 9.999999974752427e-07 249
1753374856024 9.999999974752427e-07 250
1753374872011 9.999999974752427e-07 251
1753374887423 9.999999974752427e-07 252
1753374903296 9.999999974752427e-07 253
1753374918715 9.999999974752427e-07 254
1753374934406 9.999999974752427e-07 255
1753374950269 9.999999974752427e-07 256
1753374965765 9.999999974752427e-07 257
1753374981343 9.999999974752427e-07 258
1753374996835 9.999999974752427e-07 259
1753375012194 9.999999974752427e-07 260
1753375027905 9.999999974752427e-07 261
1753375043231 9.999999974752427e-07 262
1753375058942 9.999999974752427e-07 263
1753375074312 9.999999974752427e-07 264
1753375089882 9.999999974752427e-07 265
1753375105741 9.999999974752427e-07 266
1753375121160 9.999999974752427e-07 267
1753375136768 9.999999974752427e-07 268
1753375152504 9.999999974752427e-07 269
1753375168005 9.999999974752427e-07 270
1753375183747 9.999999974752427e-07 271
1753375199102 9.999999974752427e-07 272
1753375214625 9.999999974752427e-07 273
1753375229957 9.999999974752427e-07 274
1753375245404 9.999999974752427e-07 275
1753375261178 9.999999974752427e-07 276
1753375276775 9.999999974752427e-07 277
1753375292435 9.999999974752427e-07 278
1753375307726 9.999999974752427e-07 279
1753375323035 9.999999974752427e-07 280
1753375338583 9.999999974752427e-07 281
1753375354316 9.999999974752427e-07 282
1753375369971 9.999999974752427e-07 283
1753375385635 9.999999974752427e-07 284
1753375400973 9.999999974752427e-07 285
1753375416570 9.999999974752427e-07 286
1753375432004 9.999999974752427e-07 287
1753375447401 9.999999974752427e-07 288
1753375462858 9.999999974752427e-07 289
1753375478431 9.999999974752427e-07 290
1753375494308 9.999999974752427e-07 291
1753375510048 9.999999974752427e-07 292
1753375525579 9.999999974752427e-07 293
1753375541034 9.999999974752427e-07 294
1753375556665 9.999999974752427e-07 295
1753375572016 9.999999974752427e-07 296
1753375587985 9.999999974752427e-07 297
1753375603754 9.999999974752427e-07 298
1753375619363 9.999999974752427e-07 299
1753375634911 9.999999974752427e-07 300
