1753360987672 1.0 0
1753361004939 2.0 0
1753361022215 3.0 0
1753361039540 4.0 0
1753361057045 5.0 0
1753361074286 6.0 0
1753361091558 7.0 0
1753361108681 8.0 0
1753361125850 9.0 0
1753361143027 10.0 0
1753361160163 11.0 0
1753361177775 12.0 0
1753361194194 13.0 0
1753361210547 14.0 0
1753361226803 15.0 0
1753361243168 16.0 0
1753361259489 17.0 0
1753361275929 18.0 0
1753361292751 19.0 0
1753361309901 20.0 0
1753361326964 21.0 0
1753361344061 22.0 0
1753361361503 23.0 0
1753361378645 24.0 0
1753361395906 25.0 0
1753361413081 26.0 0
1753361429721 27.0 0
1753361446070 28.0 0
1753361462389 29.0 0
1753361478682 30.0 0
1753361494970 31.0 0
1753361511213 32.0 0
1753361543879 34.0 0
1753361560600 35.0 0
1753361577374 36.0 0
1753361593589 37.0 0
1753361626267 39.0 0
1753361708084 44.0 0
1753361724446 45.0 0
1753361741596 46.0 0
1753361758697 47.0 0
1753361892151 55.0 0
