1753360973025 0.82238 1
1753360990843 0.72582 2
1753361008100 0.64037 3
1753361025372 0.55105 4
1753361042708 0.46485 5
1753361060169 0.38129 6
1753361077399 0.31053 7
1753361094661 0.25022 8
1753361111830 0.20323 9
1753361129024 0.16728 10
1753361146176 0.14032 11
1753361163355 0.11768 12
1753361180938 0.10055 13
1753361197348 0.0873 14
1753361213686 0.07671 15
1753361229966 0.06837 16
1753361246336 0.06145 17
1753361262669 0.05587 18
1753361279044 0.05142 19
1753361295909 0.0474 20
1753361313040 0.04419 21
1753361330131 0.04131 22
1753361347230 0.03908 23
1753361364649 0.03701 24
1753361381838 0.0353 25
1753361399077 0.03383 26
1753361416265 0.03251 27
1753361432885 0.03123 28
1753361449266 0.0303 29
1753361465579 0.0294 30
1753361481850 0.02844 31
1753361498141 0.02774 32
1753361514370 0.02705 33
1753361530679 0.02648 34
1753361547062 0.02594 35
1753361563761 0.02541 36
1753361580555 0.02504 37
1753361596779 0.02468 38
1753361612944 0.02455 39
1753361629466 0.02404 40
1753361645683 0.02368 41
1753361662275 0.02332 42
1753361678461 0.02294 43
1753361695076 0.02275 44
1753361711269 0.02248 45
1753361727631 0.02234 46
1753361744727 0.02219 47
1753361761880 0.02184 48
1753361778994 0.02166 49
1753361796258 0.0215 50
1753361813363 0.02136 51
1753361830096 0.02142 52
1753361846246 0.02115 53
1753361862479 0.02109 54
1753361879091 0.02173 55
1753361895352 0.0209 56
1753361911560 0.02068 57
1753361927774 0.0206 58
1753361943959 0.02052 59
1753361960760 0.02052 60
1753361977803 0.02033 61
1753361994763 0.02032 62
1753362011589 0.02004 63
1753362028393 0.01988 64
1753362045209 0.01973 65
1753362062048 0.01971 66
1753362079271 0.01966 67
1753362096219 0.01965 68
1753362112986 0.01962 69
1753362129355 0.0197 70
1753362146176 0.0196 71
1753362162516 0.01958 72
1753362178801 0.01956 73
1753362195085 0.01954 74
1753362211518 0.01949 75
1753362228013 0.01948 76
1753362244773 0.01945 77
1753362261320 0.01957 78
1753362277884 0.01947 79
1753362294546 0.01942 80
1753362311069 0.01949 81
1753362327600 0.01942 82
1753362344454 0.0194 83
1753362361152 0.01938 84
1753362377778 0.01944 85
1753362394678 0.01934 86
1753362411581 0.0194 87
1753362428528 0.0195 88
1753362445378 0.01943 89
1753362462342 0.0194 90
1753362479318 0.01936 91
1753362496415 0.0194 92
1753362513477 0.01938 93
1753362530674 0.01938 94
1753362547750 0.01939 95
1753362564863 0.0194 96
1753362581743 0.01934 97
1753362598918 0.01935 98
1753362615902 0.01938 99
1753362632732 0.01934 100
1753362649621 0.01941 101
1753362666630 0.01937 102
1753362682773 0.01941 103
1753362698993 0.01939 104
1753362715272 0.0194 105
1753362731517 0.01943 106
1753362747746 0.0194 107
1753362764068 0.01934 108
1753362780328 0.01944 109
1753362797058 0.01935 110
1753362813292 0.01937 111
1753362829532 0.01934 112
1753362845720 0.01946 113
1753362862606 0.01936 114
1753362878897 0.01938 115
1753362895075 0.0194 116
1753362911980 0.01938 117
1753362929171 0.01936 118
1753362946372 0.01939 119
1753362963534 0.01938 120
1753362980687 0.0194 121
1753362997838 0.01938 122
1753363014990 0.01937 123
1753363032221 0.01938 124
1753363049342 0.01935 125
1753363066447 0.01937 126
1753363083592 0.01939 127
1753363100789 0.01935 128
1753363117550 0.01938 129
1753363133781 0.01937 130
1753363150039 0.01938 131
1753363166566 0.01939 132
1753363183130 0.01941 133
1753363199418 0.01941 134
1753363215872 0.01942 135
1753363232152 0.01939 136
1753363248495 0.01939 137
1753363264736 0.01939 138
1753363281017 0.01938 139
1753363297217 0.01935 140
1753363313796 0.01939 141
1753363330073 0.01935 142
1753363346322 0.01937 143
1753363362493 0.0194 144
1753363379086 0.0194 145
1753363395338 0.01937 146
1753363411685 0.01933 147
1753363428191 0.01943 148
1753363444356 0.01939 149
1753363460590 0.01943 150
1753363476797 0.0194 151
1753363492958 0.01933 152
1753363509150 0.0194 153
1753363525699 0.01941 154
1753363541931 0.01939 155
1753363558161 0.01937 156
1753363574642 0.01936 157
1753363590898 0.01936 158
1753363607114 0.01938 159
1753363623528 0.01941 160
1753363639685 0.01935 161
1753363655830 0.01936 162
1753363672522 0.0195 163
1753363688752 0.0194 164
1753363704998 0.01942 165
1753363721267 0.01936 166
1753363737466 0.01942 167
1753363753654 0.01938 168
1753363769881 0.01935 169
1753363786035 0.01933 170
1753363802130 0.01943 171
1753363818634 0.01934 172
1753363835386 0.01937 173
1753363851521 0.0194 174
1753363867605 0.01936 175
1753363884250 0.01931 176
1753363900525 0.01933 177
1753363916791 0.01936 178
1753363933476 0.01931 179
1753363950284 0.01934 180
1753363967202 0.01941 181
1753363983988 0.01931 182
1753364000884 0.01946 183
1753364017622 0.01939 184
1753364034400 0.01933 185
1753364051188 0.0194 186
1753364068059 0.01935 187
1753364084927 0.01934 188
1753364101870 0.01941 189
1753364118725 0.01932 190
1753364135885 0.01935 191
1753364152720 0.01935 192
1753364169591 0.01935 193
1753364186547 0.01931 194
1753364203378 0.01932 195
1753364219717 0.01933 196
1753364236202 0.0193 197
1753364252652 0.01934 198
1753364269251 0.01934 199
1753364285802 0.01935 200
1753364302255 0.01934 201
1753364318768 0.01936 202
1753364335207 0.01933 203
1753364351642 0.01934 204
1753364368278 0.01932 205
1753364384861 0.01929 206
1753364401472 0.01932 207
1753364417930 0.01931 208
1753364434438 0.0193 209
1753364451141 0.01933 210
1753364467591 0.01931 211
1753364484119 0.01933 212
1753364500682 0.01933 213
1753364517262 0.01935 214
1753364533775 0.01933 215
1753364550230 0.01934 216
1753364566733 0.01931 217
1753364583278 0.01931 218
1753364599863 0.01934 219
1753364616249 0.01929 220
1753364632888 0.01928 221
1753364650165 0.01937 222
1753364667198 0.01941 223
1753364684198 0.01934 224
1753364701399 0.01931 225
1753364718220 0.01933 226
1753364735322 0.01935 227
1753364752430 0.01931 228
1753364769619 0.0193 229
1753364787013 0.0193 230
1753364803887 0.01935 231
1753364820743 0.01933 232
1753364837285 0.0193 233
1753364854329 0.01931 234
1753364871328 0.0193 235
1753364888294 0.01928 236
1753364905478 0.0193 237
1753364922542 0.01935 238
1753364939583 0.01927 239
1753364956501 0.01934 240
1753364973457 0.01936 241
1753364990722 0.0193 242
1753365007859 0.01929 243
1753365024963 0.01936 244
1753365042028 0.01936 245
1753365059005 0.01931 246
1753365075612 0.01927 247
1753365091919 0.01931 248
1753365108171 0.01939 249
1753365125038 0.01932 250
1753365141896 0.01933 251
1753365158628 0.01934 252
1753365175137 0.01932 253
1753365191726 0.01927 254
1753365208887 0.01938 255
1753365225948 0.01926 256
1753365242752 0.01932 257
1753365259546 0.01926 258
1753365276241 0.01924 259
1753365292936 0.0193 260
1753365309321 0.01932 261
1753365325784 0.01926 262
1753365342465 0.01931 263
1753365359327 0.0193 264
1753365375856 0.01925 265
1753365392387 0.0193 266
1753365408906 0.01929 267
1753365425850 0.01927 268
1753365442381 0.01941 269
1753365458855 0.01931 270
1753365475584 0.01933 271
1753365492783 0.01926 272
1753365510009 0.01926 273
1753365527169 0.01929 274
1753365544447 0.01928 275
1753365561609 0.01926 276
1753365578662 0.01928 277
1753365595767 0.01932 278
1753365612301 0.01931 279
1753365629298 0.01926 280
1753365646796 0.0193 281
1753365663869 0.01929 282
1753365681316 0.01929 283
1753365698551 0.01933 284
1753365715631 0.01923 285
1753365732713 0.01929 286
1753365749879 0.01925 287
1753365766991 0.01926 288
1753365784148 0.01931 289
1753365801234 0.01925 290
1753365818318 0.01923 291
1753365835417 0.0193 292
1753365852544 0.0193 293
1753365869753 0.01928 294
1753365886982 0.0193 295
1753365904209 0.01927 296
1753365921381 0.01925 297
1753365938540 0.01934 298
1753365955766 0.01925 299
1753365972788 0.01938 300
