1753360987679 0.0010000000474974513 1
1753361004945 0.0010000000474974513 2
1753361022221 0.0010000000474974513 3
1753361039545 0.0010000000474974513 4
1753361057051 0.0010000000474974513 5
1753361074291 0.0010000000474974513 6
1753361091562 0.0010000000474974513 7
1753361108686 0.0010000000474974513 8
1753361125856 0.0010000000474974513 9
1753361143031 0.0010000000474974513 10
1753361160168 0.0010000000474974513 11
1753361177780 0.0010000000474974513 12
1753361194199 0.0010000000474974513 13
1753361210553 0.0010000000474974513 14
1753361226808 0.0010000000474974513 15
1753361243174 0.0010000000474974513 16
1753361259495 0.0010000000474974513 17
1753361275933 0.0010000000474974513 18
1753361292757 0.0010000000474974513 19
1753361309906 0.0010000000474974513 20
1753361326969 0.0010000000474974513 21
1753361344066 0.0010000000474974513 22
1753361361510 0.0010000000474974513 23
1753361378650 0.0010000000474974513 24
1753361395911 0.0010000000474974513 25
1753361413086 0.0010000000474974513 26
1753361429727 0.0010000000474974513 27
1753361446076 0.0010000000474974513 28
1753361462394 0.0010000000474974513 29
1753361478688 0.0010000000474974513 30
1753361494975 0.0010000000474974513 31
1753361511220 0.0010000000474974513 32
1753361527535 0.0010000000474974513 33
1753361543886 0.0010000000474974513 34
1753361560605 0.0010000000474974513 35
1753361577380 0.0010000000474974513 36
1753361593594 0.0010000000474974513 37
1753361609782 0.0010000000474974513 38
1753361626272 0.0010000000474974513 39
1753361642486 0.0010000000474974513 40
1753361659100 0.0010000000474974513 41
1753361675280 0.0010000000474974513 42
1753361691899 0.0010000000474974513 43
1753361708090 0.0010000000474974513 44
1753361724451 0.0010000000474974513 45
1753361741601 0.0010000000474974513 46
1753361758702 0.0010000000474974513 47
1753361775842 0.0010000000474974513 48
1753361793054 0.0010000000474974513 49
1753361810180 0.0010000000474974513 50
1753361826920 0.0010000000474974513 51
1753361843082 0.0010000000474974513 52
1753361859283 0.0010000000474974513 53
1753361875910 0.0010000000474974513 54
1753361892157 0.0010000000474974513 55
1753361908384 0.0010000000474974513 56
1753361924583 0.0010000000474974513 57
1753361940797 0.0010000000474974513 58
1753361957629 0.0010000000474974513 59
1753361974635 0.0010000000474974513 60
1753361991569 0.0010000000474974513 61
1753362008408 0.0010000000474974513 62
1753362025202 0.0010000000474974513 63
1753362042032 0.00020000000949949026 64
1753362058859 0.00020000000949949026 65
1753362076115 0.00020000000949949026 66
1753362093040 0.00020000000949949026 67
1753362109801 0.00020000000949949026 68
1753362126164 0.00020000000949949026 69
1753362142994 0.00020000000949949026 70
1753362159333 0.00020000000949949026 71
1753362175639 0.00020000000949949026 72
1753362191903 4.0000002627493814e-05 73
1753362208151 4.0000002627493814e-05 74
1753362224864 4.0000002627493814e-05 75
1753362241617 4.0000002627493814e-05 76
1753362258134 4.0000002627493814e-05 77
1753362274689 4.0000002627493814e-05 78
1753362291357 4.0000002627493814e-05 79
1753362307887 4.0000002627493814e-05 80
1753362324456 4.0000002627493814e-05 81
1753362341304 8.000000889296643e-06 82
1753362357980 8.000000889296643e-06 83
1753362374625 8.000000889296643e-06 84
1753362391536 8.000000889296643e-06 85
1753362408448 8.000000889296643e-06 86
1753362425384 8.000000889296643e-06 87
1753362442256 8.000000889296643e-06 88
1753362459180 8.000000889296643e-06 89
1753362476180 8.000000889296643e-06 90
1753362493259 1.6000001323845936e-06 91
1753362510338 1.6000001323845936e-06 92
1753362527544 1.6000001323845936e-06 93
1753362544636 1.6000001323845936e-06 94
1753362561721 1.6000001323845936e-06 95
1753362578621 1.6000001323845936e-06 96
1753362595798 1.6000001323845936e-06 97
1753362612777 1.6000001323845936e-06 98
1753362629590 1.6000001323845936e-06 99
1753362646464 9.999999974752427e-07 100
1753362663424 9.999999974752427e-07 101
1753362679633 9.999999974752427e-07 102
1753362695810 9.999999974752427e-07 103
1753362712073 9.999999974752427e-07 104
1753362728321 9.999999974752427e-07 105
1753362744612 9.999999974752427e-07 106
1753362760916 9.999999974752427e-07 107
1753362777183 9.999999974752427e-07 108
1753362793884 9.999999974752427e-07 109
1753362810104 9.999999974752427e-07 110
1753362826329 9.999999974752427e-07 111
1753362842541 9.999999974752427e-07 112
1753362859437 9.999999974752427e-07 113
1753362875716 9.999999974752427e-07 114
1753362891926 9.999999974752427e-07 115
1753362908853 9.999999974752427e-07 116
1753362926022 9.999999974752427e-07 117
1753362943165 9.999999974752427e-07 118
1753362960392 9.999999974752427e-07 119
1753362977557 9.999999974752427e-07 120
1753362994702 9.999999974752427e-07 121
1753363011863 9.999999974752427e-07 122
1753363029044 9.999999974752427e-07 123
1753363046181 9.999999974752427e-07 124
1753363063333 9.999999974752427e-07 125
1753363080455 9.999999974752427e-07 126
1753363097605 9.999999974752427e-07 127
1753363114429 9.999999974752427e-07 128
1753363130657 9.999999974752427e-07 129
1753363146915 9.999999974752427e-07 130
1753363163386 9.999999974752427e-07 131
1753363179958 9.999999974752427e-07 132
1753363196237 9.999999974752427e-07 133
1753363212692 9.999999974752427e-07 134
1753363228973 9.999999974752427e-07 135
1753363245322 9.999999974752427e-07 136
1753363261544 9.999999974752427e-07 137
1753363277824 9.999999974752427e-07 138
1753363294046 9.999999974752427e-07 139
1753363310624 9.999999974752427e-07 140
1753363326880 9.999999974752427e-07 141
1753363343172 9.999999974752427e-07 142
1753363359339 9.999999974752427e-07 143
1753363375945 9.999999974752427e-07 144
1753363392145 9.999999974752427e-07 145
1753363408508 9.999999974752427e-07 146
1753363425031 9.999999974752427e-07 147
1753363441189 9.999999974752427e-07 148
1753363457419 9.999999974752427e-07 149
1753363473622 9.999999974752427e-07 150
1753363489818 9.999999974752427e-07 151
1753363506013 9.999999974752427e-07 152
1753363522518 9.999999974752427e-07 153
1753363538808 9.999999974752427e-07 154
1753363554978 9.999999974752427e-07 155
1753363571451 9.999999974752427e-07 156
1753363587694 9.999999974752427e-07 157
1753363603934 9.999999974752427e-07 158
1753363620365 9.999999974752427e-07 159
1753363636530 9.999999974752427e-07 160
1753363652702 9.999999974752427e-07 161
1753363669334 9.999999974752427e-07 162
1753363685588 9.999999974752427e-07 163
1753363701808 9.999999974752427e-07 164
1753363718074 9.999999974752427e-07 165
1753363734331 9.999999974752427e-07 166
1753363750501 9.999999974752427e-07 167
1753363766703 9.999999974752427e-07 168
1753363782892 9.999999974752427e-07 169
1753363798967 9.999999974752427e-07 170
1753363815466 9.999999974752427e-07 171
1753363832217 9.999999974752427e-07 172
1753363848352 9.999999974752427e-07 173
1753363864458 9.999999974752427e-07 174
1753363881077 9.999999974752427e-07 175
1753363897366 9.999999974752427e-07 176
1753363913633 9.999999974752427e-07 177
1753363930304 9.999999974752427e-07 178
1753363947126 9.999999974752427e-07 179
1753363964044 9.999999974752427e-07 180
1753363980855 9.999999974752427e-07 181
1753363997716 9.999999974752427e-07 182
1753364014451 9.999999974752427e-07 183
1753364031197 9.999999974752427e-07 184
1753364048024 9.999999974752427e-07 185
1753364064909 9.999999974752427e-07 186
1753364081744 9.999999974752427e-07 187
1753364098699 9.999999974752427e-07 188
1753364115552 9.999999974752427e-07 189
1753364132736 9.999999974752427e-07 190
1753364149557 9.999999974752427e-07 191
1753364166420 9.999999974752427e-07 192
1753364183349 9.999999974752427e-07 193
1753364200205 9.999999974752427e-07 194
1753364216578 9.999999974752427e-07 195
1753364233011 9.999999974752427e-07 196
1753364249492 9.999999974752427e-07 197
1753364266078 9.999999974752427e-07 198
1753364282629 9.999999974752427e-07 199
1753364299080 9.999999974752427e-07 200
1753364315583 9.999999974752427e-07 201
1753364332042 9.999999974752427e-07 202
1753364348484 9.999999974752427e-07 203
1753364365117 9.999999974752427e-07 204
1753364381722 9.999999974752427e-07 205
1753364398351 9.999999974752427e-07 206
1753364414809 9.999999974752427e-07 207
1753364431293 9.999999974752427e-07 208
1753364448006 9.999999974752427e-07 209
1753364464461 9.999999974752427e-07 210
1753364480989 9.999999974752427e-07 211
1753364497546 9.999999974752427e-07 212
1753364514080 9.999999974752427e-07 213
1753364530610 9.999999974752427e-07 214
1753364547082 9.999999974752427e-07 215
1753364563608 9.999999974752427e-07 216
1753364580103 9.999999974752427e-07 217
1753364596677 9.999999974752427e-07 218
1753364613159 9.999999974752427e-07 219
1753364629756 9.999999974752427e-07 220
1753364647007 9.999999974752427e-07 221
1753364664075 9.999999974752427e-07 222
1753364681073 9.999999974752427e-07 223
1753364698275 9.999999974752427e-07 224
1753364715097 9.999999974752427e-07 225
1753364732189 9.999999974752427e-07 226
1753364749311 9.999999974752427e-07 227
1753364766444 9.999999974752427e-07 228
1753364783824 9.999999974752427e-07 229
1753364800768 9.999999974752427e-07 230
1753364817643 9.999999974752427e-07 231
1753364834178 9.999999974752427e-07 232
1753364851196 9.999999974752427e-07 233
1753364868231 9.999999974752427e-07 234
1753364885188 9.999999974752427e-07 235
1753364902353 9.999999974752427e-07 236
1753364919405 9.999999974752427e-07 237
1753364936471 9.999999974752427e-07 238
1753364953409 9.999999974752427e-07 239
1753364970357 9.999999974752427e-07 240
1753364987606 9.999999974752427e-07 241
1753365004719 9.999999974752427e-07 242
1753365021840 9.999999974752427e-07 243
1753365038914 9.999999974752427e-07 244
1753365055908 9.999999974752427e-07 245
1753365072515 9.999999974752427e-07 246
1753365088835 9.999999974752427e-07 247
1753365105062 9.999999974752427e-07 248
1753365121867 9.999999974752427e-07 249
1753365138795 9.999999974752427e-07 250
1753365155521 9.999999974752427e-07 251
1753365172000 9.999999974752427e-07 252
1753365188581 9.999999974752427e-07 253
1753365205773 9.999999974752427e-07 254
1753365222850 9.999999974752427e-07 255
1753365239589 9.999999974752427e-07 256
1753365256385 9.999999974752427e-07 257
1753365273086 9.999999974752427e-07 258
1753365289817 9.999999974752427e-07 259
1753365306188 9.999999974752427e-07 260
1753365322625 9.999999974752427e-07 261
1753365339316 9.999999974752427e-07 262
1753365356189 9.999999974752427e-07 263
1753365372713 9.999999974752427e-07 264
1753365389254 9.999999974752427e-07 265
1753365405786 9.999999974752427e-07 266
1753365422696 9.999999974752427e-07 267
1753365439240 9.999999974752427e-07 268
1753365455716 9.999999974752427e-07 269
1753365472460 9.999999974752427e-07 270
1753365489663 9.999999974752427e-07 271
1753365506905 9.999999974752427e-07 272
1753365524014 9.999999974752427e-07 273
1753365541319 9.999999974752427e-07 274
1753365558500 9.999999974752427e-07 275
1753365575504 9.999999974752427e-07 276
1753365592562 9.999999974752427e-07 277
1753365609098 9.999999974752427e-07 278
1753365626166 9.999999974752427e-07 279
1753365643619 9.999999974752427e-07 280
1753365660727 9.999999974752427e-07 281
1753365678191 9.999999974752427e-07 282
1753365695427 9.999999974752427e-07 283
1753365712474 9.999999974752427e-07 284
1753365729589 9.999999974752427e-07 285
1753365746708 9.999999974752427e-07 286
1753365763858 9.999999974752427e-07 287
1753365780959 9.999999974752427e-07 288
1753365798034 9.999999974752427e-07 289
1753365815115 9.999999974752427e-07 290
1753365832233 9.999999974752427e-07 291
1753365849339 9.999999974752427e-07 292
1753365866556 9.999999974752427e-07 293
1753365883780 9.999999974752427e-07 294
1753365901003 9.999999974752427e-07 295
1753365918252 9.999999974752427e-07 296
1753365935395 9.999999974752427e-07 297
1753365952640 9.999999974752427e-07 298
1753365969668 9.999999974752427e-07 299
1753365987043 9.999999974752427e-07 300
