1753322092503 1.0 0
1753322106860 2.0 0
1753322122487 3.0 0
1753322137600 4.0 0
1753322152168 5.0 0
1753322166207 6.0 0
1753322180404 7.0 0
1753322194578 8.0 0
1753322208748 9.0 0
1753322222755 10.0 0
1753322236748 11.0 0
1753322250780 12.0 0
1753322265113 13.0 0
1753322279269 14.0 0
1753322293404 15.0 0
1753322307525 16.0 0
1753322321736 17.0 0
1753322335835 18.0 0
1753322349925 19.0 0
1753322364553 20.0 0
1753322378659 21.0 0
1753322392882 22.0 0
1753322406986 23.0 0
1753322421004 24.0 0
1753322435121 25.0 0
1753322449119 26.0 0
1753322463352 27.0 0
1753322477750 28.0 0
1753322492161 29.0 0
1753322506344 30.0 0
1753322520600 31.0 0
1753322534686 32.0 0
1753322548959 33.0 0
1753322563045 34.0 0
1753322577188 35.0 0
1753322606221 37.0 0
1753322620266 38.0 0
1753322662349 41.0 0
1753322733699 46.0 0
1753322747829 47.0 0
1753322761981 48.0 0
1753322819214 52.0 0
