1753322080221 0.4544 1
1753322095699 0.36946 2
1753322110140 0.31127 3
1753322125586 0.26318 4
1753322140750 0.22274 5
1753322155340 0.189 6
1753322169320 0.16225 7
1753322183580 0.14038 8
1753322197747 0.1222 9
1753322211903 0.10711 10
1753322225847 0.0946 11
1753322239859 0.08423 12
1753322253943 0.0757 13
1753322268320 0.06858 14
1753322282407 0.06258 15
1753322296516 0.05756 16
1753322310693 0.05324 17
1753322324825 0.04958 18
1753322338922 0.04643 19
1753322353086 0.04375 20
1753322367684 0.04139 21
1753322381815 0.0393 22
1753322396011 0.03751 23
1753322410020 0.0359 24
1753322424067 0.03452 25
1753322438137 0.03324 26
1753322452207 0.03217 27
1753322466380 0.03117 28
1753322480806 0.03025 29
1753322495270 0.02944 30
1753322509452 0.02874 31
1753322523812 0.02805 32
1753322537822 0.02743 33
1753322552086 0.02687 34
1753322566189 0.02634 35
1753322580317 0.02591 36
1753322594526 0.02548 37
1753322609260 0.02506 38
1753322623307 0.02469 39
1753322637341 0.0244 40
1753322651460 0.02407 41
1753322665506 0.02376 42
1753322679469 0.02348 43
1753322693574 0.02321 44
1753322708183 0.02304 45
1753322722262 0.02274 46
1753322736759 0.02253 47
1753322750940 0.02235 48
1753322765280 0.02216 49
1753322779685 0.02202 50
1753322793675 0.02182 51
1753322807682 0.02164 52
1753322822278 0.02146 53
1753322836364 0.0213 54
1753322850793 0.02121 55
1753322865096 0.02108 56
1753322879259 0.02092 57
1753322893317 0.0208 58
1753322907336 0.0207 59
1753322921491 0.02059 60
1753322935489 0.02048 61
1753322949514 0.02026 62
1753322963992 0.02021 63
1753322978143 0.02016 64
1753322992294 0.02009 65
1753323006435 0.0201 66
1753323020466 0.02006 67
1753323034498 0.02002 68
1753323048773 0.02004 69
1753323063242 0.02001 70
1753323077358 0.01994 71
1753323091442 0.0199 72
1753323105616 0.01989 73
1753323119770 0.01991 74
1753323133998 0.01989 75
1753323148045 0.0199 76
1753323162150 0.01988 77
1753323176501 0.01987 78
1753323191047 0.01985 79
1753323205032 0.01984 80
1753323219202 0.01986 81
1753323233374 0.01987 82
1753323247706 0.01984 83
1753323261808 0.01984 84
1753323275885 0.01984 85
1753323289832 0.01984 86
1753323304270 0.01986 87
1753323318235 0.01986 88
1753323332351 0.01984 89
1753323346447 0.01984 90
1753323360704 0.01985 91
1753323374780 0.01984 92
1753323388810 0.01982 93
1753323403298 0.01985 94
1753323417499 0.01983 95
1753323431605 0.01983 96
1753323445744 0.01982 97
1753323460025 0.01984 98
1753323474217 0.01984 99
1753323488269 0.01982 100
1753323502271 0.01982 101
1753323516652 0.01982 102
1753323530860 0.01983 103
1753323545406 0.01981 104
1753323559555 0.01984 105
1753323573583 0.01985 106
1753323587912 0.01982 107
1753323602174 0.01983 108
1753323616366 0.01984 109
1753323630481 0.01982 110
1753323644501 0.01983 111
1753323659219 0.01981 112
1753323673438 0.01984 113
1753323687526 0.01982 114
1753323701596 0.01983 115
1753323715632 0.01983 116
1753323729793 0.01981 117
1753323743878 0.01982 118
1753323758278 0.01984 119
1753323772395 0.01985 120
1753323786554 0.01983 121
1753323800723 0.01984 122
1753323814792 0.01982 123
1753323828753 0.01983 124
1753323842853 0.01982 125
1753323856996 0.01983 126
1753323871389 0.01982 127
1753323885725 0.01982 128
1753323899739 0.01981 129
1753323913695 0.01983 130
1753323927847 0.01984 131
1753323942004 0.01981 132
1753323956697 0.01984 133
1753323970996 0.01982 134
1753323985077 0.01984 135
1753323999492 0.01985 136
1753324013564 0.01981 137
1753324027454 0.0198 138
1753324041533 0.01983 139
1753324055473 0.01981 140
1753324069485 0.01982 141
1753324083554 0.01983 142
1753324098016 0.01981 143
1753324112088 0.01982 144
1753324126245 0.0198 145
1753324140369 0.01984 146
1753324154484 0.01983 147
1753324168729 0.01982 148
1753324183014 0.01981 149
1753324197039 0.01982 150
1753324211511 0.0198 151
1753324225563 0.0198 152
1753324240214 0.01983 153
1753324254254 0.01982 154
1753324268220 0.01983 155
1753324282324 0.01981 156
1753324296551 0.0198 157
1753324311035 0.01978 158
1753324325197 0.0198 159
1753324339278 0.01981 160
1753324353940 0.01982 161
1753324367897 0.01981 162
1753324381811 0.0198 163
1753324395703 0.01984 164
1753324409786 0.01981 165
1753324423777 0.01984 166
1753324437965 0.0198 167
1753324452283 0.01982 168
1753324466283 0.01983 169
1753324480216 0.01983 170
1753324494286 0.01982 171
1753324508355 0.01977 172
1753324522446 0.01983 173
1753324536618 0.0198 174
1753324550743 0.0198 175
1753324565108 0.01982 176
1753324579389 0.01981 177
1753324593491 0.0198 178
1753324607390 0.01982 179
1753324621506 0.01979 180
1753324635560 0.01979 181
1753324649473 0.01981 182
1753324663909 0.0198 183
1753324677931 0.0198 184
1753324692442 0.0198 185
1753324706659 0.01982 186
1753324720710 0.01979 187
1753324734668 0.0198 188
1753324748844 0.0198 189
1753324762730 0.01981 190
1753324776524 0.01979 191
1753324790907 0.01982 192
1753324805117 0.01981 193
1753324819220 0.0198 194
1753324833238 0.01982 195
1753324847338 0.01979 196
1753324861345 0.01976 197
1753324875278 0.01979 198
1753324889234 0.01978 199
1753324903714 0.01981 200
1753324917905 0.01979 201
1753324932583 0.01978 202
1753324946742 0.01977 203
1753324960741 0.01979 204
1753324974816 0.01981 205
1753324988711 0.01979 206
1753325002836 0.01977 207
1753325016831 0.01976 208
1753325031475 0.01977 209
1753325045874 0.0198 210
1753325059975 0.01977 211
1753325074017 0.01979 212
1753325088120 0.01976 213
1753325102166 0.0198 214
1753325116225 0.0198 215
1753325130407 0.01979 216
1753325144898 0.01977 217
1753325159002 0.01979 218
1753325173237 0.01978 219
1753325187404 0.01979 220
1753325201547 0.0198 221
1753325215542 0.01979 222
1753325229544 0.01975 223
1753325243423 0.01979 224
1753325257748 0.01975 225
1753325272014 0.01978 226
1753325285981 0.01977 227
1753325299988 0.01977 228
1753325314142 0.01977 229
1753325328287 0.01976 230
1753325342311 0.01977 231
1753325356463 0.01979 232
1753325370525 0.01977 233
1753325385039 0.01978 234
1753325399239 0.01977 235
1753325413288 0.01977 236
1753325427402 0.01978 237
1753325441486 0.01977 238
1753325455580 0.01975 239
1753325469573 0.01977 240
1753325484019 0.01979 241
1753325498155 0.01976 242
1753325512177 0.01976 243
1753325526690 0.01977 244
1753325540694 0.01977 245
1753325554799 0.01977 246
1753325568917 0.01975 247
1753325583028 0.01979 248
1753325597731 0.01977 249
1753325611592 0.01973 250
1753325625936 0.01978 251
1753325640049 0.01975 252
1753325654249 0.01975 253
1753325668491 0.01974 254
1753325682576 0.01977 255
1753325696663 0.01978 256
1753325710745 0.01977 257
1753325725581 0.01975 258
1753325739999 0.01977 259
1753325754335 0.01973 260
1753325768417 0.01976 261
1753325782518 0.01977 262
1753325796623 0.01977 263
1753325810818 0.01976 264
1753325824883 0.01976 265
1753325839427 0.01973 266
1753325853571 0.01973 267
1753325867634 0.01974 268
1753325881680 0.01975 269
1753325896080 0.01977 270
1753325910222 0.01975 271
1753325924194 0.01975 272
1753325938231 0.01972 273
1753325952657 0.01974 274
1753325967176 0.01975 275
1753325981177 0.01972 276
1753325995202 0.01976 277
1753326009218 0.01976 278
1753326023283 0.01974 279
1753326037333 0.01974 280
1753326051767 0.01971 281
1753326065804 0.01974 282
1753326079979 0.01973 283
1753326093912 0.01972 284
1753326108145 0.01975 285
1753326122533 0.01973 286
1753326136992 0.01975 287
1753326151080 0.01971 288
1753326165191 0.01973 289
1753326179521 0.01971 290
1753326193788 0.01973 291
1753326207796 0.01974 292
1753326221793 0.01971 293
1753326235809 0.01974 294
1753326250095 0.01973 295
1753326264172 0.01975 296
1753326278255 0.01973 297
1753326292708 0.01972 298
1753326306900 0.0197 299
1753326321181 0.01969 300
