1753322092509 0.0010000000474974513 1
1753322106866 0.0010000000474974513 2
1753322122493 0.0010000000474974513 3
1753322137607 0.0010000000474974513 4
1753322152173 0.0010000000474974513 5
1753322166212 0.0010000000474974513 6
1753322180409 0.0010000000474974513 7
1753322194583 0.0010000000474974513 8
1753322208752 0.0010000000474974513 9
1753322222760 0.0010000000474974513 10
1753322236752 0.0010000000474974513 11
1753322250786 0.0010000000474974513 12
1753322265118 0.0010000000474974513 13
1753322279275 0.0010000000474974513 14
1753322293408 0.0010000000474974513 15
1753322307530 0.0010000000474974513 16
1753322321741 0.0010000000474974513 17
1753322335840 0.0010000000474974513 18
1753322349930 0.0010000000474974513 19
1753322364558 0.0010000000474974513 20
1753322378663 0.0010000000474974513 21
1753322392886 0.0010000000474974513 22
1753322406991 0.0010000000474974513 23
1753322421008 0.0010000000474974513 24
1753322435126 0.0010000000474974513 25
1753322449124 0.0010000000474974513 26
1753322463358 0.0010000000474974513 27
1753322477755 0.0010000000474974513 28
1753322492166 0.0010000000474974513 29
1753322506349 0.0010000000474974513 30
1753322520605 0.0010000000474974513 31
1753322534691 0.0010000000474974513 32
1753322548964 0.0010000000474974513 33
1753322563050 0.0010000000474974513 34
1753322577193 0.0010000000474974513 35
1753322591374 0.0010000000474974513 36
1753322606226 0.0010000000474974513 37
1753322620271 0.0010000000474974513 38
1753322634253 0.0010000000474974513 39
1753322648334 0.0010000000474974513 40
1753322662353 0.0010000000474974513 41
1753322676416 0.0010000000474974513 42
1753322690489 0.0010000000474974513 43
1753322705118 0.0010000000474974513 44
1753322719139 0.0010000000474974513 45
1753322733703 0.0010000000474974513 46
1753322747834 0.0010000000474974513 47
1753322761986 0.0010000000474974513 48
1753322776125 0.0010000000474974513 49
1753322790563 0.0010000000474974513 50
1753322804578 0.0010000000474974513 51
1753322819219 0.0010000000474974513 52
1753322833209 0.0010000000474974513 53
1753322847645 0.0010000000474974513 54
1753322861945 0.0010000000474974513 55
1753322876166 0.0010000000474974513 56
1753322890208 0.0010000000474974513 57
1753322904237 0.0010000000474974513 58
1753322918400 0.0010000000474974513 59
1753322932435 0.0010000000474974513 60
1753322946444 0.00020000000949949026 61
1753322960924 0.00020000000949949026 62
1753322975054 0.00020000000949949026 63
1753322989137 0.00020000000949949026 64
1753323003203 0.00020000000949949026 65
1753323017362 0.00020000000949949026 66
1753323031386 0.00020000000949949026 67
1753323045718 0.00020000000949949026 68
1753323060178 0.00020000000949949026 69
1753323074160 4.0000002627493814e-05 70
1753323088325 4.0000002627493814e-05 71
1753323102531 4.0000002627493814e-05 72
1753323116617 4.0000002627493814e-05 73
1753323130840 4.0000002627493814e-05 74
1753323144931 4.0000002627493814e-05 75
1753323159001 4.0000002627493814e-05 76
1753323173490 4.0000002627493814e-05 77
1753323187961 4.0000002627493814e-05 78
1753323202019 8.000000889296643e-06 79
1753323216010 8.000000889296643e-06 80
1753323230268 8.000000889296643e-06 81
1753323244517 8.000000889296643e-06 82
1753323258686 8.000000889296643e-06 83
1753323272720 8.000000889296643e-06 84
1753323286771 8.000000889296643e-06 85
1753323301167 8.000000889296643e-06 86
1753323315173 8.000000889296643e-06 87
1753323329164 1.6000001323845936e-06 88
1753323343268 1.6000001323845936e-06 89
1753323357670 1.6000001323845936e-06 90
1753323371666 1.6000001323845936e-06 91
1753323385592 1.6000001323845936e-06 92
1753323400159 1.6000001323845936e-06 93
1753323414380 1.6000001323845936e-06 94
1753323428502 1.6000001323845936e-06 95
1753323442546 1.6000001323845936e-06 96
1753323456870 9.999999974752427e-07 97
1753323471070 9.999999974752427e-07 98
1753323485107 9.999999974752427e-07 99
1753323499180 9.999999974752427e-07 100
1753323513596 9.999999974752427e-07 101
1753323527740 9.999999974752427e-07 102
1753323542305 9.999999974752427e-07 103
1753323556414 9.999999974752427e-07 104
1753323570587 9.999999974752427e-07 105
1753323584731 9.999999974752427e-07 106
1753323599063 9.999999974752427e-07 107
1753323613211 9.999999974752427e-07 108
1753323627335 9.999999974752427e-07 109
1753323641436 9.999999974752427e-07 110
1753323656067 9.999999974752427e-07 111
1753323670259 9.999999974752427e-07 112
1753323684495 9.999999974752427e-07 113
1753323698524 9.999999974752427e-07 114
1753323712530 9.999999974752427e-07 115
1753323726619 9.999999974752427e-07 116
1753323740713 9.999999974752427e-07 117
1753323755150 9.999999974752427e-07 118
1753323769220 9.999999974752427e-07 119
1753323783366 9.999999974752427e-07 120
1753323797571 9.999999974752427e-07 121
1753323811761 9.999999974752427e-07 122
1753323825717 9.999999974752427e-07 123
1753323839675 9.999999974752427e-07 124
1753323853896 9.999999974752427e-07 125
1753323868407 9.999999974752427e-07 126
1753323882633 9.999999974752427e-07 127
1753323896529 9.999999974752427e-07 128
1753323910693 9.999999974752427e-07 129
1753323924757 9.999999974752427e-07 130
1753323938885 9.999999974752427e-07 131
1753323953521 9.999999974752427e-07 132
1753323967834 9.999999974752427e-07 133
1753323982001 9.999999974752427e-07 134
1753323996362 9.999999974752427e-07 135
1753324010383 9.999999974752427e-07 136
1753324024442 9.999999974752427e-07 137
1753324038406 9.999999974752427e-07 138
1753324052401 9.999999974752427e-07 139
1753324066330 9.999999974752427e-07 140
1753324080491 9.999999974752427e-07 141
1753324094956 9.999999974752427e-07 142
1753324108985 9.999999974752427e-07 143
1753324123068 9.999999974752427e-07 144
1753324137270 9.999999974752427e-07 145
1753324151409 9.999999974752427e-07 146
1753324165534 9.999999974752427e-07 147
1753324179807 9.999999974752427e-07 148
1753324193887 9.999999974752427e-07 149
1753324208474 9.999999974752427e-07 150
1753324222416 9.999999974752427e-07 151
1753324237038 9.999999974752427e-07 152
1753324251155 9.999999974752427e-07 153
1753324265114 9.999999974752427e-07 154
1753324279117 9.999999974752427e-07 155
1753324293371 9.999999974752427e-07 156
1753324307929 9.999999974752427e-07 157
1753324322158 9.999999974752427e-07 158
1753324336147 9.999999974752427e-07 159
1753324350787 9.999999974752427e-07 160
1753324364782 9.999999974752427e-07 161
1753324378717 9.999999974752427e-07 162
1753324392605 9.999999974752427e-07 163
1753324406637 9.999999974752427e-07 164
1753324420620 9.999999974752427e-07 165
1753324434770 9.999999974752427e-07 166
1753324449182 9.999999974752427e-07 167
1753324463108 9.999999974752427e-07 168
1753324477220 9.999999974752427e-07 169
1753324491231 9.999999974752427e-07 170
1753324505267 9.999999974752427e-07 171
1753324519279 9.999999974752427e-07 172
1753324533433 9.999999974752427e-07 173
1753324547643 9.999999974752427e-07 174
1753324562016 9.999999974752427e-07 175
1753324576254 9.999999974752427e-07 176
1753324590337 9.999999974752427e-07 177
1753324604351 9.999999974752427e-07 178
1753324618351 9.999999974752427e-07 179
1753324632402 9.999999974752427e-07 180
1753324646432 9.999999974752427e-07 181
1753324660687 9.999999974752427e-07 182
1753324674881 9.999999974752427e-07 183
1753324689289 9.999999974752427e-07 184
1753324703558 9.999999974752427e-07 185
1753324717613 9.999999974752427e-07 186
1753324731652 9.999999974752427e-07 187
1753324745666 9.999999974752427e-07 188
1753324759717 9.999999974752427e-07 189
1753324773533 9.999999974752427e-07 190
1753324787730 9.999999974752427e-07 191
1753324801945 9.999999974752427e-07 192
1753324816085 9.999999974752427e-07 193
1753324830176 9.999999974752427e-07 194
1753324844205 9.999999974752427e-07 195
1753324858175 9.999999974752427e-07 196
1753324872213 9.999999974752427e-07 197
1753324886146 9.999999974752427e-07 198
1753324900655 9.999999974752427e-07 199
1753324914695 9.999999974752427e-07 200
1753324929441 9.999999974752427e-07 201
1753324943573 9.999999974752427e-07 202
1753324957687 9.999999974752427e-07 203
1753324971659 9.999999974752427e-07 204
1753324985765 9.999999974752427e-07 205
1753324999702 9.999999974752427e-07 206
1753325013761 9.999999974752427e-07 207
1753325028337 9.999999974752427e-07 208
1753325042790 9.999999974752427e-07 209
1753325056871 9.999999974752427e-07 210
1753325070851 9.999999974752427e-07 211
1753325084973 9.999999974752427e-07 212
1753325099121 9.999999974752427e-07 213
1753325113110 9.999999974752427e-07 214
1753325127154 9.999999974752427e-07 215
1753325141746 9.999999974752427e-07 216
1753325155857 9.999999974752427e-07 217
1753325170057 9.999999974752427e-07 218
1753325184226 9.999999974752427e-07 219
1753325198381 9.999999974752427e-07 220
1753325212370 9.999999974752427e-07 221
1753325226451 9.999999974752427e-07 222
1753325240380 9.999999974752427e-07 223
1753325254624 9.999999974752427e-07 224
1753325268951 9.999999974752427e-07 225
1753325282882 9.999999974752427e-07 226
1753325296808 9.999999974752427e-07 227
1753325311017 9.999999974752427e-07 228
1753325325120 9.999999974752427e-07 229
1753325339187 9.999999974752427e-07 230
1753325353306 9.999999974752427e-07 231
1753325367485 9.999999974752427e-07 232
1753325381761 9.999999974752427e-07 233
1753325396148 9.999999974752427e-07 234
1753325410111 9.999999974752427e-07 235
1753325424320 9.999999974752427e-07 236
1753325438361 9.999999974752427e-07 237
1753325452448 9.999999974752427e-07 238
1753325466450 9.999999974752427e-07 239
1753325480866 9.999999974752427e-07 240
1753325495114 9.999999974752427e-07 241
1753325509060 9.999999974752427e-07 242
1753325523173 9.999999974752427e-07 243
1753325537603 9.999999974752427e-07 244
1753325551636 9.999999974752427e-07 245
1753325565737 9.999999974752427e-07 246
1753325579938 9.999999974752427e-07 247
1753325594667 9.999999974752427e-07 248
1753325608531 9.999999974752427e-07 249
1753325622755 9.999999974752427e-07 250
1753325636985 9.999999974752427e-07 251
1753325651103 9.999999974752427e-07 252
1753325665424 9.999999974752427e-07 253
1753325679380 9.999999974752427e-07 254
1753325693564 9.999999974752427e-07 255
1753325707591 9.999999974752427e-07 256
1753325722368 9.999999974752427e-07 257
1753325736902 9.999999974752427e-07 258
1753325751132 9.999999974752427e-07 259
1753325765313 9.999999974752427e-07 260
1753325779399 9.999999974752427e-07 261
1753325793469 9.999999974752427e-07 262
1753325807655 9.999999974752427e-07 263
1753325821784 9.999999974752427e-07 264
1753325836325 9.999999974752427e-07 265
1753325850407 9.999999974752427e-07 266
1753325864573 9.999999974752427e-07 267
1753325878519 9.999999974752427e-07 268
1753325892971 9.999999974752427e-07 269
1753325907100 9.999999974752427e-07 270
1753325921195 9.999999974752427e-07 271
1753325935146 9.999999974752427e-07 272
1753325949530 9.999999974752427e-07 273
1753325964022 9.999999974752427e-07 274
1753325978137 9.999999974752427e-07 275
1753325992045 9.999999974752427e-07 276
1753326006157 9.999999974752427e-07 277
1753326020102 9.999999974752427e-07 278
1753326034245 9.999999974752427e-07 279
1753326048701 9.999999974752427e-07 280
1753326062670 9.999999974752427e-07 281
1753326076927 9.999999974752427e-07 282
1753326090878 9.999999974752427e-07 283
1753326105021 9.999999974752427e-07 284
1753326119280 9.999999974752427e-07 285
1753326133902 9.999999974752427e-07 286
1753326147933 9.999999974752427e-07 287
1753326162006 9.999999974752427e-07 288
1753326176364 9.999999974752427e-07 289
1753326190699 9.999999974752427e-07 290
1753326204722 9.999999974752427e-07 291
1753326218721 9.999999974752427e-07 292
1753326232620 9.999999974752427e-07 293
1753326246983 9.999999974752427e-07 294
1753326261113 9.999999974752427e-07 295
1753326275178 9.999999974752427e-07 296
1753326289571 9.999999974752427e-07 297
1753326303815 9.999999974752427e-07 298
1753326318091 9.999999974752427e-07 299
1753326332148 9.999999974752427e-07 300
