1753130478271 1.0 0
1753130513655 2.0 0
1753130548343 3.0 0
1753130583029 4.0 0
1753130617786 5.0 0
1753130652220 6.0 0
1753130686634 7.0 0
1753130721839 8.0 0
1753130757843 9.0 0
1753130792887 10.0 0
1753130827739 11.0 0
1753130862726 12.0 0
1753130897663 13.0 0
1753130933161 14.0 0
1753130968105 15.0 0
1753131002843 16.0 0
1753131038091 17.0 0
1753131073524 18.0 0
1753131108206 19.0 0
1753131143541 20.0 0
1753131178808 21.0 0
1753131213479 22.0 0
1753131248432 23.0 0
1753131284186 24.0 0
1753131319121 25.0 0
1753131354640 26.0 0
1753131389639 27.0 0
1753131424817 28.0 0
1753131460269 29.0 0
1753131530478 31.0 0
1753131565377 32.0 0
1753131600646 33.0 0
1753131636106 34.0 0
1753131706001 36.0 0
1753131775685 38.0 0
1753131880373 41.0 0
1753131915185 42.0 0
1753131950093 43.0 0
1753132089911 47.0 0
1753132334767 54.0 0
