1753130452771 0.39982 1
1753130488793 0.29363 2
1753130524288 0.23715 3
1753130558945 0.19459 4
1753130593910 0.16065 5
1753130628373 0.13352 6
1753130662978 0.11144 7
1753130697545 0.09357 8
1753130733811 0.07961 9
1753130768608 0.06869 10
1753130803749 0.06009 11
1753130838529 0.05332 12
1753130873473 0.04788 13
1753130908675 0.04356 14
1753130944149 0.04002 15
1753130978997 0.03718 16
1753131014019 0.03475 17
1753131049197 0.0328 18
1753131084491 0.03112 19
1753131119294 0.02969 20
1753131154604 0.0285 21
1753131189825 0.02746 22
1753131224481 0.02657 23
1753131259332 0.0258 24
1753131295084 0.02512 25
1753131330033 0.02451 26
1753131365743 0.02398 27
1753131400711 0.02352 28
1753131435743 0.0231 29
1753131471265 0.02274 30
1753131506027 0.02237 31
1753131541461 0.02208 32
1753131576423 0.02178 33
1753131611674 0.02151 34
1753131647115 0.02132 35
1753131682067 0.02112 36
1753131716909 0.0209 37
1753131751874 0.02073 38
1753131786548 0.02058 39
1753131821399 0.02042 40
1753131856395 0.02026 41
1753131891225 0.02014 42
1753131926069 0.02 43
1753131961119 0.01991 44
1753131996018 0.01979 45
1753132030650 0.01968 46
1753132066134 0.01961 47
1753132100628 0.01951 48
1753132135748 0.01943 49
1753132170809 0.01935 50
1753132206092 0.01929 51
1753132241247 0.0192 52
1753132275810 0.01916 53
1753132311170 0.01907 54
1753132345734 0.01901 55
1753132380232 0.01898 56
1753132414787 0.01894 57
1753132449344 0.01887 58
1753132484072 0.01883 59
1753132519042 0.01879 60
1753132554161 0.01876 61
1753132588903 0.01867 62
1753132624155 0.01862 63
1753132659106 0.01861 64
1753132693966 0.01857 65
1753132730022 0.01854 66
1753132765045 0.01851 67
1753132799387 0.01848 68
1753132834473 0.01845 69
1753132869342 0.01841 70
1753132903878 0.01835 71
1753132938830 0.01834 72
1753132973383 0.01833 73
1753133008101 0.01829 74
1753133042711 0.01827 75
1753133077596 0.01828 76
1753133112606 0.01822 77
1753133147230 0.0182 78
1753133182540 0.01819 79
1753133217396 0.01815 80
1753133252791 0.01814 81
1753133287898 0.01812 82
1753133322853 0.0181 83
1753133357778 0.01808 84
1753133393129 0.01805 85
1753133427891 0.01803 86
1753133462881 0.01803 87
1753133498133 0.018 88
1753133533027 0.01799 89
1753133568555 0.01796 90
1753133603855 0.01796 91
1753133638532 0.01796 92
1753133673696 0.01793 93
1753133708141 0.01791 94
1753133743303 0.01789 95
1753133778158 0.01786 96
1753133813666 0.01785 97
1753133848725 0.01786 98
1753133883346 0.0178 99
1753133918611 0.01781 100
1753133953708 0.01779 101
1753133988707 0.01779 102
1753134023622 0.01777 103
1753134058746 0.01775 104
1753134093763 0.01775 105
1753134128715 0.01775 106
1753134163887 0.01773 107
1753134199358 0.01772 108
1753134234553 0.0177 109
1753134269356 0.01769 110
1753134304217 0.01766 111
1753134339461 0.01767 112
1753134374317 0.01767 113
1753134409448 0.01763 114
1753134444367 0.01762 115
1753134479381 0.01762 116
1753134514482 0.01762 117
1753134548915 0.0176 118
1753134583483 0.01758 119
1753134618801 0.01758 120
1753134654166 0.01758 121
1753134689050 0.01758 122
1753134723444 0.01755 123
1753134758493 0.01757 124
1753134793256 0.01753 125
1753134827450 0.01756 126
1753134862882 0.01752 127
1753134898346 0.01752 128
1753134933468 0.01753 129
1753134968425 0.01748 130
1753135003654 0.01752 131
1753135038334 0.01748 132
1753135073527 0.01748 133
1753135108648 0.01746 134
1753135143690 0.01743 135
1753135178251 0.01745 136
1753135213138 0.01745 137
1753135248108 0.01742 138
1753135283053 0.01743 139
1753135317716 0.01742 140
1753135352702 0.01741 141
1753135388160 0.01739 142
1753135423305 0.01742 143
1753135458274 0.0174 144
1753135492661 0.01735 145
1753135528185 0.01738 146
1753135563419 0.01737 147
1753135598370 0.01737 148
1753135633440 0.01738 149
1753135668139 0.01736 150
1753135702971 0.01733 151
1753135737895 0.01733 152
1753135773009 0.01734 153
1753135807969 0.01732 154
1753135842928 0.01732 155
1753135878020 0.01729 156
1753135913230 0.0173 157
1753135947904 0.0173 158
1753135982479 0.01728 159
1753136017194 0.01729 160
1753136052375 0.01727 161
1753136087766 0.01729 162
1753136122649 0.01728 163
1753136157479 0.01726 164
1753136192571 0.01727 165
1753136227844 0.01723 166
1753136262777 0.01724 167
1753136297780 0.01724 168
1753136332824 0.01722 169
1753136368059 0.01724 170
1753136402911 0.0172 171
1753136438434 0.01722 172
1753136473449 0.01722 173
1753136508304 0.01721 174
1753136543174 0.01719 175
1753136578517 0.0172 176
1753136613279 0.01718 177
1753136647972 0.01718 178
1753136683180 0.01718 179
1753136718378 0.01719 180
1753136753236 0.01718 181
1753136788197 0.01718 182
1753136823360 0.01715 183
1753136858904 0.01716 184
1753136894375 0.01715 185
1753136929551 0.01714 186
1753136964349 0.01718 187
1753136999756 0.01711 188
1753137034665 0.01712 189
1753137070005 0.01714 190
1753137104480 0.01712 191
1753137139401 0.01712 192
1753137174109 0.01711 193
1753137208733 0.01712 194
1753137243570 0.0171 195
1753137278762 0.01709 196
1753137313821 0.01712 197
1753137349319 0.01709 198
1753137384600 0.01709 199
1753137420126 0.01711 200
1753137455128 0.0171 201
1753137489773 0.01709 202
1753137524168 0.01708 203
1753137559154 0.01708 204
1753137594130 0.01707 205
1753137629344 0.01707 206
1753137664672 0.01708 207
1753137700286 0.01708 208
1753137735318 0.01707 209
1753137769742 0.01706 210
1753137804422 0.01704 211
1753137839087 0.01704 212
1753137873813 0.01703 213
1753137908427 0.01704 214
1753137943593 0.01704 215
1753137978627 0.01706 216
1753138013351 0.01703 217
1753138048351 0.017 218
1753138082852 0.01703 219
1753138118118 0.01702 220
1753138153053 0.01702 221
1753138188327 0.01702 222
1753138223177 0.01701 223
1753138258275 0.01699 224
1753138293823 0.01702 225
1753138328833 0.01699 226
1753138364354 0.017 227
1753138399715 0.01699 228
1753138434863 0.01698 229
1753138470346 0.01698 230
1753138505337 0.01699 231
1753138541442 0.01697 232
1753138576555 0.01699 233
1753138611833 0.01695 234
1753138646586 0.01698 235
1753138681207 0.01698 236
1753138716252 0.01699 237
1753138751033 0.01699 238
1753138786266 0.01695 239
1753138821533 0.01695 240
1753138856815 0.01696 241
1753138891748 0.01694 242
1753138926733 0.01693 243
1753138961787 0.01692 244
1753138996554 0.01693 245
1753139031693 0.01695 246
1753139066566 0.01693 247
1753139101461 0.01696 248
1753139136090 0.01694 249
1753139170758 0.01696 250
1753139205842 0.01693 251
1753139240773 0.01691 252
1753139275540 0.01693 253
1753139310320 0.01694 254
1753139345997 0.01692 255
1753139381038 0.01691 256
1753139416238 0.01691 257
1753139450954 0.01691 258
1753139486015 0.0169 259
1753139520895 0.0169 260
1753139555886 0.0169 261
1753139590948 0.01691 262
1753139625553 0.01689 263
1753139660849 0.01689 264
1753139695468 0.01691 265
1753139730626 0.01688 266
1753139765538 0.01686 267
1753139800670 0.01687 268
1753139835191 0.01688 269
1753139870911 0.01686 270
1753139906365 0.01691 271
1753139942071 0.01687 272
1753139977028 0.01687 273
1753140012247 0.01688 274
1753140047354 0.01689 275
1753140082418 0.01688 276
1753140117982 0.01687 277
1753140152988 0.01686 278
1753140188005 0.01689 279
1753140223124 0.01687 280
1753140258000 0.01683 281
1753140292959 0.01685 282
1753140327864 0.01684 283
1753140363198 0.01684 284
1753140398243 0.01683 285
1753140432730 0.01684 286
1753140467653 0.01684 287
1753140502682 0.01684 288
1753140537770 0.01685 289
1753140572698 0.01684 290
1753140608148 0.01685 291
1753140642962 0.01686 292
1753140678227 0.01684 293
1753140712453 0.01684 294
1753140747323 0.01684 295
1753140782535 0.01686 296
1753140817404 0.01684 297
1753140852612 0.01684 298
1753140887922 0.01682 299
1753140922770 0.01681 300
