1753346712669 1.0 0
1753346726532 2.0 0
1753346740920 3.0 0
1753346754967 4.0 0
1753346769046 5.0 0
1753346782607 6.0 0
1753346796315 7.0 0
1753346810259 8.0 0
1753346824060 9.0 0
1753346837653 10.0 0
1753346851460 11.0 0
1753346865024 12.0 0
1753346878650 13.0 0
1753346892293 14.0 0
1753346905954 15.0 0
1753346919797 16.0 0
1753346933434 17.0 0
1753346947413 18.0 0
1753346961252 19.0 0
1753346974903 20.0 0
1753346988707 21.0 0
1753347002309 22.0 0
1753347016139 23.0 0
1753347029787 24.0 0
1753347043394 25.0 0
1753347057320 26.0 0
1753347070925 27.0 0
1753347084577 28.0 0
1753347098261 29.0 0
1753347111823 30.0 0
1753347125873 31.0 0
1753347139550 32.0 0
1753347153389 33.0 0
1753347167446 34.0 0
1753347181201 35.0 0
1753347194685 36.0 0
1753347222098 38.0 0
1753347249409 40.0 0
1753347263391 41.0 0
1753347276990 42.0 0
1753347290670 43.0 0
1753347317879 45.0 0
1753347359665 48.0 0
1753347387221 50.0 0
1753347414356 52.0 0
1753347428241 53.0 0
1753347442009 54.0 0
1753347455641 55.0 0
1753347526075 60.0 0
1753347553626 62.0 0
1753347594919 65.0 0
1753347649857 69.0 0
1753347677448 71.0 0
