1753346700020 0.7753 1
1753346715350 0.70823 2
1753346729488 0.66076 3
1753346743666 0.61385 4
1753346758015 0.55976 5
1753346771675 0.50215 6
1753346785252 0.44694 7
1753346799007 0.39031 8
1753346812991 0.33684 9
1753346826684 0.29089 10
1753346840251 0.25172 11
1753346854145 0.2186 12
1753346867659 0.19064 13
1753346881257 0.16718 14
1753346894949 0.14752 15
1753346908599 0.13103 16
1753346922478 0.11714 17
1753346935996 0.10544 18
1753346950107 0.09551 19
1753346963889 0.08705 20
1753346977555 0.07985 21
1753346991380 0.0736 22
1753347004921 0.0682 23
1753347018805 0.06361 24
1753347032374 0.05952 25
1753347045953 0.05593 26
1753347059971 0.05277 27
1753347073537 0.05005 28
1753347087198 0.0476 29
1753347100893 0.04536 30
1753347114438 0.04338 31
1753347128530 0.04164 32
1753347142134 0.04004 33
1753347156050 0.03865 34
1753347170138 0.03731 35
1753347183743 0.03613 36
1753347197319 0.035 37
1753347210858 0.034 38
1753347224637 0.03311 39
1753347238303 0.03157 40
1753347252070 0.03036 41
1753347266045 0.02957 42
1753347279652 0.02892 43
1753347293274 0.02842 44
1753347306895 0.02784 45
1753347320569 0.02732 46
1753347334547 0.02693 47
1753347348196 0.02652 48
1753347362326 0.02614 49
1753347376108 0.02576 50
1753347389904 0.02542 51
1753347403449 0.02512 52
1753347417017 0.02476 53
1753347430923 0.0245 54
1753347444580 0.02426 55
1753347458307 0.024 56
1753347472809 0.02376 57
1753347486580 0.02353 58
1753347500642 0.02333 59
1753347514626 0.02312 60
1753347528662 0.02294 61
1753347542589 0.02277 62
1753347556327 0.02262 63
1753347570050 0.02244 64
1753347583957 0.02226 65
1753347597602 0.02208 66
1753347611292 0.02194 67
1753347625010 0.02182 68
1753347638911 0.02171 69
1753347652558 0.02156 70
1753347666106 0.02147 71
1753347680121 0.02136 72
1753347694223 0.02122 73
1753347707942 0.02117 74
1753347721770 0.02104 75
1753347735477 0.02093 76
1753347749563 0.02087 77
1753347763241 0.02076 78
1753347777184 0.02067 79
1753347791173 0.0206 80
1753347804771 0.02038 81
1753347818518 0.02032 82
1753347832541 0.02028 83
1753347846403 0.02025 84
1753347860100 0.02024 85
1753347873766 0.02022 86
1753347887821 0.02013 87
1753347901530 0.02014 88
1753347915183 0.02015 89
1753347928777 0.02008 90
1753347943063 0.02007 91
1753347957036 0.02005 92
1753347970607 0.02006 93
1753347984515 0.02006 94
1753347998413 0.02003 95
1753348012005 0.02005 96
1753348025612 0.02004 97
1753348039680 0.02002 98
1753348053506 0.01999 99
1753348067217 0.02002 100
1753348081052 0.01998 101
1753348095193 0.01999 102
1753348109264 0.02002 103
1753348122848 0.02001 104
1753348136497 0.02003 105
1753348150230 0.02 106
1753348164202 0.02003 107
1753348177850 0.01993 108
1753348191698 0.02001 109
1753348205420 0.02001 110
1753348219084 0.02 111
1753348232768 0.01999 112
1753348247009 0.02002 113
1753348260831 0.02 114
1753348274330 0.02 115
1753348287899 0.02001 116
1753348301619 0.02002 117
1753348315732 0.02 118
1753348329357 0.01999 119
1753348343029 0.02001 120
1753348357086 0.01996 121
1753348370653 0.01998 122
1753348384287 0.01997 123
1753348398004 0.02 124
1753348412001 0.01999 125
1753348425531 0.01999 126
1753348439094 0.02 127
1753348453011 0.01998 128
1753348466679 0.01998 129
1753348480350 0.01999 130
1753348494067 0.01998 131
1753348507706 0.01997 132
1753348521673 0.01998 133
1753348535306 0.01999 134
1753348548968 0.01998 135
1753348563023 0.01998 136
1753348576709 0.02 137
1753348590297 0.01999 138
1753348604175 0.02 139
1753348618020 0.01998 140
1753348631546 0.02 141
1753348645329 0.01999 142
1753348659287 0.02002 143
1753348673249 0.01997 144
1753348686826 0.02001 145
1753348700433 0.01998 146
1753348714248 0.02 147
1753348728341 0.01999 148
1753348742028 0.02 149
1753348755653 0.01998 150
1753348769648 0.01998 151
1753348783466 0.01997 152
1753348797121 0.01997 153
1753348810990 0.01998 154
1753348825087 0.01996 155
1753348838717 0.02 156
1753348852522 0.01997 157
1753348866319 0.01998 158
1753348880230 0.01999 159
1753348893902 0.01997 160
1753348907810 0.01998 161
1753348921881 0.01998 162
1753348935754 0.01999 163
1753348949370 0.02002 164
1753348963124 0.01999 165
1753348976977 0.01998 166
1753348991109 0.01996 167
1753349005016 0.01999 168
1753349018852 0.01995 169
1753349032747 0.01999 170
1753349046397 0.01999 171
1753349060246 0.01996 172
1753349074215 0.01998 173
1753349088289 0.01997 174
1753349101923 0.01997 175
1753349115522 0.01998 176
1753349129247 0.01998 177
1753349143114 0.01999 178
1753349156786 0.01998 179
1753349170386 0.02 180
1753349184331 0.02 181
1753349198039 0.01995 182
1753349211631 0.01999 183
1753349225410 0.01998 184
1753349239175 0.01997 185
1753349252868 0.01999 186
1753349266453 0.01995 187
1753349280286 0.01996 188
1753349294217 0.01999 189
1753349307736 0.02 190
1753349321385 0.02 191
1753349335225 0.01997 192
1753349349107 0.01996 193
1753349362727 0.01996 194
1753349376572 0.01997 195
1753349390532 0.01999 196
1753349404198 0.01999 197
1753349418136 0.01997 198
1753349432227 0.02 199
1753349445847 0.01995 200
1753349459530 0.01999 201
1753349473343 0.01996 202
1753349487016 0.01998 203
1753349501084 0.01994 204
1753349514790 0.01996 205
1753349528585 0.01997 206
1753349542601 0.01996 207
1753349556247 0.01995 208
1753349570155 0.01995 209
1753349583982 0.01999 210
1753349597768 0.01997 211
1753349611398 0.01995 212
1753349625095 0.01998 213
1753349639237 0.01999 214
1753349652931 0.01997 215
1753349666580 0.01996 216
1753349680326 0.01994 217
1753349693953 0.01994 218
1753349708156 0.01997 219
1753349721718 0.01996 220
1753349735634 0.01995 221
1753349749786 0.01998 222
1753349763402 0.01993 223
1753349777167 0.01995 224
1753349790768 0.01997 225
1753349804597 0.01996 226
1753349818046 0.01998 227
1753349831510 0.01997 228
1753349845425 0.01994 229
1753349859085 0.01994 230
1753349872584 0.01995 231
1753349886488 0.01994 232
1753349900103 0.01998 233
1753349914052 0.01998 234
1753349927756 0.01996 235
1753349941313 0.01995 236
1753349955194 0.01994 237
1753349968844 0.01998 238
1753349982824 0.01996 239
1753349996587 0.01993 240
1753350010464 0.01996 241
1753350024257 0.01996 242
1753350037796 0.01997 243
1753350051760 0.01993 244
1753350065385 0.01994 245
1753350078968 0.01997 246
1753350092608 0.01994 247
1753350106273 0.01996 248
1753350120314 0.01994 249
1753350134112 0.01996 250
1753350147747 0.01994 251
1753350161721 0.01992 252
1753350175388 0.01993 253
1753350189014 0.01994 254
1753350202470 0.01996 255
1753350216378 0.01999 256
1753350230058 0.01996 257
1753350243718 0.01997 258
1753350257729 0.01997 259
1753350271290 0.01993 260
1753350284987 0.01992 261
1753350298608 0.01998 262
1753350312675 0.01995 263
1753350326857 0.01994 264
1753350340550 0.01998 265
1753350354173 0.01995 266
1753350367991 0.01996 267
1753350381802 0.01996 268
1753350395573 0.01997 269
1753350409530 0.01996 270
1753350423343 0.01993 271
1753350436910 0.01994 272
1753350450977 0.01998 273
1753350464910 0.01994 274
1753350478871 0.01994 275
1753350492674 0.01995 276
1753350506403 0.01994 277
1753350520295 0.01994 278
1753350534086 0.01995 279
1753350547593 0.01993 280
1753350561048 0.0199 281
1753350574886 0.01994 282
1753350588555 0.01996 283
1753350602478 0.01997 284
1753350616519 0.01993 285
1753350630294 0.01994 286
1753350643906 0.01992 287
1753350657551 0.01991 288
1753350671617 0.01991 289
1753350685323 0.01992 290
1753350698951 0.01994 291
1753350712709 0.01996 292
1753350726458 0.01995 293
1753350740211 0.01993 294
1753350753857 0.01993 295
1753350767470 0.01993 296
1753350781191 0.01993 297
1753350795019 0.0199 298
1753350808577 0.01994 299
1753350822626 0.01994 300
