1753346712674 0.0010000000474974513 1
1753346726536 0.0010000000474974513 2
1753346740925 0.0010000000474974513 3
1753346754971 0.0010000000474974513 4
1753346769050 0.0010000000474974513 5
1753346782612 0.0010000000474974513 6
1753346796320 0.0010000000474974513 7
1753346810263 0.0010000000474974513 8
1753346824064 0.0010000000474974513 9
1753346837657 0.0010000000474974513 10
1753346851464 0.0010000000474974513 11
1753346865028 0.0010000000474974513 12
1753346878654 0.0010000000474974513 13
1753346892298 0.0010000000474974513 14
1753346905958 0.0010000000474974513 15
1753346919801 0.0010000000474974513 16
1753346933438 0.0010000000474974513 17
1753346947417 0.0010000000474974513 18
1753346961256 0.0010000000474974513 19
1753346974909 0.0010000000474974513 20
1753346988711 0.0010000000474974513 21
1753347002313 0.0010000000474974513 22
1753347016143 0.0010000000474974513 23
1753347029791 0.0010000000474974513 24
1753347043399 0.0010000000474974513 25
1753347057325 0.0010000000474974513 26
1753347070929 0.0010000000474974513 27
1753347084581 0.0010000000474974513 28
1753347098265 0.0010000000474974513 29
1753347111827 0.0010000000474974513 30
1753347125878 0.0010000000474974513 31
1753347139554 0.0010000000474974513 32
1753347153393 0.0010000000474974513 33
1753347167450 0.0010000000474974513 34
1753347181205 0.0010000000474974513 35
1753347194689 0.0010000000474974513 36
1753347208233 0.0010000000474974513 37
1753347222102 0.0010000000474974513 38
1753347235651 0.0010000000474974513 39
1753347249413 0.0010000000474974513 40
1753347263396 0.0010000000474974513 41
1753347276994 0.0010000000474974513 42
1753347290675 0.0010000000474974513 43
1753347304238 0.0010000000474974513 44
1753347317883 0.0010000000474974513 45
1753347331910 0.0010000000474974513 46
1753347345629 0.0010000000474974513 47
1753347359669 0.0010000000474974513 48
1753347373494 0.0010000000474974513 49
1753347387225 0.0010000000474974513 50
1753347400909 0.0010000000474974513 51
1753347414360 0.0010000000474974513 52
1753347428246 0.0010000000474974513 53
1753347442013 0.0010000000474974513 54
1753347455645 0.0010000000474974513 55
1753347469665 0.0010000000474974513 56
1753347483960 0.0010000000474974513 57
1753347497675 0.0010000000474974513 58
1753347511703 0.0010000000474974513 59
1753347526079 0.0010000000474974513 60
1753347539907 0.0010000000474974513 61
1753347553647 0.0010000000474974513 62
1753347567421 0.0010000000474974513 63
1753347581318 0.0010000000474974513 64
1753347594923 0.0010000000474974513 65
1753347608702 0.0010000000474974513 66
1753347622315 0.0010000000474974513 67
1753347636201 0.0010000000474974513 68
1753347649861 0.0010000000474974513 69
1753347663451 0.0010000000474974513 70
1753347677452 0.0010000000474974513 71
1753347691587 0.0010000000474974513 72
1753347705249 0.0010000000474974513 73
1753347719106 0.0010000000474974513 74
1753347732836 0.0010000000474974513 75
1753347746855 0.0010000000474974513 76
1753347760604 0.0010000000474974513 77
1753347774544 0.0010000000474974513 78
1753347788533 0.0010000000474974513 79
1753347802213 0.00020000000949949026 80
1753347815801 0.00020000000949949026 81
1753347829854 0.00020000000949949026 82
1753347843774 0.00020000000949949026 83
1753347857446 0.00020000000949949026 84
1753347871100 0.00020000000949949026 85
1753347885225 0.00020000000949949026 86
1753347898937 0.00020000000949949026 87
1753347912503 0.00020000000949949026 88
1753347926120 4.0000002627493814e-05 89
1753347940414 4.0000002627493814e-05 90
1753347954377 4.0000002627493814e-05 91
1753347967949 4.0000002627493814e-05 92
1753347981835 4.0000002627493814e-05 93
1753347995732 4.0000002627493814e-05 94
1753348009326 4.0000002627493814e-05 95
1753348022914 4.0000002627493814e-05 96
1753348036992 4.0000002627493814e-05 97
1753348050804 8.000000889296643e-06 98
1753348064563 8.000000889296643e-06 99
1753348078387 8.000000889296643e-06 100
1753348092500 8.000000889296643e-06 101
1753348106569 8.000000889296643e-06 102
1753348120236 8.000000889296643e-06 103
1753348133822 8.000000889296643e-06 104
1753348147620 8.000000889296643e-06 105
1753348161604 8.000000889296643e-06 106
1753348175149 1.6000001323845936e-06 107
1753348189122 1.6000001323845936e-06 108
1753348202789 1.6000001323845936e-06 109
1753348216391 1.6000001323845936e-06 110
1753348230151 1.6000001323845936e-06 111
1753348244151 1.6000001323845936e-06 112
1753348257967 1.6000001323845936e-06 113
1753348271808 1.6000001323845936e-06 114
1753348285251 1.6000001323845936e-06 115
1753348298929 9.999999974752427e-07 116
1753348313065 9.999999974752427e-07 117
1753348326747 9.999999974752427e-07 118
1753348340340 9.999999974752427e-07 119
1753348354519 9.999999974752427e-07 120
1753348367985 9.999999974752427e-07 121
1753348381648 9.999999974752427e-07 122
1753348395248 9.999999974752427e-07 123
1753348409379 9.999999974752427e-07 124
1753348422928 9.999999974752427e-07 125
1753348436392 9.999999974752427e-07 126
1753348450314 9.999999974752427e-07 127
1753348463969 9.999999974752427e-07 128
1753348477741 9.999999974752427e-07 129
1753348491384 9.999999974752427e-07 130
1753348505022 9.999999974752427e-07 131
1753348518988 9.999999974752427e-07 132
1753348532630 9.999999974752427e-07 133
1753348546237 9.999999974752427e-07 134
1753348560397 9.999999974752427e-07 135
1753348574001 9.999999974752427e-07 136
1753348587632 9.999999974752427e-07 137
1753348601508 9.999999974752427e-07 138
1753348615345 9.999999974752427e-07 139
1753348628957 9.999999974752427e-07 140
1753348642667 9.999999974752427e-07 141
1753348656575 9.999999974752427e-07 142
1753348670539 9.999999974752427e-07 143
1753348684235 9.999999974752427e-07 144
1753348697824 9.999999974752427e-07 145
1753348711580 9.999999974752427e-07 146
1753348725656 9.999999974752427e-07 147
1753348739321 9.999999974752427e-07 148
1753348752989 9.999999974752427e-07 149
1753348766951 9.999999974752427e-07 150
1753348780811 9.999999974752427e-07 151
1753348794439 9.999999974752427e-07 152
1753348808320 9.999999974752427e-07 153
1753348822398 9.999999974752427e-07 154
1753348836052 9.999999974752427e-07 155
1753348849795 9.999999974752427e-07 156
1753348863666 9.999999974752427e-07 157
1753348877531 9.999999974752427e-07 158
1753348891276 9.999999974752427e-07 159
1753348905147 9.999999974752427e-07 160
1753348919178 9.999999974752427e-07 161
1753348933077 9.999999974752427e-07 162
1753348946710 9.999999974752427e-07 163
1753348960418 9.999999974752427e-07 164
1753348974332 9.999999974752427e-07 165
1753348988134 9.999999974752427e-07 166
1753349002166 9.999999974752427e-07 167
1753349016268 9.999999974752427e-07 168
1753349030149 9.999999974752427e-07 169
1753349043711 9.999999974752427e-07 170
1753349057629 9.999999974752427e-07 171
1753349071617 9.999999974752427e-07 172
1753349085618 9.999999974752427e-07 173
1753349099239 9.999999974752427e-07 174
1753349112836 9.999999974752427e-07 175
1753349126581 9.999999974752427e-07 176
1753349140406 9.999999974752427e-07 177
1753349154143 9.999999974752427e-07 178
1753349167688 9.999999974752427e-07 179
1753349181684 9.999999974752427e-07 180
1753349195335 9.999999974752427e-07 181
1753349208996 9.999999974752427e-07 182
1753349222784 9.999999974752427e-07 183
1753349236511 9.999999974752427e-07 184
1753349250167 9.999999974752427e-07 185
1753349263901 9.999999974752427e-07 186
1753349277590 9.999999974752427e-07 187
1753349291517 9.999999974752427e-07 188
1753349305053 9.999999974752427e-07 189
1753349318779 9.999999974752427e-07 190
1753349332586 9.999999974752427e-07 191
1753349346406 9.999999974752427e-07 192
1753349360053 9.999999974752427e-07 193
1753349373847 9.999999974752427e-07 194
1753349387883 9.999999974752427e-07 195
1753349401501 9.999999974752427e-07 196
1753349415432 9.999999974752427e-07 197
1753349429575 9.999999974752427e-07 198
1753349443218 9.999999974752427e-07 199
1753349456797 9.999999974752427e-07 200
1753349470649 9.999999974752427e-07 201
1753349484324 9.999999974752427e-07 202
1753349498424 9.999999974752427e-07 203
1753349512088 9.999999974752427e-07 204
1753349525839 9.999999974752427e-07 205
1753349539999 9.999999974752427e-07 206
1753349553636 9.999999974752427e-07 207
1753349567424 9.999999974752427e-07 208
1753349581299 9.999999974752427e-07 209
1753349595153 9.999999974752427e-07 210
1753349608723 9.999999974752427e-07 211
1753349622387 9.999999974752427e-07 212
1753349636558 9.999999974752427e-07 213
1753349650279 9.999999974752427e-07 214
1753349663883 9.999999974752427e-07 215
1753349677635 9.999999974752427e-07 216
1753349691277 9.999999974752427e-07 217
1753349705262 9.999999974752427e-07 218
1753349719074 9.999999974752427e-07 219
1753349732682 9.999999974752427e-07 220
1753349746991 9.999999974752427e-07 221
1753349760760 9.999999974752427e-07 222
1753349774559 9.999999974752427e-07 223
1753349788073 9.999999974752427e-07 224
1753349801896 9.999999974752427e-07 225
1753349815423 9.999999974752427e-07 226
1753349828836 9.999999974752427e-07 227
1753349842772 9.999999974752427e-07 228
1753349856466 9.999999974752427e-07 229
1753349869990 9.999999974752427e-07 230
1753349883890 9.999999974752427e-07 231
1753349897423 9.999999974752427e-07 232
1753349911345 9.999999974752427e-07 233
1753349925071 9.999999974752427e-07 234
1753349938642 9.999999974752427e-07 235
1753349952534 9.999999974752427e-07 236
1753349966177 9.999999974752427e-07 237
1753349980108 9.999999974752427e-07 238
1753349993893 9.999999974752427e-07 239
1753350007811 9.999999974752427e-07 240
1753350021581 9.999999974752427e-07 241
1753350035105 9.999999974752427e-07 242
1753350049105 9.999999974752427e-07 243
1753350062713 9.999999974752427e-07 244
1753350076307 9.999999974752427e-07 245
1753350089993 9.999999974752427e-07 246
1753350103582 9.999999974752427e-07 247
1753350117662 9.999999974752427e-07 248
1753350131513 9.999999974752427e-07 249
1753350145049 9.999999974752427e-07 250
1753350159102 9.999999974752427e-07 251
1753350172713 9.999999974752427e-07 252
1753350186389 9.999999974752427e-07 253
1753350199842 9.999999974752427e-07 254
1753350213687 9.999999974752427e-07 255
1753350227403 9.999999974752427e-07 256
1753350241041 9.999999974752427e-07 257
1753350255054 9.999999974752427e-07 258
1753350268627 9.999999974752427e-07 259
1753350282324 9.999999974752427e-07 260
1753350295979 9.999999974752427e-07 261
1753350309980 9.999999974752427e-07 262
1753350324199 9.999999974752427e-07 263
1753350337874 9.999999974752427e-07 264
1753350351536 9.999999974752427e-07 265
1753350365363 9.999999974752427e-07 266
1753350379106 9.999999974752427e-07 267
1753350392893 9.999999974752427e-07 268
1753350406840 9.999999974752427e-07 269
1753350420732 9.999999974752427e-07 270
1753350434306 9.999999974752427e-07 271
1753350448036 9.999999974752427e-07 272
1753350462298 9.999999974752427e-07 273
1753350476052 9.999999974752427e-07 274
1753350489818 9.999999974752427e-07 275
1753350503721 9.999999974752427e-07 276
1753350517647 9.999999974752427e-07 277
1753350531462 9.999999974752427e-07 278
1753350544994 9.999999974752427e-07 279
1753350558540 9.999999974752427e-07 280
1753350572304 9.999999974752427e-07 281
1753350585967 9.999999974752427e-07 282
1753350599802 9.999999974752427e-07 283
1753350613907 9.999999974752427e-07 284
1753350627662 9.999999974752427e-07 285
1753350641295 9.999999974752427e-07 286
1753350654904 9.999999974752427e-07 287
1753350669003 9.999999974752427e-07 288
1753350682708 9.999999974752427e-07 289
1753350696363 9.999999974752427e-07 290
1753350710093 9.999999974752427e-07 291
1753350723924 9.999999974752427e-07 292
1753350737598 9.999999974752427e-07 293
1753350751243 9.999999974752427e-07 294
1753350764796 9.999999974752427e-07 295
1753350778600 9.999999974752427e-07 296
1753350792419 9.999999974752427e-07 297
1753350806005 9.999999974752427e-07 298
1753350819941 9.999999974752427e-07 299
1753350833935 9.999999974752427e-07 300
