1753229825824 1.0 0
1753229870447 2.0 0
1753229915357 3.0 0
1753229959688 4.0 0
1753230003710 5.0 0
1753230047612 6.0 0
1753230091326 7.0 0
1753230135209 8.0 0
1753230179163 9.0 0
1753230222611 10.0 0
1753230267137 11.0 0
1753230311225 12.0 0
1753230354819 13.0 0
1753230398577 14.0 0
1753230442646 15.0 0
1753230486695 16.0 0
1753230530836 17.0 0
1753230575044 18.0 0
1753230619332 19.0 0
1753230663138 20.0 0
1753230707014 21.0 0
1753230750689 22.0 0
1753230838606 24.0 0
1753230882180 25.0 0
1753230925994 26.0 0
1753230969798 27.0 0
1753231013780 28.0 0
1753231101359 30.0 0
1753231145696 31.0 0
1753231540307 40.0 0
