1753229795408 0.73843 1
1753229842248 0.56328 2
1753229886963 0.40472 3
1753229931209 0.26411 4
1753229975590 0.17528 5
1753230019497 0.12066 6
1753230063388 0.08565 7
1753230107046 0.06561 8
1753230150914 0.05298 9
1753230194599 0.04465 10
1753230238487 0.03889 11
1753230282860 0.03479 12
1753230326865 0.03178 13
1753230370449 0.02951 14
1753230414638 0.02773 15
1753230458452 0.02633 16
1753230502798 0.02519 17
1753230546494 0.02424 18
1753230590623 0.02349 19
1753230635174 0.02284 20
1753230678832 0.02231 21
1753230722549 0.02186 22
1753230766295 0.02145 23
1753230810419 0.02113 24
1753230854199 0.02084 25
1753230897612 0.02056 26
1753230941561 0.02032 27
1753230985556 0.02013 28
1753231029708 0.01997 29
1753231073486 0.01978 30
1753231117273 0.01964 31
1753231161267 0.01951 32
1753231205059 0.01939 33
1753231248822 0.01929 34
1753231293000 0.0192 35
1753231336898 0.01909 36
1753231380474 0.01902 37
1753231424191 0.01894 38
1753231468347 0.01888 39
1753231512231 0.01882 40
1753231555933 0.01875 41
1753231599987 0.01868 42
1753231643610 0.01864 43
1753231687719 0.0186 44
1753231731412 0.01855 45
1753231775422 0.01853 46
1753231819510 0.01846 47
1753231863237 0.01843 48
1753231907350 0.0184 49
1753231951315 0.01838 50
1753231995175 0.01833 51
1753232038871 0.0183 52
1753232082642 0.01829 53
1753232126349 0.01825 54
1753232170277 0.01822 55
1753232214231 0.0182 56
1753232258613 0.0182 57
1753232302445 0.01816 58
1753232345984 0.01814 59
1753232390147 0.01812 60
1753232434057 0.01811 61
1753232477895 0.01808 62
1753232521518 0.01806 63
1753232565331 0.01804 64
1753232609486 0.01804 65
1753232653276 0.01802 66
1753232697211 0.018 67
1753232740720 0.01798 68
1753232785144 0.01796 69
1753232829407 0.01796 70
1753232873303 0.01795 71
1753232917432 0.01794 72
1753232961313 0.01794 73
1753233004935 0.01791 74
1753233048661 0.0179 75
1753233092084 0.01789 76
1753233135786 0.01787 77
1753233180103 0.01786 78
1753233223920 0.01786 79
1753233267747 0.01785 80
1753233311823 0.01783 81
1753233355743 0.01783 82
1753233399469 0.01783 83
1753233443324 0.01782 84
1753233487417 0.0178 85
1753233531544 0.01779 86
1753233575254 0.01778 87
1753233618869 0.0178 88
1753233662966 0.01777 89
1753233706806 0.01777 90
1753233750423 0.01777 91
1753233794178 0.01774 92
1753233838074 0.01774 93
1753233881689 0.01774 94
1753233925686 0.01774 95
1753233969770 0.01772 96
1753234013805 0.01771 97
1753234057961 0.01771 98
1753234102128 0.01771 99
1753234145630 0.0177 100
1753234188976 0.0177 101
1753234232486 0.01769 102
1753234276391 0.01768 103
1753234320279 0.01768 104
1753234363997 0.01769 105
1753234407760 0.01767 106
1753234451534 0.01765 107
1753234495807 0.01767 108
1753234539691 0.01767 109
1753234583841 0.01765 110
1753234627841 0.01764 111
1753234671942 0.01765 112
1753234715552 0.01763 113
1753234758876 0.01763 114
1753234803304 0.01762 115
1753234847912 0.01762 116
1753234891797 0.01761 117
1753234935972 0.01761 118
1753234979392 0.01761 119
1753235023095 0.01761 120
1753235067213 0.0176 121
1753235111158 0.01759 122
1753235154836 0.01757 123
1753235199120 0.01758 124
1753235243119 0.01757 125
1753235286841 0.01758 126
1753235330508 0.01756 127
1753235374096 0.01756 128
1753235417703 0.01755 129
1753235461474 0.01755 130
1753235505189 0.01755 131
1753235548807 0.01754 132
1753235592583 0.01754 133
1753235636434 0.01754 134
1753235679921 0.01754 135
1753235724005 0.01753 136
1753235768005 0.01753 137
1753235811977 0.01752 138
1753235855779 0.01752 139
1753235898909 0.01751 140
1753235942604 0.01751 141
1753235986413 0.01751 142
1753236030306 0.0175 143
1753236073674 0.01751 144
1753236117380 0.0175 145
1753236160978 0.0175 146
1753236204956 0.0175 147
1753236248686 0.01749 148
1753236292345 0.01749 149
1753236335962 0.01749 150
1753236379991 0.01748 151
1753236423599 0.01748 152
1753236466692 0.01748 153
1753236510670 0.01747 154
1753236554221 0.01747 155
1753236597756 0.01747 156
1753236641569 0.01746 157
1753236685154 0.01745 158
1753236728751 0.01746 159
1753236772325 0.01746 160
1753236815696 0.01746 161
1753236859762 0.01745 162
1753236903279 0.01744 163
1753236947309 0.01745 164
1753236991468 0.01744 165
1753237034934 0.01743 166
1753237078371 0.01744 167
1753237121919 0.01744 168
1753237166201 0.01743 169
1753237210272 0.01743 170
1753237253929 0.01742 171
1753237298326 0.01743 172
1753237342114 0.01742 173
1753237385888 0.01742 174
1753237429625 0.01741 175
1753237473224 0.0174 176
1753237517734 0.0174 177
1753237561981 0.01741 178
1753237605904 0.0174 179
1753237649942 0.01739 180
1753237693378 0.0174 181
1753237736949 0.0174 182
1753237780728 0.0174 183
1753237824372 0.01738 184
1753237868350 0.01739 185
1753237911866 0.01739 186
1753237955582 0.01738 187
1753237999272 0.01738 188
1753238042846 0.01739 189
1753238086412 0.01738 190
1753238130355 0.01737 191
1753238174457 0.01737 192
1753238218442 0.01737 193
1753238262251 0.01737 194
1753238306076 0.01737 195
1753238349921 0.01736 196
1753238393715 0.01736 197
1753238437142 0.01736 198
1753238480851 0.01734 199
1753238524582 0.01736 200
1753238567995 0.01735 201
1753238611649 0.01736 202
1753238655561 0.01735 203
1753238699452 0.01735 204
1753238743418 0.01734 205
1753238787117 0.01733 206
1753238830688 0.01734 207
1753238874449 0.01734 208
1753238918041 0.01734 209
1753238961808 0.01734 210
1753239005422 0.01733 211
1753239048926 0.01733 212
1753239092761 0.01733 213
1753239136846 0.01733 214
1753239180539 0.01731 215
1753239224285 0.01732 216
1753239268035 0.01732 217
1753239312054 0.01731 218
1753239356412 0.01732 219
1753239400142 0.01732 220
1753239443954 0.01731 221
1753239487827 0.0173 222
1753239531297 0.01731 223
1753239574620 0.01731 224
1753239618471 0.01729 225
1753239662093 0.0173 226
1753239705646 0.0173 227
1753239749454 0.0173 228
1753239793158 0.01729 229
1753239837195 0.01729 230
1753239880709 0.01729 231
1753239924782 0.01729 232
1753239969042 0.01729 233
1753240012834 0.01728 234
1753240056389 0.01728 235
1753240100220 0.01729 236
1753240143775 0.01728 237
1753240187185 0.01727 238
1753240231066 0.01728 239
1753240275079 0.01728 240
1753240318812 0.01727 241
1753240362734 0.01729 242
1753240406741 0.01728 243
1753240450681 0.01727 244
1753240495248 0.01726 245
1753240539039 0.01726 246
1753240583063 0.01726 247
1753240626689 0.01727 248
1753240670385 0.01726 249
1753240714210 0.01726 250
1753240757985 0.01726 251
1753240801775 0.01725 252
1753240845224 0.01725 253
1753240888633 0.01725 254
1753240932504 0.01725 255
1753240975881 0.01725 256
1753241020429 0.01725 257
1753241064665 0.01725 258
1753241108886 0.01724 259
1753241152612 0.01725 260
1753241195940 0.01724 261
1753241239736 0.01724 262
1753241283334 0.01724 263
1753241327129 0.01723 264
1753241370854 0.01724 265
1753241414506 0.01724 266
1753241458479 0.01723 267
1753241501973 0.01723 268
1753241546152 0.01723 269
1753241589475 0.01723 270
1753241632936 0.01723 271
1753241677050 0.01722 272
1753241721112 0.01722 273
1753241765776 0.01723 274
1753241809561 0.01722 275
1753241853064 0.01722 276
1753241896593 0.01722 277
1753241940046 0.01722 278
1753241983921 0.01722 279
1753242027659 0.01722 280
1753242071349 0.01721 281
1753242115165 0.01721 282
1753242158762 0.01721 283
1753242202273 0.0172 284
1753242246212 0.01719 285
1753242290174 0.01721 286
1753242333868 0.0172 287
1753242377702 0.0172 288
1753242421119 0.01721 289
1753242464882 0.0172 290
1753242508259 0.01719 291
1753242551988 0.01719 292
1753242595512 0.0172 293
1753242639175 0.0172 294
1753242683247 0.0172 295
1753242726972 0.01719 296
1753242770823 0.01719 297
1753242814444 0.01718 298
1753242859519 0.01719 299
1753242902917 0.01719 300
