1752862447635 0.42982 1
1752862489375 0.29195 2
1752862529722 0.20278 3
1752862571443 0.14267 4
1752862612609 0.10126 5
1752862654713 0.07379 6
1752862695905 0.05804 7
1752862736669 0.04792 8
1752862777948 0.04114 9
1752862819224 0.03636 10
1752862860449 0.03291 11
1752862901748 0.03035 12
1752862942448 0.02832 13
1752862983866 0.02676 14
1752863025280 0.02553 15
1752863066546 0.02454 16
1752863108432 0.02377 17
1752863149248 0.02305 18
1752863190042 0.02251 19
1752863230970 0.02198 20
1752863272202 0.02157 21
1752863313461 0.02122 22
1752863354308 0.02093 23
1752863396083 0.02061 24
1752863437254 0.02046 25
1752863478884 0.0202 26
1752863520823 0.02008 27
1752863562996 0.01992 28
1752863604537 0.0197 29
1752863646203 0.01964 30
1752863688138 0.01952 31
1752863730012 0.01934 32
1752863771766 0.01928 33
1752863813485 0.01917 34
1752863856378 0.01911 35
1752863898613 0.01902 36
