1753344188523 1.0 0
1753344207396 2.0 0
1753344225938 3.0 0
1753344245238 4.0 0
1753344264618 5.0 0
1753344283872 6.0 0
1753344303391 7.0 0
1753344322529 8.0 0
1753344341535 9.0 0
1753344360954 10.0 0
1753344379688 11.0 0
1753344398349 12.0 0
1753344416424 13.0 0
1753344434789 14.0 0
1753344453130 15.0 0
1753344471394 16.0 0
1753344489923 17.0 0
1753344508811 18.0 0
1753344527714 19.0 0
1753344546384 20.0 0
1753344565338 21.0 0
1753344583943 22.0 0
1753344602730 23.0 0
1753344621379 24.0 0
1753344640372 25.0 0
1753344659040 26.0 0
1753344677640 27.0 0
1753344696560 28.0 0
1753344715361 29.0 0
1753344734064 30.0 0
1753344752716 31.0 0
1753344771748 32.0 0
1753344790335 33.0 0
1753344808837 34.0 0
1753344827748 35.0 0
1753344864806 37.0 0
1753344883746 38.0 0
1753344902257 39.0 0
1753344939328 41.0 0
1753344957902 42.0 0
1753344976415 43.0 0
1753344995085 44.0 0
1753345031374 46.0 0
1753345049764 47.0 0
1753345122158 51.0 0
1753345251572 58.0 0
1753345289464 60.0 0
1753345326722 62.0 0
1753345457461 69.0 0
1753345513292 72.0 0
