1753344173955 0.66277 1
1753344193284 0.53942 2
1753344212136 0.45953 3
1753344230722 0.38836 4
1753344249999 0.32586 5
1753344269345 0.2733 6
1753344288645 0.2296 7
1753344308175 0.19385 8
1753344327209 0.16485 9
1753344346249 0.14137 10
1753344365638 0.12244 11
1753344384388 0.10713 12
1753344403000 0.09466 13
1753344421054 0.08445 14
1753344439512 0.07596 15
1753344457872 0.06896 16
1753344476137 0.06311 17
1753344494638 0.05814 18
1753344513947 0.05391 19
1753344532448 0.05028 20
1753344551114 0.0472 21
1753344570068 0.04449 22
1753344588664 0.04217 23
1753344607357 0.04007 24
1753344626014 0.03828 25
1753344645029 0.03666 26
1753344663674 0.03525 27
1753344682281 0.03399 28
1753344701283 0.03284 29
1753344720096 0.0318 30
1753344738815 0.03091 31
1753344757427 0.03004 32
1753344776509 0.02928 33
1753344794977 0.02861 34
1753344813520 0.02795 35
1753344832388 0.0274 36
1753344850869 0.02687 37
1753344869481 0.02637 38
1753344888415 0.0257 39
1753344906898 0.02463 40
1753344925342 0.02406 41
1753344943987 0.02367 42
1753344962586 0.02333 43
1753344981198 0.02302 44
1753344999725 0.02276 45
1753345017994 0.02252 46
1753345036015 0.02229 47
1753345054417 0.02208 48
1753345072447 0.02191 49
1753345090533 0.02172 50
1753345108769 0.02152 51
1753345126803 0.02141 52
1753345145197 0.02127 53
1753345163498 0.02106 54
1753345181637 0.02099 55
1753345200098 0.02084 56
1753345218896 0.02071 57
1753345237537 0.02059 58
1753345256350 0.02048 59
1753345275168 0.02038 60
1753345294222 0.02029 61
1753345312918 0.02022 62
1753345331452 0.02011 63
1753345349995 0.02003 64
1753345368638 0.01996 65
1753345387390 0.01985 66
1753345406150 0.01977 67
1753345424691 0.01972 68
1753345443440 0.01966 69
1753345462181 0.01963 70
1753345480585 0.01951 71
1753345499390 0.01947 72
1753345518004 0.01939 73
1753345536579 0.01935 74
1753345555286 0.01931 75
1753345573951 0.01923 76
1753345592891 0.01916 77
1753345611614 0.01913 78
1753345630235 0.01907 79
1753345649149 0.01908 80
1753345667651 0.01896 81
1753345686312 0.01884 82
1753345704887 0.01876 83
1753345724212 0.01872 84
1753345743258 0.01871 85
1753345762718 0.01865 86
1753345781061 0.01865 87
1753345799622 0.01862 88
1753345818075 0.01865 89
1753345837110 0.01857 90
1753345855657 0.01857 91
1753345875015 0.01856 92
1753345894167 0.0186 93
1753345913566 0.01855 94
1753345932735 0.01853 95
1753345951770 0.01855 96
1753345970436 0.01856 97
1753345989000 0.01853 98
1753346007582 0.01853 99
1753346026652 0.01852 100
1753346045136 0.01852 101
1753346063870 0.01854 102
1753346082522 0.01853 103
1753346101057 0.0185 104
1753346119665 0.0185 105
1753346138283 0.01848 106
1753346157336 0.01852 107
1753346175886 0.01851 108
1753346194328 0.01851 109
1753346212950 0.01851 110
1753346231438 0.01852 111
1753346250176 0.01852 112
1753346269130 0.0185 113
1753346287733 0.01853 114
1753346306031 0.01849 115
1753346324731 0.01851 116
1753346343415 0.01851 117
1753346362072 0.01851 118
1753346380692 0.01852 119
1753346399401 0.01849 120
1753346417970 0.01853 121
1753346436442 0.01851 122
1753346454783 0.01854 123
1753346473095 0.0185 124
1753346492320 0.01851 125
1753346511351 0.01852 126
1753346530104 0.0185 127
1753346548907 0.01854 128
1753346567406 0.01849 129
1753346585956 0.01852 130
1753346604872 0.01853 131
1753346623422 0.01849 132
1753346642224 0.01851 133
1753346660833 0.0185 134
1753346679396 0.01852 135
1753346698287 0.0185 136
1753346717025 0.01852 137
1753346735521 0.01853 138
1753346754386 0.01851 139
1753346773090 0.01848 140
1753346792344 0.01852 141
1753346811364 0.0185 142
1753346829988 0.01851 143
1753346848659 0.01848 144
1753346867457 0.01849 145
1753346886092 0.0185 146
1753346904888 0.0185 147
1753346924183 0.01853 148
1753346943100 0.01855 149
1753346961649 0.01851 150
1753346980313 0.0185 151
1753346999083 0.01851 152
1753347017587 0.01853 153
1753347036476 0.01852 154
1753347055672 0.01851 155
1753347074415 0.01851 156
1753347092888 0.01849 157
1753347111524 0.01851 158
1753347130426 0.01848 159
1753347149117 0.01851 160
1753347167563 0.01851 161
1753347186395 0.01849 162
1753347204907 0.01852 163
1753347223705 0.0185 164
1753347242253 0.01848 165
1753347260992 0.01849 166
1753347279659 0.01852 167
1753347298192 0.0185 168
1753347317011 0.01849 169
1753347335718 0.01851 170
1753347354208 0.0185 171
1753347372818 0.01852 172
1753347391668 0.01853 173
1753347410357 0.01852 174
1753347429430 0.01849 175
1753347448339 0.01847 176
1753347467063 0.01849 177
1753347485475 0.01851 178
1753347504169 0.01848 179
1753347522750 0.01849 180
1753347541810 0.01848 181
1753347560374 0.0185 182
1753347579117 0.01849 183
1753347597510 0.01851 184
1753347616039 0.01852 185
1753347634662 0.01852 186
1753347653324 0.01851 187
1753347671777 0.01849 188
1753347690131 0.0185 189
1753347708656 0.01848 190
1753347727132 0.01849 191
1753347745882 0.01852 192
1753347764291 0.01849 193
1753347782770 0.01848 194
1753347801370 0.01848 195
1753347820296 0.0185 196
1753347838820 0.01851 197
1753347857304 0.0185 198
1753347875945 0.01851 199
1753347894566 0.01849 200
1753347912966 0.01852 201
1753347931908 0.01848 202
1753347950450 0.01846 203
1753347969383 0.01852 204
1753347987954 0.01848 205
1753348006626 0.0185 206
1753348025333 0.01849 207
1753348043834 0.01849 208
1753348062602 0.01849 209
1753348081288 0.01847 210
1753348100166 0.0185 211
1753348118794 0.0185 212
1753348137785 0.01848 213
1753348156360 0.01845 214
1753348175123 0.01849 215
1753348193594 0.01847 216
1753348212402 0.0185 217
1753348231099 0.01847 218
1753348249487 0.01847 219
1753348268024 0.0185 220
1753348286800 0.01849 221
1753348305570 0.0185 222
1753348324073 0.0185 223
1753348342508 0.01845 224
1753348361327 0.01848 225
1753348379941 0.01847 226
1753348398485 0.0185 227
1753348416913 0.01846 228
1753348435762 0.0185 229
1753348454266 0.01849 230
1753348472672 0.01848 231
1753348490769 0.0185 232
1753348509640 0.01848 233
1753348528390 0.01848 234
1753348546745 0.01848 235
1753348565160 0.01847 236
1753348583627 0.01848 237
1753348602091 0.01848 238
1753348620619 0.01848 239
1753348639043 0.01845 240
1753348657562 0.01849 241
1753348676348 0.01848 242
1753348695187 0.0185 243
1753348713716 0.01849 244
1753348732306 0.01845 245
1753348751357 0.01848 246
1753348770527 0.01845 247
1753348789062 0.01848 248
1753348807704 0.01849 249
1753348826359 0.01847 250
1753348845147 0.01846 251
1753348863755 0.01846 252
1753348882316 0.01847 253
1753348900699 0.01845 254
1753348919262 0.01848 255
1753348937740 0.01849 256
1753348956083 0.01848 257
1753348974739 0.01845 258
1753348993831 0.01848 259
1753349012200 0.01848 260
1753349031218 0.01847 261
1753349049998 0.01848 262
1753349068471 0.01847 263
1753349087010 0.0185 264
1753349105623 0.01847 265
1753349124266 0.01846 266
1753349142698 0.01846 267
1753349161078 0.01849 268
1753349179752 0.01846 269
1753349198925 0.01846 270
1753349217835 0.01847 271
1753349236560 0.01849 272
1753349255245 0.01845 273
1753349273595 0.01846 274
1753349292227 0.01845 275
1753349310600 0.01846 276
1753349329447 0.01847 277
1753349348326 0.01844 278
1753349366895 0.01846 279
1753349385506 0.01848 280
1753349404212 0.01847 281
1753349423129 0.01845 282
1753349441996 0.01846 283
1753349460616 0.01847 284
1753349479347 0.01846 285
1753349497763 0.01844 286
1753349516375 0.01846 287
1753349535181 0.01846 288
1753349553911 0.01845 289
1753349572587 0.01846 290
1753349591326 0.01844 291
1753349610521 0.01843 292
1753349629902 0.01845 293
1753349648778 0.01846 294
1753349668120 0.01842 295
1753349686499 0.01845 296
1753349705333 0.01847 297
1753349723751 0.01846 298
1753349742704 0.01845 299
1753349761633 0.0185 300
