1753344188529 0.0010000000474974513 1
1753344207401 0.0010000000474974513 2
1753344225943 0.0010000000474974513 3
1753344245242 0.0010000000474974513 4
1753344264623 0.0010000000474974513 5
1753344283877 0.0010000000474974513 6
1753344303396 0.0010000000474974513 7
1753344322534 0.0010000000474974513 8
1753344341539 0.0010000000474974513 9
1753344360960 0.0010000000474974513 10
1753344379693 0.0010000000474974513 11
1753344398355 0.0010000000474974513 12
1753344416427 0.0010000000474974513 13
1753344434793 0.0010000000474974513 14
1753344453136 0.0010000000474974513 15
1753344471398 0.0010000000474974513 16
1753344489928 0.0010000000474974513 17
1753344508816 0.0010000000474974513 18
1753344527720 0.0010000000474974513 19
1753344546389 0.0010000000474974513 20
1753344565342 0.0010000000474974513 21
1753344583948 0.0010000000474974513 22
1753344602735 0.0010000000474974513 23
1753344621385 0.0010000000474974513 24
1753344640376 0.0010000000474974513 25
1753344659045 0.0010000000474974513 26
1753344677644 0.0010000000474974513 27
1753344696564 0.0010000000474974513 28
1753344715365 0.0010000000474974513 29
1753344734068 0.0010000000474974513 30
1753344752721 0.0010000000474974513 31
1753344771754 0.0010000000474974513 32
1753344790339 0.0010000000474974513 33
1753344808842 0.0010000000474974513 34
1753344827753 0.0010000000474974513 35
1753344846215 0.0010000000474974513 36
1753344864811 0.0010000000474974513 37
1753344883751 0.0010000000474974513 38
1753344902262 0.0010000000474974513 39
1753344920657 0.0010000000474974513 40
1753344939334 0.0010000000474974513 41
1753344957907 0.0010000000474974513 42
1753344976419 0.0010000000474974513 43
1753344995089 0.0010000000474974513 44
1753345013344 0.0010000000474974513 45
1753345031379 0.0010000000474974513 46
1753345049768 0.0010000000474974513 47
1753345067765 0.0010000000474974513 48
1753345085879 0.0010000000474974513 49
1753345104047 0.0010000000474974513 50
1753345122162 0.0010000000474974513 51
1753345140538 0.0010000000474974513 52
1753345158756 0.0010000000474974513 53
1753345176898 0.0010000000474974513 54
1753345195380 0.0010000000474974513 55
1753345214192 0.0010000000474974513 56
1753345232796 0.0010000000474974513 57
1753345251577 0.0010000000474974513 58
1753345270409 0.0010000000474974513 59
1753345289469 0.0010000000474974513 60
1753345308211 0.0010000000474974513 61
1753345326727 0.0010000000474974513 62
1753345345253 0.0010000000474974513 63
1753345363992 0.0010000000474974513 64
1753345382666 0.0010000000474974513 65
1753345401409 0.0010000000474974513 66
1753345420006 0.0010000000474974513 67
1753345438771 0.0010000000474974513 68
1753345457467 0.0010000000474974513 69
1753345475870 0.0010000000474974513 70
1753345494638 0.0010000000474974513 71
1753345513296 0.0010000000474974513 72
1753345531843 0.0010000000474974513 73
1753345550551 0.0010000000474974513 74
1753345569214 0.0010000000474974513 75
1753345588120 0.0010000000474974513 76
1753345606854 0.0010000000474974513 77
1753345625550 0.0010000000474974513 78
1753345644470 0.0010000000474974513 79
1753345662982 0.0010000000474974513 80
1753345681634 0.00020000000949949026 81
1753345700181 0.00020000000949949026 82
1753345719260 0.00020000000949949026 83
1753345738471 0.00020000000949949026 84
1753345757968 0.00020000000949949026 85
1753345776398 0.00020000000949949026 86
1753345794941 0.00020000000949949026 87
1753345813404 0.00020000000949949026 88
1753345832414 0.00020000000949949026 89
1753345850946 4.0000002627493814e-05 90
1753345870316 4.0000002627493814e-05 91
1753345889453 4.0000002627493814e-05 92
1753345908885 4.0000002627493814e-05 93
1753345928006 4.0000002627493814e-05 94
1753345947105 4.0000002627493814e-05 95
1753345965716 4.0000002627493814e-05 96
1753345984295 4.0000002627493814e-05 97
1753346002903 4.0000002627493814e-05 98
1753346021882 8.000000889296643e-06 99
1753346040369 8.000000889296643e-06 100
1753346059122 8.000000889296643e-06 101
1753346077812 8.000000889296643e-06 102
1753346096295 8.000000889296643e-06 103
1753346114888 8.000000889296643e-06 104
1753346133594 8.000000889296643e-06 105
1753346152581 8.000000889296643e-06 106
1753346171246 8.000000889296643e-06 107
1753346189664 1.6000001323845936e-06 108
1753346208256 1.6000001323845936e-06 109
1753346226778 1.6000001323845936e-06 110
1753346245470 1.6000001323845936e-06 111
1753346264432 1.6000001323845936e-06 112
1753346282979 1.6000001323845936e-06 113
1753346301305 1.6000001323845936e-06 114
1753346319785 1.6000001323845936e-06 115
1753346338703 1.6000001323845936e-06 116
1753346357300 9.999999974752427e-07 117
1753346375983 9.999999974752427e-07 118
1753346394634 9.999999974752427e-07 119
1753346413211 9.999999974752427e-07 120
1753346431795 9.999999974752427e-07 121
1753346450044 9.999999974752427e-07 122
1753346468370 9.999999974752427e-07 123
1753346487618 9.999999974752427e-07 124
1753346506694 9.999999974752427e-07 125
1753346525354 9.999999974752427e-07 126
1753346544172 9.999999974752427e-07 127
1753346562660 9.999999974752427e-07 128
1753346581230 9.999999974752427e-07 129
1753346600195 9.999999974752427e-07 130
1753346618707 9.999999974752427e-07 131
1753346637526 9.999999974752427e-07 132
1753346656122 9.999999974752427e-07 133
1753346674656 9.999999974752427e-07 134
1753346693561 9.999999974752427e-07 135
1753346712316 9.999999974752427e-07 136
1753346730797 9.999999974752427e-07 137
1753346749704 9.999999974752427e-07 138
1753346768360 9.999999974752427e-07 139
1753346787583 9.999999974752427e-07 140
1753346806629 9.999999974752427e-07 141
1753346825269 9.999999974752427e-07 142
1753346843976 9.999999974752427e-07 143
1753346862722 9.999999974752427e-07 144
1753346881368 9.999999974752427e-07 145
1753346900173 9.999999974752427e-07 146
1753346919451 9.999999974752427e-07 147
1753346938363 9.999999974752427e-07 148
1753346956851 9.999999974752427e-07 149
1753346975595 9.999999974752427e-07 150
1753346994362 9.999999974752427e-07 151
1753347012864 9.999999974752427e-07 152
1753347031728 9.999999974752427e-07 153
1753347050927 9.999999974752427e-07 154
1753347069660 9.999999974752427e-07 155
1753347088202 9.999999974752427e-07 156
1753347106882 9.999999974752427e-07 157
1753347125692 9.999999974752427e-07 158
1753347144458 9.999999974752427e-07 159
1753347162914 9.999999974752427e-07 160
1753347181662 9.999999974752427e-07 161
1753347200257 9.999999974752427e-07 162
1753347219058 9.999999974752427e-07 163
1753347237540 9.999999974752427e-07 164
1753347256345 9.999999974752427e-07 165
1753347275002 9.999999974752427e-07 166
1753347293541 9.999999974752427e-07 167
1753347312293 9.999999974752427e-07 168
1753347331044 9.999999974752427e-07 169
1753347349478 9.999999974752427e-07 170
1753347368171 9.999999974752427e-07 171
1753347387023 9.999999974752427e-07 172
1753347405691 9.999999974752427e-07 173
1753347424770 9.999999974752427e-07 174
1753347443646 9.999999974752427e-07 175
1753347462379 9.999999974752427e-07 176
1753347480822 9.999999974752427e-07 177
1753347499486 9.999999974752427e-07 178
1753347518090 9.999999974752427e-07 179
1753347537104 9.999999974752427e-07 180
1753347555708 9.999999974752427e-07 181
1753347574436 9.999999974752427e-07 182
1753347592885 9.999999974752427e-07 183
1753347611422 9.999999974752427e-07 184
1753347629956 9.999999974752427e-07 185
1753347648755 9.999999974752427e-07 186
1753347667163 9.999999974752427e-07 187
1753347685493 9.999999974752427e-07 188
1753347703935 9.999999974752427e-07 189
1753347722482 9.999999974752427e-07 190
1753347741228 9.999999974752427e-07 191
1753347759570 9.999999974752427e-07 192
1753347778123 9.999999974752427e-07 193
1753347796632 9.999999974752427e-07 194
1753347815538 9.999999974752427e-07 195
1753347834133 9.999999974752427e-07 196
1753347852600 9.999999974752427e-07 197
1753347871255 9.999999974752427e-07 198
1753347889865 9.999999974752427e-07 199
1753347908225 9.999999974752427e-07 200
1753347927164 9.999999974752427e-07 201
1753347945724 9.999999974752427e-07 202
1753347964662 9.999999974752427e-07 203
1753347983274 9.999999974752427e-07 204
1753348001924 9.999999974752427e-07 205
1753348020607 9.999999974752427e-07 206
1753348039165 9.999999974752427e-07 207
1753348057883 9.999999974752427e-07 208
1753348076675 9.999999974752427e-07 209
1753348095407 9.999999974752427e-07 210
1753348114110 9.999999974752427e-07 211
1753348133153 9.999999974752427e-07 212
1753348151718 9.999999974752427e-07 213
1753348170443 9.999999974752427e-07 214
1753348188891 9.999999974752427e-07 215
1753348207661 9.999999974752427e-07 216
1753348226456 9.999999974752427e-07 217
1753348244824 9.999999974752427e-07 218
1753348263334 9.999999974752427e-07 219
1753348282056 9.999999974752427e-07 220
1753348300908 9.999999974752427e-07 221
1753348319367 9.999999974752427e-07 222
1753348337852 9.999999974752427e-07 223
1753348356686 9.999999974752427e-07 224
1753348375279 9.999999974752427e-07 225
1753348393819 9.999999974752427e-07 226
1753348412178 9.999999974752427e-07 227
1753348431098 9.999999974752427e-07 228
1753348449627 9.999999974752427e-07 229
1753348467990 9.999999974752427e-07 230
1753348486084 9.999999974752427e-07 231
1753348504888 9.999999974752427e-07 232
1753348523642 9.999999974752427e-07 233
1753348542021 9.999999974752427e-07 234
1753348560475 9.999999974752427e-07 235
1753348578904 9.999999974752427e-07 236
1753348597377 9.999999974752427e-07 237
1753348615874 9.999999974752427e-07 238
1753348634362 9.999999974752427e-07 239
1753348652797 9.999999974752427e-07 240
1753348671659 9.999999974752427e-07 241
1753348690421 9.999999974752427e-07 242
1753348709007 9.999999974752427e-07 243
1753348727639 9.999999974752427e-07 244
1753348746666 9.999999974752427e-07 245
1753348765530 9.999999974752427e-07 246
1753348784331 9.999999974752427e-07 247
1753348803070 9.999999974752427e-07 248
1753348821739 9.999999974752427e-07 249
1753348840489 9.999999974752427e-07 250
1753348859061 9.999999974752427e-07 251
1753348877590 9.999999974752427e-07 252
1753348896007 9.999999974752427e-07 253
1753348914536 9.999999974752427e-07 254
1753348933054 9.999999974752427e-07 255
1753348951316 9.999999974752427e-07 256
1753348970074 9.999999974752427e-07 257
1753348989073 9.999999974752427e-07 258
1753349007564 9.999999974752427e-07 259
1753349026535 9.999999974752427e-07 260
1753349045271 9.999999974752427e-07 261
1753349063797 9.999999974752427e-07 262
1753349082315 9.999999974752427e-07 263
1753349100863 9.999999974752427e-07 264
1753349119656 9.999999974752427e-07 265
1753349137925 9.999999974752427e-07 266
1753349156332 9.999999974752427e-07 267
1753349174997 9.999999974752427e-07 268
1753349194271 9.999999974752427e-07 269
1753349213184 9.999999974752427e-07 270
1753349231907 9.999999974752427e-07 271
1753349250589 9.999999974752427e-07 272
1753349268830 9.999999974752427e-07 273
1753349287506 9.999999974752427e-07 274
1753349305910 9.999999974752427e-07 275
1753349324721 9.999999974752427e-07 276
1753349343427 9.999999974752427e-07 277
1753349362199 9.999999974752427e-07 278
1753349380685 9.999999974752427e-07 279
1753349399526 9.999999974752427e-07 280
1753349418394 9.999999974752427e-07 281
1753349437218 9.999999974752427e-07 282
1753349455834 9.999999974752427e-07 283
1753349474661 9.999999974752427e-07 284
1753349493067 9.999999974752427e-07 285
1753349511741 9.999999974752427e-07 286
1753349530406 9.999999974752427e-07 287
1753349549268 9.999999974752427e-07 288
1753349567951 9.999999974752427e-07 289
1753349586594 9.999999974752427e-07 290
1753349605872 9.999999974752427e-07 291
1753349624962 9.999999974752427e-07 292
1753349644053 9.999999974752427e-07 293
1753349663422 9.999999974752427e-07 294
1753349681776 9.999999974752427e-07 295
1753349700681 9.999999974752427e-07 296
1753349719020 9.999999974752427e-07 297
1753349737984 9.999999974752427e-07 298
1753349756906 9.999999974752427e-07 299
1753349775448 9.999999974752427e-07 300
