1752857910562 1.0 0
1752857943801 2.0 0
1752857976649 3.0 0
1752858010148 4.0 0
1752858043618 5.0 0
1752858076976 6.0 0
1752858110131 7.0 0
1752858143048 8.0 0
1752858176785 9.0 0
1752858209737 10.0 0
1752858242750 11.0 0
1752858275989 12.0 0
1752858309965 13.0 0
1752858342717 14.0 0
1752858375742 15.0 0
1752858408774 16.0 0
1752858442003 17.0 0
1752858474575 18.0 0
1752858507289 19.0 0
1752858540740 20.0 0
1752858573898 21.0 0
1752858607755 22.0 0
1752858640886 23.0 0
1752858675124 24.0 0
1752858707585 25.0 0
1752858740559 26.0 0
1752858773455 27.0 0
1752858806055 28.0 0
1752858839328 29.0 0
1752858873046 30.0 0
1752858907190 31.0 0
1752858940868 32.0 0
1752858974034 33.0 0
1752859040152 35.0 0
1752859106164 37.0 0
1752859139694 38.0 0
1752859172694 39.0 0
1752859339447 44.0 0
1752859405383 46.0 0
1752859438162 47.0 0
1752859471867 48.0 0
1752859738001 56.0 0
1752859771379 57.0 0
1752860070932 66.0 0
