1752857885462 0.45496 1
1752857918745 0.36539 2
1752857952215 0.3023 3
1752857984993 0.24826 4
1752858018581 0.20882 5
1752858051910 0.17665 6
1752858085247 0.15013 7
1752858118549 0.12848 8
1752858151375 0.11085 9
1752858185063 0.09655 10
1752858218137 0.08493 11
1752858250979 0.07545 12
1752858284243 0.06768 13
1752858318321 0.06133 14
1752858350906 0.05599 15
1752858384082 0.05157 16
1752858417006 0.04784 17
1752858450356 0.0446 18
1752858482848 0.04194 19
1752858515638 0.0396 20
1752858549055 0.03757 21
1752858582213 0.03582 22
1752858616081 0.0343 23
1752858649218 0.03294 24
1752858683329 0.03178 25
1752858715726 0.03073 26
1752858748857 0.02978 27
1752858781850 0.02895 28
1752858814358 0.02817 29
1752858847569 0.02746 30
1752858881406 0.02687 31
1752858915586 0.02628 32
1752858949201 0.02579 33
1752858982313 0.02534 34
1752859015952 0.02492 35
1752859048566 0.02451 36
1752859081508 0.0241 37
1752859114613 0.02361 38
1752859148114 0.02319 39
1752859181037 0.02284 40
1752859214213 0.02251 41
1752859248482 0.02229 42
1752859280829 0.02205 43
1752859314464 0.02185 44
1752859347568 0.02163 45
1752859380643 0.02149 46
1752859413757 0.02132 47
1752859446618 0.02118 48
1752859480172 0.02097 49
1752859513970 0.02087 50
1752859547052 0.02078 51
1752859580023 0.02061 52
1752859613577 0.02051 53
1752859646394 0.0204 54
1752859680595 0.02034 55
1752859713214 0.02024 56
1752859746409 0.02013 57
1752859779751 0.02003 58
1752859812609 0.01996 59
1752859845966 0.01988 60
1752859878680 0.0198 61
1752859912018 0.01973 62
1752859945889 0.01965 63
1752859978285 0.01961 64
1752860011130 0.01953 65
1752860044544 0.0195 66
1752860079362 0.01943 67
1752860112427 0.01937 68
1752860145195 0.01934 69
1752860179512 0.01925 70
1752860211967 0.01922 71
1752860244970 0.01917 72
1752860278175 0.01912 73
1752860313200 0.01908 74
1752860346011 0.01903 75
1752860378685 0.019 76
