1753336161513 1.0 0
1753336176173 2.0 0
1753336190701 3.0 0
1753336205649 4.0 0
1753336220228 5.0 0
1753336235118 6.0 0
1753336250004 7.0 0
1753336265386 8.0 0
1753336280625 9.0 0
1753336295834 10.0 0
1753336310615 11.0 0
1753336325301 12.0 0
1753336340075 13.0 0
1753336354700 14.0 0
1753336369182 15.0 0
1753336383795 16.0 0
1753336398354 17.0 0
1753336413084 18.0 0
1753336427639 19.0 0
1753336442215 20.0 0
1753336456919 21.0 0
1753336471534 22.0 0
1753336486114 23.0 0
1753336500654 24.0 0
1753336515504 25.0 0
1753336530375 26.0 0
1753336545462 27.0 0
1753336560087 28.0 0
1753336574613 29.0 0
1753336589163 30.0 0
1753336603729 31.0 0
1753336618257 32.0 0
1753336633382 33.0 0
1753336663168 35.0 0
1753336707431 38.0 0
1753336721988 39.0 0
1753336751403 41.0 0
1753336810351 45.0 0
1753336854109 48.0 0
1753336883575 50.0 0
1753336912967 52.0 0
1753336927774 53.0 0
1753336956977 55.0 0
