1753336147155 0.44497 1
1753336164748 0.34937 2
1753336179442 0.29216 3
1753336194358 0.24947 4
1753336208908 0.21328 5
1753336223851 0.18239 6
1753336238663 0.15612 7
1753336254160 0.13424 8
1753336269007 0.11639 9
1753336283916 0.10183 10
1753336299055 0.0899 11
1753336313863 0.08007 12
1753336328609 0.07189 13
1753336343270 0.06511 14
1753336357861 0.05943 15
1753336372477 0.0547 16
1753336387099 0.0507 17
1753336401674 0.04722 18
1753336416357 0.04424 19
1753336430936 0.04167 20
1753336445506 0.03951 21
1753336460239 0.03756 22
1753336474770 0.03586 23
1753336489384 0.03444 24
1753336503938 0.03311 25
1753336518720 0.03196 26
1753336533610 0.03091 27
1753336548761 0.02999 28
1753336563354 0.02913 29
1753336577817 0.02837 30
1753336592423 0.02774 31
1753336606986 0.02711 32
1753336621498 0.02654 33
1753336636654 0.02606 34
1753336651391 0.02558 35
1753336666479 0.02514 36
1753336680990 0.02474 37
1753336696047 0.02439 38
1753336710616 0.02407 39
1753336725266 0.02371 40
1753336739967 0.02342 41
1753336754693 0.02316 42
1753336769664 0.02291 43
1753336784476 0.02274 44
1753336799077 0.02248 45
1753336813648 0.02227 46
1753336828299 0.02209 47
1753336842833 0.02189 48
1753336857302 0.02173 49
1753336871906 0.0216 50
1753336886876 0.02151 51
1753336901388 0.0213 52
1753336916179 0.02119 53
1753336931074 0.02097 54
1753336945675 0.02089 55
1753336960258 0.02077 56
1753336974805 0.02066 57
1753336989264 0.02057 58
1753337004269 0.02049 59
1753337019573 0.0204 60
1753337034157 0.02028 61
1753337048860 0.02022 62
1753337063728 0.02014 63
1753337078151 0.02005 64
1753337092545 0.01991 65
1753337107085 0.01982 66
1753337121546 0.0198 67
1753337136375 0.01975 68
1753337151318 0.01975 69
1753337165739 0.01973 70
1753337180415 0.01968 71
1753337194908 0.01971 72
1753337209385 0.01968 73
1753337223800 0.01965 74
1753337238297 0.0196 75
1753337253449 0.01962 76
1753337268085 0.01959 77
1753337282789 0.01959 78
1753337297911 0.01955 79
1753337312534 0.01959 80
1753337327196 0.01958 81
1753337341678 0.01957 82
1753337356398 0.01957 83
1753337370881 0.01955 84
1753337385992 0.01954 85
1753337400562 0.01959 86
1753337415204 0.01957 87
1753337429781 0.01959 88
1753337444721 0.01954 89
1753337459165 0.01955 90
1753337473822 0.01956 91
1753337488542 0.01955 92
1753337503202 0.01956 93
1753337517609 0.01957 94
1753337532119 0.01955 95
1753337546623 0.01953 96
1753337561177 0.01956 97
1753337575766 0.01956 98
1753337590352 0.01955 99
1753337605211 0.01955 100
1753337619687 0.01957 101
1753337634190 0.01954 102
1753337648602 0.01956 103
1753337663130 0.01957 104
1753337678295 0.01956 105
1753337692796 0.01954 106
1753337707408 0.01955 107
1753337722335 0.01958 108
1753337737134 0.01955 109
1753337751751 0.01953 110
1753337766421 0.01954 111
1753337780816 0.01954 112
1753337795282 0.01955 113
1753337810140 0.01954 114
1753337824898 0.01957 115
1753337839285 0.01956 116
1753337854421 0.01958 117
1753337868948 0.01953 118
1753337883496 0.01955 119
1753337898299 0.01957 120
1753337912938 0.01956 121
1753337927414 0.01955 122
1753337941904 0.01954 123
1753337956415 0.01953 124
1753337971830 0.01957 125
1753337986527 0.01954 126
1753338001039 0.01952 127
1753338015509 0.01951 128
1753338030055 0.01957 129
1753338044856 0.01954 130
1753338060343 0.01956 131
1753338075100 0.01954 132
1753338089977 0.01955 133
1753338104832 0.01953 134
1753338119635 0.01952 135
1753338134133 0.01955 136
1753338148613 0.01955 137
1753338163222 0.01953 138
1753338177740 0.01952 139
1753338192901 0.01954 140
1753338207655 0.01957 141
1753338222293 0.01954 142
1753338236850 0.01955 143
1753338251466 0.01955 144
1753338266410 0.01954 145
1753338280862 0.01954 146
1753338295439 0.01953 147
1753338310191 0.01956 148
1753338324935 0.01951 149
1753338339641 0.01954 150
1753338354155 0.01952 151
1753338368650 0.01955 152
1753338383217 0.01954 153
1753338397740 0.01952 154
1753338412199 0.01957 155
1753338427019 0.01955 156
1753338442130 0.01954 157
1753338456734 0.01955 158
1753338471860 0.01954 159
1753338486545 0.01954 160
1753338501305 0.01953 161
1753338516160 0.01955 162
1753338530620 0.01953 163
1753338545177 0.01955 164
1753338559614 0.01953 165
1753338574701 0.01952 166
1753338589238 0.01954 167
1753338603956 0.01952 168
1753338618540 0.01953 169
1753338634059 0.01952 170
1753338648615 0.01952 171
1753338663217 0.01953 172
1753338677665 0.01952 173
1753338692702 0.01956 174
1753338707258 0.01951 175
1753338721751 0.01952 176
1753338736171 0.01953 177
1753338750599 0.01953 178
1753338764970 0.01954 179
1753338779363 0.01955 180
1753338794408 0.01953 181
1753338809463 0.01952 182
1753338824486 0.01951 183
1753338839289 0.01951 184
1753338854083 0.01953 185
1753338868840 0.01951 186
1753338883289 0.01953 187
1753338897713 0.01951 188
1753338912237 0.01952 189
1753338926933 0.01951 190
1753338941603 0.01952 191
1753338956450 0.01952 192
1753338970964 0.01953 193
1753338986104 0.01951 194
1753339000774 0.01953 195
1753339015617 0.01952 196
1753339030214 0.01953 197
1753339044908 0.01954 198
1753339059351 0.01953 199
1753339073872 0.01948 200
1753339088586 0.01953 201
1753339103076 0.01951 202
1753339117641 0.0195 203
1753339132133 0.01952 204
1753339146874 0.01955 205
1753339161609 0.01951 206
1753339176451 0.0195 207
1753339191604 0.01955 208
1753339206105 0.01953 209
1753339221352 0.01953 210
1753339235994 0.01955 211
1753339250707 0.0195 212
1753339265317 0.01952 213
1753339279900 0.0195 214
1753339294574 0.0195 215
1753339309193 0.01955 216
1753339324133 0.01951 217
1753339338756 0.01953 218
1753339353945 0.01951 219
1753339368721 0.01951 220
1753339383394 0.01951 221
1753339398033 0.01952 222
1753339412790 0.01951 223
1753339427216 0.01948 224
1753339441774 0.01949 225
1753339456257 0.01951 226
1753339470750 0.01953 227
1753339485412 0.01951 228
1753339499953 0.01953 229
1753339514779 0.01952 230
1753339529385 0.01953 231
1753339544170 0.0195 232
1753339559150 0.01951 233
1753339574206 0.01951 234
1753339588771 0.01951 235
1753339603438 0.01949 236
1753339618085 0.01951 237
1753339632593 0.0195 238
1753339647260 0.01952 239
1753339661978 0.01952 240
1753339676434 0.0195 241
1753339691008 0.0195 242
1753339705896 0.01951 243
1753339720654 0.0195 244
1753339735259 0.01953 245
1753339749767 0.01948 246
1753339764497 0.01949 247
1753339779030 0.0195 248
1753339793520 0.01949 249
1753339807946 0.01949 250
1753339822762 0.0195 251
1753339837230 0.01951 252
1753339851750 0.01947 253
1753339866280 0.0195 254
1753339880949 0.01949 255
1753339895469 0.01951 256
1753339909988 0.01952 257
1753339924437 0.01951 258
1753339939338 0.0195 259
1753339954007 0.01948 260
1753339968574 0.01948 261
1753339983044 0.01949 262
1753339997520 0.01951 263
1753340012249 0.01949 264
1753340027176 0.0195 265
1753340041616 0.0195 266
1753340056392 0.01949 267
1753340071163 0.01948 268
1753340085915 0.01949 269
1753340100415 0.01947 270
1753340115080 0.01951 271
1753340129929 0.01952 272
1753340144806 0.01949 273
1753340159775 0.01951 274
1753340174370 0.01949 275
1753340188917 0.0195 276
1753340203660 0.01947 277
1753340218186 0.0195 278
1753340233017 0.01945 279
1753340247757 0.0195 280
1753340262351 0.01949 281
1753340276811 0.01949 282
1753340291651 0.0195 283
1753340306195 0.01947 284
1753340321117 0.01948 285
1753340335620 0.0195 286
1753340350171 0.01946 287
1753340364913 0.01947 288
1753340379610 0.01951 289
1753340394125 0.01945 290
1753340408555 0.01947 291
1753340423164 0.01947 292
1753340438157 0.01946 293
1753340452666 0.01949 294
1753340467191 0.01948 295
1753340481667 0.01947 296
1753340496224 0.01949 297
1753340510691 0.01947 298
1753340525121 0.01947 299
1753340539515 0.01946 300
