1753336161520 0.0010000000474974513 1
1753336176181 0.0010000000474974513 2
1753336190709 0.0010000000474974513 3
1753336205657 0.0010000000474974513 4
1753336220234 0.0010000000474974513 5
1753336235123 0.0010000000474974513 6
1753336250009 0.0010000000474974513 7
1753336265391 0.0010000000474974513 8
1753336280631 0.0010000000474974513 9
1753336295839 0.0010000000474974513 10
1753336310624 0.0010000000474974513 11
1753336325310 0.0010000000474974513 12
1753336340086 0.0010000000474974513 13
1753336354709 0.0010000000474974513 14
1753336369190 0.0010000000474974513 15
1753336383800 0.0010000000474974513 16
1753336398360 0.0010000000474974513 17
1753336413090 0.0010000000474974513 18
1753336427645 0.0010000000474974513 19
1753336442220 0.0010000000474974513 20
1753336456926 0.0010000000474974513 21
1753336471540 0.0010000000474974513 22
1753336486129 0.0010000000474974513 23
1753336500663 0.0010000000474974513 24
1753336515512 0.0010000000474974513 25
1753336530380 0.0010000000474974513 26
1753336545468 0.0010000000474974513 27
1753336560092 0.0010000000474974513 28
1753336574619 0.0010000000474974513 29
1753336589168 0.0010000000474974513 30
1753336603734 0.0010000000474974513 31
1753336618262 0.0010000000474974513 32
1753336633390 0.0010000000474974513 33
1753336648147 0.0010000000474974513 34
1753336663175 0.0010000000474974513 35
1753336677709 0.0010000000474974513 36
1753336692747 0.0010000000474974513 37
1753336707436 0.0010000000474974513 38
1753336721994 0.0010000000474974513 39
1753336736711 0.0010000000474974513 40
1753336751409 0.0010000000474974513 41
1753336766422 0.0010000000474974513 42
1753336781149 0.0010000000474974513 43
1753336795794 0.0010000000474974513 44
1753336810359 0.0010000000474974513 45
1753336825002 0.0010000000474974513 46
1753336839540 0.0010000000474974513 47
1753336854126 0.0010000000474974513 48
1753336868610 0.0010000000474974513 49
1753336883582 0.0010000000474974513 50
1753336898119 0.0010000000474974513 51
1753336912973 0.0010000000474974513 52
1753336927782 0.0010000000474974513 53
1753336942463 0.0010000000474974513 54
1753336956985 0.0010000000474974513 55
1753336971519 0.0010000000474974513 56
1753336986027 0.0010000000474974513 57
1753337001027 0.0010000000474974513 58
1753337016318 0.0010000000474974513 59
1753337030934 0.0010000000474974513 60
1753337045638 0.0010000000474974513 61
1753337060424 0.0010000000474974513 62
1753337074913 0.0010000000474974513 63
1753337089356 0.00020000000949949026 64
1753337103854 0.00020000000949949026 65
1753337118320 0.00020000000949949026 66
1753337133099 0.00020000000949949026 67
1753337147999 0.00020000000949949026 68
1753337162564 0.00020000000949949026 69
1753337177140 0.00020000000949949026 70
1753337191621 0.00020000000949949026 71
1753337206106 0.00020000000949949026 72
1753337220575 4.0000002627493814e-05 73
1753337235000 4.0000002627493814e-05 74
1753337250200 4.0000002627493814e-05 75
1753337264849 4.0000002627493814e-05 76
1753337279537 4.0000002627493814e-05 77
1753337294634 4.0000002627493814e-05 78
1753337309316 4.0000002627493814e-05 79
1753337323877 4.0000002627493814e-05 80
1753337338426 4.0000002627493814e-05 81
1753337353163 8.000000889296643e-06 82
1753337367626 8.000000889296643e-06 83
1753337382735 8.000000889296643e-06 84
1753337397337 8.000000889296643e-06 85
1753337411911 8.000000889296643e-06 86
1753337426559 8.000000889296643e-06 87
1753337441445 8.000000889296643e-06 88
1753337455929 8.000000889296643e-06 89
1753337470606 8.000000889296643e-06 90
1753337485356 1.6000001323845936e-06 91
1753337499923 1.6000001323845936e-06 92
1753337514410 1.6000001323845936e-06 93
1753337528845 1.6000001323845936e-06 94
1753337543348 1.6000001323845936e-06 95
1753337557941 1.6000001323845936e-06 96
1753337572502 1.6000001323845936e-06 97
1753337587047 1.6000001323845936e-06 98
1753337601904 1.6000001323845936e-06 99
1753337616470 9.999999974752427e-07 100
1753337630943 9.999999974752427e-07 101
1753337645455 9.999999974752427e-07 102
1753337659874 9.999999974752427e-07 103
1753337675047 9.999999974752427e-07 104
1753337689544 9.999999974752427e-07 105
1753337704149 9.999999974752427e-07 106
1753337719035 9.999999974752427e-07 107
1753337733885 9.999999974752427e-07 108
1753337748507 9.999999974752427e-07 109
1753337763156 9.999999974752427e-07 110
1753337777617 9.999999974752427e-07 111
1753337792073 9.999999974752427e-07 112
1753337806845 9.999999974752427e-07 113
1753337821691 9.999999974752427e-07 114
1753337836072 9.999999974752427e-07 115
1753337851122 9.999999974752427e-07 116
1753337865692 9.999999974752427e-07 117
1753337880183 9.999999974752427e-07 118
1753337895049 9.999999974752427e-07 119
1753337909639 9.999999974752427e-07 120
1753337924196 9.999999974752427e-07 121
1753337938627 9.999999974752427e-07 122
1753337953169 9.999999974752427e-07 123
1753337968538 9.999999974752427e-07 124
1753337983252 9.999999974752427e-07 125
1753337997830 9.999999974752427e-07 126
1753338012264 9.999999974752427e-07 127
1753338026750 9.999999974752427e-07 128
1753338041576 9.999999974752427e-07 129
1753338057059 9.999999974752427e-07 130
1753338071852 9.999999974752427e-07 131
1753338086682 9.999999974752427e-07 132
1753338101590 9.999999974752427e-07 133
1753338116333 9.999999974752427e-07 134
1753338130874 9.999999974752427e-07 135
1753338145340 9.999999974752427e-07 136
1753338159878 9.999999974752427e-07 137
1753338174487 9.999999974752427e-07 138
1753338189364 9.999999974752427e-07 139
1753338204370 9.999999974752427e-07 140
1753338219069 9.999999974752427e-07 141
1753338233582 9.999999974752427e-07 142
1753338248163 9.999999974752427e-07 143
1753338263118 9.999999974752427e-07 144
1753338277690 9.999999974752427e-07 145
1753338292255 9.999999974752427e-07 146
1753338306886 9.999999974752427e-07 147
1753338321657 9.999999974752427e-07 148
1753338336340 9.999999974752427e-07 149
1753338350863 9.999999974752427e-07 150
1753338365401 9.999999974752427e-07 151
1753338379935 9.999999974752427e-07 152
1753338394436 9.999999974752427e-07 153
1753338408953 9.999999974752427e-07 154
1753338423808 9.999999974752427e-07 155
1753338438915 9.999999974752427e-07 156
1753338453552 9.999999974752427e-07 157
1753338468660 9.999999974752427e-07 158
1753338483284 9.999999974752427e-07 159
1753338498032 9.999999974752427e-07 160
1753338512917 9.999999974752427e-07 161
1753338527386 9.999999974752427e-07 162
1753338541957 9.999999974752427e-07 163
1753338556389 9.999999974752427e-07 164
1753338571408 9.999999974752427e-07 165
1753338586073 9.999999974752427e-07 166
1753338600698 9.999999974752427e-07 167
1753338615280 9.999999974752427e-07 168
1753338630827 9.999999974752427e-07 169
1753338645467 9.999999974752427e-07 170
1753338660021 9.999999974752427e-07 171
1753338674416 9.999999974752427e-07 172
1753338689395 9.999999974752427e-07 173
1753338704034 9.999999974752427e-07 174
1753338718491 9.999999974752427e-07 175
1753338732978 9.999999974752427e-07 176
1753338747387 9.999999974752427e-07 177
1753338761827 9.999999974752427e-07 178
1753338776157 9.999999974752427e-07 179
1753338791162 9.999999974752427e-07 180
1753338806260 9.999999974752427e-07 181
1753338821219 9.999999974752427e-07 182
1753338835770 9.999999974752427e-07 183
1753338850783 9.999999974752427e-07 184
1753338865315 9.999999974752427e-07 185
1753338880123 9.999999974752427e-07 186
1753338894545 9.999999974752427e-07 187
1753338908957 9.999999974752427e-07 188
1753338923793 9.999999974752427e-07 189
1753338938342 9.999999974752427e-07 190
1753338953247 9.999999974752427e-07 191
1753338967698 9.999999974752427e-07 192
1753338982877 9.999999974752427e-07 193
1753338997553 9.999999974752427e-07 194
1753339012337 9.999999974752427e-07 195
1753339026939 9.999999974752427e-07 196
1753339041711 9.999999974752427e-07 197
1753339056154 9.999999974752427e-07 198
1753339070629 9.999999974752427e-07 199
1753339085296 9.999999974752427e-07 200
1753339099872 9.999999974752427e-07 201
1753339114405 9.999999974752427e-07 202
1753339128958 9.999999974752427e-07 203
1753339143627 9.999999974752427e-07 204
1753339158396 9.999999974752427e-07 205
1753339173247 9.999999974752427e-07 206
1753339188396 9.999999974752427e-07 207
1753339202846 9.999999974752427e-07 208
1753339218090 9.999999974752427e-07 209
1753339232731 9.999999974752427e-07 210
1753339247499 9.999999974752427e-07 211
1753339262091 9.999999974752427e-07 212
1753339276688 9.999999974752427e-07 213
1753339291436 9.999999974752427e-07 214
1753339305986 9.999999974752427e-07 215
1753339320873 9.999999974752427e-07 216
1753339335595 9.999999974752427e-07 217
1753339350781 9.999999974752427e-07 218
1753339365538 9.999999974752427e-07 219
1753339380180 9.999999974752427e-07 220
1753339394762 9.999999974752427e-07 221
1753339409581 9.999999974752427e-07 222
1753339424021 9.999999974752427e-07 223
1753339438462 9.999999974752427e-07 224
1753339452966 9.999999974752427e-07 225
1753339467554 9.999999974752427e-07 226
1753339482222 9.999999974752427e-07 227
1753339496723 9.999999974752427e-07 228
1753339511488 9.999999974752427e-07 229
1753339526182 9.999999974752427e-07 230
1753339540889 9.999999974752427e-07 231
1753339555874 9.999999974752427e-07 232
1753339571023 9.999999974752427e-07 233
1753339585626 9.999999974752427e-07 234
1753339600231 9.999999974752427e-07 235
1753339614845 9.999999974752427e-07 236
1753339629323 9.999999974752427e-07 237
1753339644055 9.999999974752427e-07 238
1753339658710 9.999999974752427e-07 239
1753339673188 9.999999974752427e-07 240
1753339687767 9.999999974752427e-07 241
1753339702634 9.999999974752427e-07 242
1753339717430 9.999999974752427e-07 243
1753339732138 9.999999974752427e-07 244
1753339746526 9.999999974752427e-07 245
1753339761316 9.999999974752427e-07 246
1753339775757 9.999999974752427e-07 247
1753339790251 9.999999974752427e-07 248
1753339804736 9.999999974752427e-07 249
1753339819541 9.999999974752427e-07 250
1753339833985 9.999999974752427e-07 251
1753339848445 9.999999974752427e-07 252
1753339863042 9.999999974752427e-07 253
1753339877798 9.999999974752427e-07 254
1753339892195 9.999999974752427e-07 255
1753339906725 9.999999974752427e-07 256
1753339921247 9.999999974752427e-07 257
1753339936153 9.999999974752427e-07 258
1753339950790 9.999999974752427e-07 259
1753339965288 9.999999974752427e-07 260
1753339979787 9.999999974752427e-07 261
1753339994244 9.999999974752427e-07 262
1753340009004 9.999999974752427e-07 263
1753340024051 9.999999974752427e-07 264
1753340038424 9.999999974752427e-07 265
1753340053200 9.999999974752427e-07 266
1753340067920 9.999999974752427e-07 267
1753340082638 9.999999974752427e-07 268
1753340097185 9.999999974752427e-07 269
1753340111887 9.999999974752427e-07 270
1753340126301 9.999999974752427e-07 271
1753340141166 9.999999974752427e-07 272
1753340156079 9.999999974752427e-07 273
1753340171130 9.999999974752427e-07 274
1753340185611 9.999999974752427e-07 275
1753340200411 9.999999974752427e-07 276
1753340214968 9.999999974752427e-07 277
1753340229809 9.999999974752427e-07 278
1753340244504 9.999999974752427e-07 279
1753340259071 9.999999974752427e-07 280
1753340273587 9.999999974752427e-07 281
1753340288419 9.999999974752427e-07 282
1753340302917 9.999999974752427e-07 283
1753340317942 9.999999974752427e-07 284
1753340332389 9.999999974752427e-07 285
1753340346899 9.999999974752427e-07 286
1753340361728 9.999999974752427e-07 287
1753340376357 9.999999974752427e-07 288
1753340390904 9.999999974752427e-07 289
1753340405346 9.999999974752427e-07 290
1753340420034 9.999999974752427e-07 291
1753340434934 9.999999974752427e-07 292
1753340449456 9.999999974752427e-07 293
1753340463975 9.999999974752427e-07 294
1753340478473 9.999999974752427e-07 295
1753340492986 9.999999974752427e-07 296
1753340507437 9.999999974752427e-07 297
1753340521902 9.999999974752427e-07 298
1753340536351 9.999999974752427e-07 299
1753340550741 9.999999974752427e-07 300
