1752941278546 1.0 0
1752941293301 2.0 0
1752941309559 3.0 0
1752941324335 4.0 0
1752941339654 5.0 0
1752941354270 6.0 0
1752941368929 7.0 0
1752941383503 8.0 0
1752941397982 9.0 0
1752941412446 10.0 0
1752941426997 11.0 0
1752941441597 12.0 0
1752941456264 13.0 0
1752941470660 14.0 0
1752941485346 15.0 0
1752941499845 16.0 0
1752941514168 17.0 0
1752941528684 18.0 0
1752941543205 19.0 0
1752941557651 20.0 0
1752941572171 21.0 0
1752941586874 22.0 0
1752941601323 23.0 0
1752941615805 24.0 0
1752941630470 25.0 0
1752941645013 26.0 0
1752941659650 27.0 0
1752941674636 28.0 0
1752941689190 29.0 0
1752941703766 30.0 0
1752941718465 31.0 0
1752941733555 32.0 0
1752941748221 33.0 0
1752941762815 34.0 0
1752941777465 35.0 0
1752941792092 36.0 0
1752941806727 37.0 0
1752941821538 38.0 0
1752941836117 39.0 0
1752941850602 40.0 0
1752941864949 41.0 0
1752941880022 42.0 0
1752941894655 43.0 0
1752941924408 45.0 0
1752941939090 46.0 0
1752941953580 47.0 0
1752941983040 49.0 0
1752941997452 50.0 0
1752942026448 52.0 0
1752942040701 53.0 0
1752942055224 54.0 0
1752942070357 55.0 0
1752942157680 61.0 0
1752942172270 62.0 0
1752942259973 68.0 0
1752942288996 70.0 0
1752942391189 77.0 0
1752942420612 79.0 0
1752942566125 89.0 0
