1752941266654 0.73419 1
1752941281809 0.61997 2
1752941296518 0.5534 3
1752941312753 0.49475 4
1752941327440 0.43519 5
1752941342906 0.37791 6
1752941357430 0.32641 7
1752941372128 0.28099 8
1752941386693 0.24172 9
1752941401253 0.20852 10
1752941415651 0.18066 11
1752941430168 0.15735 12
1752941444833 0.13788 13
1752941459463 0.12166 14
1752941473926 0.10812 15
1752941488632 0.09608 16
1752941502978 0.0851 17
1752941517346 0.07622 18
1752941531837 0.06766 19
1752941546422 0.06199 20
1752941560808 0.05733 21
1752941575462 0.05339 22
1752941590060 0.05002 23
1752941604568 0.04703 24
1752941618996 0.04444 25
1752941633703 0.04219 26
1752941648211 0.04021 27
1752941662782 0.03842 28
1752941677808 0.03687 29
1752941692400 0.03546 30
1752941706934 0.03423 31
1752941721673 0.03313 32
1752941736775 0.03214 33
1752941751484 0.0312 34
1752941766064 0.03038 35
1752941780710 0.02961 36
1752941795352 0.0289 37
1752941809992 0.02828 38
1752941824769 0.02772 39
1752941839264 0.02717 40
1752941853760 0.02667 41
1752941868207 0.02621 42
1752941883344 0.02581 43
1752941897912 0.02543 44
1752941912550 0.02503 45
1752941927726 0.0247 46
1752941942263 0.0244 47
1752941956849 0.02408 48
1752941971420 0.02384 49
1752941986306 0.02355 50
1752942000663 0.02331 51
1752942015074 0.02309 52
1752942029592 0.02286 53
1752942043968 0.02265 54
1752942058685 0.02243 55
1752942073555 0.02227 56
1752942087942 0.02208 57
1752942102507 0.02194 58
1752942117037 0.02178 59
1752942131632 0.02165 60
1752942146417 0.02151 61
1752942160880 0.02134 62
1752942175523 0.02128 63
1752942190104 0.02112 64
1752942205007 0.02099 65
1752942219339 0.02091 66
1752942233927 0.0208 67
1752942248713 0.02071 68
1752942263181 0.02059 69
1752942277545 0.02052 70
1752942292234 0.02044 71
1752942306736 0.02033 72
1752942321298 0.02028 73
1752942335821 0.02022 74
1752942350478 0.02013 75
1752942365030 0.02005 76
1752942379467 0.01997 77
1752942394454 0.0199 78
1752942408946 0.01983 79
1752942423865 0.01977 80
1752942438357 0.0197 81
1752942452695 0.01963 82
1752942467402 0.01956 83
1752942481797 0.01955 84
1752942496295 0.01947 85
1752942510899 0.01942 86
1752942525596 0.0194 87
1752942539993 0.01934 88
1752942554449 0.01929 89
1752942569345 0.01922 90
1752942583927 0.01919 91
1752942598310 0.01916 92
1752942613101 0.01911 93
1752942627655 0.01909 94
1752942642112 0.01907 95
1752942656575 0.01904 96
1752942671080 0.01899 97
1752942685637 0.01897 98
1752942700157 0.01889 99
1752942714689 0.01885 100
1752942729173 0.01883 101
1752942743859 0.0188 102
1752942758407 0.01876 103
1752942772842 0.01875 104
1752942787496 0.01874 105
1752942802254 0.01869 106
1752942816646 0.01863 107
1752942831183 0.0186 108
1752942845899 0.01865 109
1752942860546 0.01858 110
1752942874895 0.01854 111
1752942889438 0.01853 112
1752942904246 0.01848 113
1752942918827 0.01847 114
1752942933315 0.01849 115
1752942948144 0.01842 116
1752942962672 0.01843 117
1752942977159 0.01838 118
1752942991637 0.01838 119
1752943006439 0.01831 120
1752943021108 0.01827 121
1752943035686 0.01829 122
1752943050254 0.01827 123
1752943064814 0.01825 124
1752943079228 0.01822 125
1752943094021 0.01821 126
1752943108386 0.0182 127
1752943122989 0.01816 128
1752943138010 0.01816 129
1752943152544 0.01813 130
1752943167208 0.01813 131
1752943181862 0.0181 132
1752943196255 0.01807 133
1752943210759 0.01805 134
1752943225704 0.01805 135
1752943240428 0.01803 136
1752943255090 0.01804 137
1752943269703 0.01799 138
1752943284665 0.018 139
1752943299203 0.01797 140
1752943313826 0.01797 141
1752943328448 0.01797 142
1752943343022 0.01792 143
1752943357546 0.01791 144
1752943371956 0.01793 145
1752943386443 0.01791 146
1752943401291 0.01788 147
1752943415830 0.01789 148
1752943430463 0.01787 149
1752943445035 0.01784 150
1752943459623 0.01786 151
1752943474011 0.01781 152
1752943488427 0.0178 153
1752943503315 0.01779 154
1752943517638 0.01777 155
1752943532048 0.01776 156
1752943546610 0.01774 157
1752943561078 0.01771 158
1752943575647 0.01777 159
1752943590038 0.01775 160
1752943604590 0.0177 161
1752943619253 0.0177 162
1752943633784 0.01767 163
1752943648389 0.01769 164
1752943662846 0.01769 165
1752943677684 0.01765 166
1752943692085 0.01764 167
1752943706575 0.01765 168
1752943721310 0.01767 169
1752943735580 0.0176 170
1752943750077 0.0176 171
1752943764711 0.01762 172
1752943779194 0.01762 173
1752943793718 0.01756 174
1752943808154 0.01758 175
1752943822698 0.01757 176
1752943837388 0.01756 177
1752943851837 0.01754 178
1752943866416 0.01754 179
1752943880827 0.01751 180
1752943895415 0.01751 181
1752943909911 0.01753 182
1752943924350 0.01751 183
1752943939114 0.01756 184
1752943953780 0.01751 185
1752943968176 0.0175 186
1752943982997 0.01749 187
1752943997457 0.0175 188
1752944012105 0.01745 189
1752944026866 0.01745 190
1752944041751 0.01747 191
1752944056771 0.0174 192
1752944071228 0.01745 193
1752944086116 0.01741 194
1752944100655 0.01743 195
1752944115766 0.01742 196
1752944130279 0.01739 197
1752944144965 0.01742 198
1752944159774 0.01738 199
1752944174375 0.01738 200
1752944188887 0.01742 201
1752944203403 0.01737 202
1752944218039 0.0174 203
1752944233031 0.01735 204
1752944247489 0.01738 205
1752944262082 0.01736 206
1752944276809 0.01737 207
1752944291267 0.01733 208
1752944305857 0.01733 209
1752944320752 0.01733 210
1752944335252 0.01734 211
1752944349648 0.01735 212
1752944364103 0.01727 213
1752944378621 0.0173 214
1752944393218 0.01729 215
1752944407752 0.01729 216
1752944422312 0.01728 217
1752944437223 0.01727 218
1752944451732 0.01724 219
1752944466157 0.01725 220
1752944480653 0.01729 221
1752944495545 0.01725 222
1752944510075 0.01725 223
1752944524730 0.01723 224
1752944539236 0.01723 225
1752944553639 0.01723 226
1752944568147 0.01724 227
1752944582766 0.01724 228
1752944597135 0.01726 229
1752944611746 0.0172 230
1752944626159 0.01718 231
1752944640781 0.01722 232
1752944655319 0.01723 233
1752944669696 0.0172 234
1752944684181 0.01722 235
1752944698717 0.01719 236
1752944713201 0.01718 237
1752944727556 0.01715 238
1752944742080 0.01718 239
1752944756504 0.01713 240
1752944770956 0.01714 241
1752944785367 0.01718 242
1752944799920 0.01719 243
1752944814465 0.01715 244
1752944829061 0.01713 245
1752944843492 0.01714 246
1752944858102 0.01717 247
1752944872708 0.01713 248
1752944887449 0.01713 249
1752944901936 0.01712 250
1752944916289 0.01709 251
1752944930899 0.01712 252
1752944945244 0.01712 253
1752944959570 0.01715 254
1752944974126 0.01712 255
1752944988613 0.01713 256
1752945003000 0.0171 257
1752945017548 0.01711 258
1752945032035 0.0171 259
1752945046592 0.01708 260
1752945061291 0.01708 261
1752945075794 0.01709 262
1752945090422 0.01708 263
1752945104774 0.0171 264
1752945119262 0.01708 265
1752945133925 0.01709 266
1752945148482 0.01706 267
1752945162983 0.01706 268
1752945177304 0.01705 269
1752945192002 0.01707 270
1752945206257 0.01703 271
1752945220722 0.01707 272
1752945235366 0.01703 273
1752945249887 0.01704 274
1752945264439 0.01702 275
1752945278826 0.017 276
1752945293415 0.01702 277
1752945307991 0.01701 278
1752945322318 0.01702 279
1752945336844 0.01703 280
1752945351175 0.01701 281
1752945365808 0.01702 282
1752945380236 0.01703 283
1752945394707 0.017 284
1752945409811 0.01701 285
1752945424275 0.01701 286
1752945438660 0.01702 287
1752945453361 0.01699 288
1752945467788 0.01697 289
1752945482187 0.01699 290
1752945496862 0.01701 291
1752945511326 0.01698 292
1752945525949 0.01699 293
1752945540336 0.01694 294
1752945554828 0.01696 295
1752945569346 0.017 296
1752945583784 0.01701 297
1752945598345 0.01695 298
1752945612832 0.01696 299
1752945627324 0.01698 300
