1753234164037 1.0 0
1753234178182 2.0 0
1753234193574 3.0 0
1753234208500 4.0 0
1753234222525 5.0 0
1753234236790 6.0 0
1753234250749 7.0 0
1753234264955 8.0 0
1753234278754 9.0 0
1753234292634 10.0 0
1753234307038 11.0 0
1753234320965 12.0 0
1753234334988 13.0 0
1753234349639 14.0 0
1753234363598 15.0 0
1753234377783 16.0 0
1753234391992 17.0 0
1753234406014 18.0 0
1753234420292 19.0 0
1753234434277 20.0 0
1753234448208 21.0 0
1753234462527 22.0 0
1753234476782 23.0 0
1753234490879 24.0 0
1753234505442 25.0 0
1753234519696 26.0 0
1753234533710 27.0 0
1753234547695 28.0 0
1753234561810 29.0 0
1753234576007 30.0 0
1753234590159 31.0 0
1753234604511 32.0 0
1753234618650 33.0 0
1753234632912 34.0 0
1753234646764 35.0 0
1753234660697 36.0 0
1753234675079 37.0 0
1753234689146 38.0 0
1753234703168 39.0 0
1753234731475 41.0 0
1753234745547 42.0 0
1753234759558 43.0 0
1753234773772 44.0 0
1753234787881 45.0 0
1753234816054 47.0 0
1753234858915 50.0 0
1753234872996 51.0 0
1753234887420 52.0 0
1753234929617 55.0 0
1753234943521 56.0 0
1753234957793 57.0 0
1753234986108 59.0 0
1753235071046 65.0 0
1753235354005 85.0 0
1753235410946 89.0 0
