1753234152078 0.60705 1
1753234167181 0.46591 2
1753234181319 0.40052 3
1753234196601 0.35415 4
1753234211602 0.31355 5
1753234225644 0.27722 6
1753234239894 0.24482 7
1753234253811 0.21644 8
1753234267945 0.19153 9
1753234281845 0.17015 10
1753234295719 0.1514 11
1753234310145 0.13551 12
1753234324111 0.12171 13
1753234338138 0.10985 14
1753234352672 0.0997 15
1753234366681 0.09096 16
1753234380752 0.08334 17
1753234395056 0.07681 18
1753234409087 0.07113 19
1753234423393 0.06606 20
1753234437336 0.06166 21
1753234451293 0.05793 22
1753234465492 0.05452 23
1753234479907 0.05151 24
1753234493910 0.04887 25
1753234508437 0.04638 26
1753234522780 0.04435 27
1753234536759 0.04241 28
1753234550748 0.04068 29
1753234564978 0.0391 30
1753234578948 0.03737 31
1753234593174 0.0354 32
1753234607604 0.03398 33
1753234621730 0.0329 34
1753234635906 0.03198 35
1753234649851 0.03114 36
1753234663786 0.03036 37
1753234678154 0.02965 38
1753234692196 0.02897 39
1753234706221 0.02841 40
1753234720233 0.02791 41
1753234734569 0.02738 42
1753234748673 0.02685 43
1753234762645 0.02643 44
1753234776813 0.02598 45
1753234790974 0.0256 46
1753234804900 0.02537 47
1753234819498 0.02496 48
1753234833569 0.02464 49
1753234847831 0.02433 50
1753234862002 0.0241 51
1753234876054 0.02379 52
1753234890439 0.02361 53
1753234904415 0.02333 54
1753234918401 0.02313 55
1753234932675 0.0229 56
1753234946652 0.02278 57
1753234960811 0.02258 58
1753234974820 0.02235 59
1753234989155 0.02225 60
1753235003297 0.02206 61
1753235017432 0.02195 62
1753235031774 0.02177 63
1753235045758 0.02163 64
1753235059903 0.02152 65
1753235074092 0.02134 66
1753235088072 0.02126 67
1753235102285 0.0211 68
1753235116233 0.02103 69
1753235130187 0.02092 70
1753235144735 0.02082 71
1753235158877 0.02087 72
1753235172938 0.02066 73
1753235186912 0.02058 74
1753235201274 0.02049 75
1753235215389 0.02039 76
1753235229449 0.02029 77
1753235243786 0.02023 78
1753235257707 0.02017 79
1753235271843 0.02008 80
1753235285943 0.01998 81
1753235300052 0.01991 82
1753235314350 0.01988 83
1753235328523 0.01981 84
1753235342636 0.01977 85
1753235357097 0.01964 86
1753235371053 0.01962 87
1753235385503 0.01958 88
1753235399653 0.01953 89
1753235414030 0.0195 90
1753235428083 0.01945 91
1753235442267 0.0194 92
1753235456664 0.01937 93
1753235470739 0.0193 94
1753235484797 0.01926 95
1753235498850 0.01924 96
1753235513180 0.0192 97
1753235527486 0.01914 98
1753235541438 0.01908 99
1753235555558 0.01902 100
1753235569544 0.019 101
1753235583677 0.01899 102
1753235597779 0.01892 103
1753235611903 0.01891 104
1753235625854 0.01885 105
1753235639954 0.01884 106
1753235653969 0.01877 107
1753235667814 0.01881 108
1753235682023 0.01882 109
1753235696076 0.01876 110
1753235710223 0.01871 111
1753235724447 0.01865 112
1753235738587 0.01867 113
1753235752538 0.0186 114
1753235766638 0.01855 115
1753235780624 0.01852 116
1753235794892 0.01855 117
1753235808847 0.01849 118
1753235823098 0.01847 119
1753235837051 0.01841 120
1753235851080 0.01841 121
1753235865064 0.01839 122
1753235878849 0.01835 123
1753235893230 0.01832 124
1753235907354 0.01833 125
1753235921260 0.01832 126
1753235935543 0.01828 127
1753235949375 0.01826 128
1753235963288 0.01822 129
1753235977500 0.01821 130
1753235991256 0.0182 131
1753236005454 0.01822 132
1753236019478 0.01819 133
1753236033758 0.01812 134
1753236047594 0.01811 135
1753236061480 0.01809 136
1753236075517 0.01805 137
1753236089699 0.01806 138
1753236104358 0.01802 139
1753236118222 0.01799 140
1753236132169 0.018 141
1753236146395 0.01798 142
1753236160272 0.01798 143
1753236174565 0.01798 144
1753236188584 0.01789 145
1753236202715 0.01793 146
1753236217058 0.01791 147
1753236231086 0.01796 148
1753236245345 0.0179 149
1753236259359 0.0178 150
1753236273279 0.01779 151
1753236287548 0.01781 152
1753236301457 0.0178 153
1753236316020 0.0178 154
1753236329917 0.01777 155
1753236343902 0.01778 156
1753236358070 0.01776 157
1753236371882 0.0178 158
1753236386097 0.01775 159
1753236400048 0.01773 160
1753236414168 0.01774 161
1753236428429 0.01772 162
1753236442287 0.01774 163
1753236456572 0.01768 164
1753236470450 0.01763 165
1753236484375 0.01761 166
1753236498543 0.01764 167
1753236512436 0.01759 168
1753236526651 0.01757 169
1753236540546 0.01758 170
1753236554593 0.01756 171
1753236568694 0.01758 172
1753236582559 0.01756 173
1753236596599 0.01758 174
1753236610608 0.01752 175
1753236624431 0.01757 176
1753236638500 0.0175 177
1753236652659 0.01749 178
1753236666789 0.01751 179
1753236680772 0.01745 180
1753236694812 0.01746 181
1753236708938 0.01746 182
1753236722859 0.01746 183
1753236737075 0.01749 184
1753236751188 0.01744 185
1753236765124 0.01741 186
1753236779317 0.01746 187
1753236793415 0.0174 188
1753236807724 0.01745 189
1753236821715 0.01736 190
1753236835765 0.01739 191
1753236850073 0.01745 192
1753236864310 0.01737 193
1753236878444 0.01737 194
1753236892403 0.0174 195
1753236906540 0.01736 196
1753236920566 0.01732 197
1753236934528 0.01733 198
1753236949056 0.01735 199
1753236962913 0.01731 200
1753236977270 0.01729 201
1753236991520 0.01732 202
1753237005403 0.0173 203
1753237019591 0.01728 204
1753237033731 0.01731 205
1753237047694 0.01726 206
1753237061950 0.01723 207
1753237075989 0.01722 208
1753237090181 0.01718 209
1753237104137 0.01721 210
1753237118115 0.01722 211
1753237132278 0.01726 212
1753237146177 0.01724 213
1753237160301 0.01719 214
1753237174264 0.01718 215
1753237188284 0.01714 216
1753237202451 0.01717 217
1753237216548 0.01713 218
1753237230682 0.01714 219
1753237244651 0.01717 220
1753237258482 0.01721 221
1753237272655 0.01718 222
1753237286600 0.01716 223
1753237300560 0.01713 224
1753237314734 0.01717 225
1753237328635 0.01712 226
1753237342618 0.01711 227
1753237356804 0.01712 228
1753237371103 0.01707 229
1753237385184 0.01707 230
1753237399313 0.01709 231
1753237413387 0.01706 232
1753237427773 0.0171 233
1753237441878 0.01706 234
1753237456069 0.01706 235
1753237470194 0.01709 236
1753237484237 0.01706 237
1753237498307 0.01708 238
1753237512302 0.01708 239
1753237526711 0.01706 240
1753237540572 0.017 241
1753237554640 0.017 242
1753237569448 0.01702 243
1753237583421 0.01703 244
1753237597429 0.01702 245
1753237611603 0.01698 246
1753237625739 0.017 247
1753237639843 0.01705 248
1753237653671 0.01703 249
1753237667972 0.01698 250
1753237682105 0.01701 251
1753237696183 0.01697 252
1753237710315 0.01699 253
1753237724384 0.01696 254
1753237738705 0.01694 255
1753237752664 0.01699 256
1753237766638 0.01701 257
1753237780833 0.01696 258
1753237794933 0.01692 259
1753237809042 0.01694 260
1753237823003 0.01697 261
1753237837026 0.01693 262
1753237851451 0.01694 263
1753237865660 0.01701 264
1753237880000 0.01691 265
1753237893948 0.01696 266
1753237908102 0.01693 267
1753237922175 0.01689 268
1753237936523 0.01692 269
1753237950838 0.01693 270
1753237964758 0.01687 271
1753237979125 0.01686 272
1753237993388 0.01687 273
1753238007348 0.01687 274
1753238021383 0.01692 275
1753238035481 0.01689 276
1753238049664 0.01693 277
1753238063980 0.01688 278
1753238077986 0.01685 279
1753238092184 0.01686 280
1753238106039 0.01686 281
1753238120355 0.01689 282
1753238134351 0.0169 283
1753238148565 0.01686 284
1753238162815 0.01689 285
1753238176972 0.01691 286
1753238191117 0.01685 287
1753238205546 0.0169 288
1753238219771 0.01683 289
1753238233652 0.01685 290
1753238247594 0.01682 291
1753238261815 0.01682 292
1753238276002 0.01686 293
1753238290432 0.01684 294
1753238304974 0.01687 295
1753238319096 0.01686 296
1753238333184 0.01681 297
1753238347166 0.01679 298
1753238361403 0.01684 299
1753238375303 0.01676 300
