1753363738712 1.0 0
1753363760666 2.0 0
1753363782294 3.0 0
1753363804507 4.0 0
1753363826775 5.0 0
1753363848344 6.0 0
1753363869857 7.0 0
1753363891707 8.0 0
1753363913306 9.0 0
1753363935041 10.0 0
1753363957065 11.0 0
1753363978797 12.0 0
1753364000389 13.0 0
1753364022177 14.0 0
1753364043541 15.0 0
1753364065940 16.0 0
1753364087915 17.0 0
1753364109687 18.0 0
1753364131444 19.0 0
1753364153747 20.0 0
1753364175951 21.0 0
1753364198201 22.0 0
1753364220765 23.0 0
1753364242878 24.0 0
1753364264330 25.0 0
1753364286250 26.0 0
1753364329789 28.0 0
1753364351718 29.0 0
1753364460699 34.0 0
1753364504723 36.0 0
