1753363723841 0.65663 1
1753363746119 0.52221 2
1753363768127 0.42093 3
1753363789706 0.32885 4
1753363811915 0.25359 5
1753363834216 0.19658 6
1753363855733 0.15162 7
1753363877413 0.11704 8
1753363899227 0.09027 9
1753363920818 0.07251 10
1753363942518 0.06008 11
1753363964543 0.05116 12
1753363986284 0.04475 13
1753364007872 0.0398 14
1753364029701 0.03608 15
1753364051069 0.03331 16
1753364073377 0.03111 17
1753364095387 0.02936 18
1753364117257 0.02787 19
1753364139028 0.02666 20
1753364161284 0.02569 21
1753364183409 0.02505 22
1753364205731 0.02417 23
1753364228285 0.02364 24
1753364250362 0.02309 25
1753364271822 0.02263 26
1753364293810 0.02221 27
1753364315204 0.02201 28
1753364337301 0.02164 29
1753364359239 0.02137 30
1753364380737 0.02113 31
1753364402523 0.02094 32
1753364424121 0.02075 33
1753364446092 0.0206 34
1753364468234 0.02041 35
1753364490310 0.02031 36
1753364512225 0.02012 37
1753364534057 0.02004 38
1753364556141 0.01995 39
1753364577775 0.01982 40
1753364599758 0.01976 41
1753364621248 0.01957 42
1753364642569 0.01954 43
1753364664416 0.01951 44
1753364685921 0.01946 45
1753364707813 0.01925 46
1753364729340 0.01919 47
1753364750986 0.01916 48
1753364772527 0.01917 49
1753364794002 0.01912 50
1753364815247 0.0191 51
1753364836224 0.01906 52
1753364857209 0.01904 53
1753364878404 0.01904 54
1753364899951 0.01901 55
1753364921112 0.01899 56
1753364942453 0.01902 57
1753364964704 0.01895 58
1753364986251 0.01897 59
1753365007846 0.01896 60
1753365029215 0.01894 61
1753365050513 0.01894 62
1753365072967 0.01892 63
1753365095192 0.01894 64
1753365116884 0.01892 65
1753365138013 0.01893 66
1753365159398 0.01889 67
1753365180902 0.01893 68
1753365202638 0.01892 69
1753365224480 0.01892 70
1753365245916 0.01892 71
1753365267461 0.01889 72
1753365289511 0.01894 73
1753365311218 0.01892 74
1753365332529 0.01894 75
1753365354129 0.01892 76
1753365375281 0.01894 77
1753365396915 0.0189 78
1753365418778 0.01891 79
1753365440043 0.0189 80
1753365461527 0.01892 81
1753365482944 0.01893 82
1753365504154 0.01889 83
1753365525374 0.01889 84
1753365546733 0.0189 85
1753365567913 0.0189 86
1753365589651 0.01892 87
1753365611216 0.01892 88
1753365632545 0.01891 89
1753365653878 0.01889 90
1753365675003 0.01891 91
1753365695813 0.0189 92
1753365717055 0.0189 93
1753365738454 0.01892 94
1753365759876 0.0189 95
1753365781945 0.01891 96
1753365803321 0.01893 97
1753365825505 0.01891 98
1753365847525 0.01891 99
1753365868931 0.01892 100
1753365890513 0.01894 101
1753365912442 0.0189 102
1753365935034 0.0189 103
1753365956584 0.01889 104
1753365978245 0.01889 105
1753365999158 0.01892 106
1753366020540 0.01891 107
1753366042543 0.0189 108
1753366064399 0.01893 109
1753366085495 0.01892 110
1753366107051 0.0189 111
1753366128960 0.01887 112
1753366150618 0.01889 113
1753366172094 0.0189 114
1753366193974 0.0189 115
1753366215883 0.0189 116
1753366237141 0.01892 117
1753366258837 0.01889 118
1753366280452 0.01887 119
1753366301935 0.01889 120
1753366323368 0.01891 121
1753366344984 0.01889 122
1753366366607 0.01889 123
1753366388046 0.0189 124
1753366410273 0.01889 125
1753366432245 0.0189 126
1753366453987 0.0189 127
1753366475447 0.01888 128
1753366496960 0.01887 129
1753366518416 0.01888 130
1753366539891 0.0189 131
1753366561189 0.01889 132
1753366582785 0.0189 133
1753366604577 0.01892 134
1753366626142 0.01891 135
1753366648270 0.01891 136
1753366670745 0.01888 137
1753366692603 0.01888 138
1753366714070 0.0189 139
1753366735625 0.01894 140
1753366756987 0.01889 141
1753366778318 0.01893 142
1753366799572 0.01888 143
1753366820940 0.01891 144
1753366842689 0.01891 145
1753366864488 0.01889 146
1753366885867 0.01889 147
1753366907502 0.01889 148
1753366929395 0.01888 149
1753366951005 0.01888 150
1753366972622 0.01889 151
1753366994137 0.01891 152
1753367015403 0.0189 153
1753367036932 0.01887 154
1753367058363 0.01888 155
1753367079772 0.01887 156
1753367100931 0.01885 157
1753367122650 0.01889 158
1753367144213 0.01888 159
1753367166195 0.01888 160
1753367187958 0.0189 161
1753367210040 0.01888 162
1753367231664 0.01886 163
1753367253236 0.01887 164
1753367274730 0.01886 165
1753367296348 0.01886 166
1753367317527 0.01887 167
1753367338937 0.01885 168
1753367360255 0.01886 169
1753367381543 0.01889 170
1753367403319 0.01887 171
1753367424569 0.01888 172
1753367446017 0.01887 173
1753367467504 0.01888 174
1753367489435 0.01888 175
1753367511958 0.01888 176
1753367533761 0.01888 177
1753367555572 0.01888 178
1753367576948 0.01885 179
1753367598377 0.01889 180
1753367619358 0.01885 181
1753367640473 0.01889 182
1753367661932 0.01886 183
1753367683460 0.01886 184
1753367705290 0.01885 185
1753367726652 0.01887 186
1753367748250 0.01887 187
1753367769954 0.01886 188
1753367791361 0.01886 189
1753367812797 0.01884 190
1753367834747 0.01884 191
1753367856710 0.01886 192
1753367878770 0.01886 193
1753367900686 0.01889 194
1753367922572 0.01885 195
1753367944063 0.01885 196
1753367965758 0.01885 197
1753367987514 0.0189 198
1753368009386 0.01886 199
1753368031988 0.01886 200
1753368053877 0.01883 201
1753368075451 0.01888 202
1753368097425 0.01884 203
1753368119124 0.01885 204
1753368140981 0.01886 205
1753368162941 0.01887 206
1753368184535 0.01886 207
1753368205842 0.01888 208
1753368227431 0.01886 209
1753368249046 0.01889 210
1753368270790 0.01885 211
1753368292549 0.01887 212
1753368314240 0.01886 213
1753368335902 0.01885 214
1753368357186 0.01883 215
1753368378549 0.01884 216
1753368399813 0.01885 217
1753368421632 0.01885 218
1753368443356 0.01886 219
1753368465041 0.01885 220
1753368487014 0.01883 221
1753368509063 0.01884 222
1753368531124 0.01883 223
1753368552655 0.01886 224
1753368574323 0.01883 225
1753368595815 0.01886 226
1753368617484 0.01884 227
1753368639553 0.01881 228
1753368660873 0.01882 229
1753368682558 0.01885 230
1753368703983 0.0188 231
1753368725465 0.01886 232
1753368747505 0.01882 233
1753368769859 0.01885 234
1753368791784 0.01888 235
1753368813772 0.01883 236
1753368835287 0.01882 237
1753368856648 0.01881 238
1753368878508 0.01885 239
1753368899559 0.01884 240
1753368921185 0.01885 241
1753368942674 0.01885 242
1753368964401 0.01884 243
1753368985754 0.01886 244
1753369007276 0.01883 245
1753369028479 0.01883 246
1753369049805 0.01883 247
1753369071174 0.0188 248
1753369092862 0.01882 249
1753369114273 0.01884 250
1753369135569 0.01881 251
1753369157676 0.01884 252
1753369179649 0.0188 253
1753369200630 0.01883 254
1753369222254 0.01879 255
1753369243679 0.01883 256
1753369265125 0.01883 257
1753369286835 0.01884 258
1753369308660 0.01883 259
1753369330478 0.01885 260
1753369351630 0.01883 261
1753369373591 0.01881 262
1753369395286 0.01883 263
1753369417194 0.01883 264
1753369438679 0.01881 265
1753369460305 0.01883 266
1753369481976 0.01881 267
1753369502933 0.01882 268
1753369524140 0.01883 269
1753369546102 0.01883 270
1753369567238 0.01882 271
1753369588782 0.01882 272
1753369610068 0.01881 273
1753369632145 0.01885 274
1753369653846 0.01883 275
1753369675248 0.01881 276
1753369696586 0.01881 277
1753369718155 0.01881 278
1753369740186 0.01882 279
1753369761800 0.01881 280
1753369783318 0.0188 281
1753369805027 0.01881 282
1753369827076 0.0188 283
1753369849184 0.01879 284
1753369870625 0.01879 285
1753369892175 0.01883 286
1753369913941 0.01881 287
1753369935769 0.01882 288
1753369957410 0.01881 289
1753369978377 0.01883 290
1753370000331 0.01881 291
1753370021553 0.0188 292
1753370042490 0.01882 293
1753370064210 0.01879 294
1753370085746 0.0188 295
1753370106872 0.01879 296
1753370128542 0.0188 297
1753370150027 0.01878 298
1753370171630 0.01881 299
1753370193039 0.01881 300
