1753363738722 0.0010000000474974513 1
1753363760671 0.0010000000474974513 2
1753363782299 0.0010000000474974513 3
1753363804514 0.0010000000474974513 4
1753363826780 0.0010000000474974513 5
1753363848349 0.0010000000474974513 6
1753363869864 0.0010000000474974513 7
1753363891736 0.0010000000474974513 8
1753363913310 0.0010000000474974513 9
1753363935047 0.0010000000474974513 10
1753363957073 0.0010000000474974513 11
1753363978802 0.0010000000474974513 12
1753364000395 0.0010000000474974513 13
1753364022186 0.0010000000474974513 14
1753364043550 0.0010000000474974513 15
1753364065950 0.0010000000474974513 16
1753364087923 0.0010000000474974513 17
1753364109699 0.0010000000474974513 18
1753364131450 0.0010000000474974513 19
1753364153755 0.0010000000474974513 20
1753364175960 0.0010000000474974513 21
1753364198210 0.0010000000474974513 22
1753364220777 0.0010000000474974513 23
1753364242885 0.0010000000474974513 24
1753364264336 0.0010000000474974513 25
1753364286257 0.0010000000474974513 26
1753364307722 0.0010000000474974513 27
1753364329798 0.0010000000474974513 28
1753364351728 0.0010000000474974513 29
1753364373275 0.0010000000474974513 30
1753364395053 0.0010000000474974513 31
1753364416614 0.0010000000474974513 32
1753364438519 0.0010000000474974513 33
1753364460705 0.0010000000474974513 34
1753364482856 0.0010000000474974513 35
1753364504732 0.0010000000474974513 36
1753364526473 0.0010000000474974513 37
1753364548692 0.0010000000474974513 38
1753364570259 0.0010000000474974513 39
1753364592324 0.0010000000474974513 40
1753364613693 0.0010000000474974513 41
1753364635097 0.0010000000474974513 42
1753364656961 0.0010000000474974513 43
1753364678478 0.0010000000474974513 44
1753364700242 0.00020000000949949026 45
1753364721813 0.00020000000949949026 46
1753364743480 0.00020000000949949026 47
1753364765073 0.00020000000949949026 48
1753364786454 0.00020000000949949026 49
1753364807777 0.00020000000949949026 50
1753364828690 0.00020000000949949026 51
1753364849655 0.00020000000949949026 52
1753364870867 0.00020000000949949026 53
1753364892420 4.0000002627493814e-05 54
1753364913572 4.0000002627493814e-05 55
1753364934872 4.0000002627493814e-05 56
1753364957229 4.0000002627493814e-05 57
1753364978718 4.0000002627493814e-05 58
1753365000331 4.0000002627493814e-05 59
1753365021656 4.0000002627493814e-05 60
1753365042955 4.0000002627493814e-05 61
1753365065463 4.0000002627493814e-05 62
1753365087726 8.000000889296643e-06 63
1753365109427 8.000000889296643e-06 64
1753365130559 8.000000889296643e-06 65
1753365151852 8.000000889296643e-06 66
1753365173342 8.000000889296643e-06 67
1753365195131 8.000000889296643e-06 68
1753365216926 8.000000889296643e-06 69
1753365238365 8.000000889296643e-06 70
1753365259938 8.000000889296643e-06 71
1753365281953 1.6000001323845936e-06 72
1753365303685 1.6000001323845936e-06 73
1753365325073 1.6000001323845936e-06 74
1753365346640 1.6000001323845936e-06 75
1753365367818 1.6000001323845936e-06 76
1753365389389 1.6000001323845936e-06 77
1753365411328 1.6000001323845936e-06 78
1753365432554 1.6000001323845936e-06 79
1753365454001 1.6000001323845936e-06 80
1753365475464 9.999999974752427e-07 81
1753365496618 9.999999974752427e-07 82
1753365517862 9.999999974752427e-07 83
1753365539211 9.999999974752427e-07 84
1753365560354 9.999999974752427e-07 85
1753365582107 9.999999974752427e-07 86
1753365603731 9.999999974752427e-07 87
1753365624988 9.999999974752427e-07 88
1753365646304 9.999999974752427e-07 89
1753365667506 9.999999974752427e-07 90
1753365688340 9.999999974752427e-07 91
1753365709500 9.999999974752427e-07 92
1753365730871 9.999999974752427e-07 93
1753365752386 9.999999974752427e-07 94
1753365774434 9.999999974752427e-07 95
1753365795772 9.999999974752427e-07 96
1753365818028 9.999999974752427e-07 97
1753365840028 9.999999974752427e-07 98
1753365861480 9.999999974752427e-07 99
1753365882981 9.999999974752427e-07 100
1753365904941 9.999999974752427e-07 101
1753365927242 9.999999974752427e-07 102
1753365949123 9.999999974752427e-07 103
1753365970810 9.999999974752427e-07 104
1753365991638 9.999999974752427e-07 105
1753366013098 9.999999974752427e-07 106
1753366035023 9.999999974752427e-07 107
1753366056876 9.999999974752427e-07 108
1753366078068 9.999999974752427e-07 109
1753366099540 9.999999974752427e-07 110
1753366121420 9.999999974752427e-07 111
1753366143167 9.999999974752427e-07 112
1753366164638 9.999999974752427e-07 113
1753366186444 9.999999974752427e-07 114
1753366208451 9.999999974752427e-07 115
1753366229580 9.999999974752427e-07 116
1753366251261 9.999999974752427e-07 117
1753366272957 9.999999974752427e-07 118
1753366294386 9.999999974752427e-07 119
1753366315818 9.999999974752427e-07 120
1753366337428 9.999999974752427e-07 121
1753366359134 9.999999974752427e-07 122
1753366380490 9.999999974752427e-07 123
1753366402732 9.999999974752427e-07 124
1753366424733 9.999999974752427e-07 125
1753366446521 9.999999974752427e-07 126
1753366467962 9.999999974752427e-07 127
1753366489446 9.999999974752427e-07 128
1753366510975 9.999999974752427e-07 129
1753366532411 9.999999974752427e-07 130
1753366553747 9.999999974752427e-07 131
1753366575273 9.999999974752427e-07 132
1753366597038 9.999999974752427e-07 133
1753366618673 9.999999974752427e-07 134
1753366640748 9.999999974752427e-07 135
1753366663224 9.999999974752427e-07 136
1753366685178 9.999999974752427e-07 137
1753366706601 9.999999974752427e-07 138
1753366728075 9.999999974752427e-07 139
1753366749490 9.999999974752427e-07 140
1753366770817 9.999999974752427e-07 141
1753366792114 9.999999974752427e-07 142
1753366813389 9.999999974752427e-07 143
1753366835216 9.999999974752427e-07 144
1753366856974 9.999999974752427e-07 145
1753366878420 9.999999974752427e-07 146
1753366899925 9.999999974752427e-07 147
1753366921910 9.999999974752427e-07 148
1753366943411 9.999999974752427e-07 149
1753366965153 9.999999974752427e-07 150
1753366986669 9.999999974752427e-07 151
1753367007911 9.999999974752427e-07 152
1753367029351 9.999999974752427e-07 153
1753367050831 9.999999974752427e-07 154
1753367072298 9.999999974752427e-07 155
1753367093459 9.999999974752427e-07 156
1753367115127 9.999999974752427e-07 157
1753367136751 9.999999974752427e-07 158
1753367158685 9.999999974752427e-07 159
1753367180425 9.999999974752427e-07 160
1753367202557 9.999999974752427e-07 161
1753367224232 9.999999974752427e-07 162
1753367245639 9.999999974752427e-07 163
1753367267243 9.999999974752427e-07 164
1753367288801 9.999999974752427e-07 165
1753367309997 9.999999974752427e-07 166
1753367331395 9.999999974752427e-07 167
1753367352762 9.999999974752427e-07 168
1753367374019 9.999999974752427e-07 169
1753367395782 9.999999974752427e-07 170
1753367417112 9.999999974752427e-07 171
1753367438539 9.999999974752427e-07 172
1753367459946 9.999999974752427e-07 173
1753367481905 9.999999974752427e-07 174
1753367504400 9.999999974752427e-07 175
1753367526340 9.999999974752427e-07 176
1753367548142 9.999999974752427e-07 177
1753367569525 9.999999974752427e-07 178
1753367590896 9.999999974752427e-07 179
1753367611947 9.999999974752427e-07 180
1753367632966 9.999999974752427e-07 181
1753367654416 9.999999974752427e-07 182
1753367675922 9.999999974752427e-07 183
1753367697764 9.999999974752427e-07 184
1753367719205 9.999999974752427e-07 185
1753367740759 9.999999974752427e-07 186
1753367762508 9.999999974752427e-07 187
1753367783861 9.999999974752427e-07 188
1753367805229 9.999999974752427e-07 189
1753367827187 9.999999974752427e-07 190
1753367849226 9.999999974752427e-07 191
1753367871220 9.999999974752427e-07 192
1753367893224 9.999999974752427e-07 193
1753367915025 9.999999974752427e-07 194
1753367936545 9.999999974752427e-07 195
1753367958319 9.999999974752427e-07 196
1753367980092 9.999999974752427e-07 197
1753368001853 9.999999974752427e-07 198
1753368024479 9.999999974752427e-07 199
1753368046312 9.999999974752427e-07 200
1753368067971 9.999999974752427e-07 201
1753368089896 9.999999974752427e-07 202
1753368111602 9.999999974752427e-07 203
1753368133398 9.999999974752427e-07 204
1753368155404 9.999999974752427e-07 205
1753368177012 9.999999974752427e-07 206
1753368198294 9.999999974752427e-07 207
1753368219842 9.999999974752427e-07 208
1753368241436 9.999999974752427e-07 209
1753368263335 9.999999974752427e-07 210
1753368285008 9.999999974752427e-07 211
1753368306668 9.999999974752427e-07 212
1753368328387 9.999999974752427e-07 213
1753368349732 9.999999974752427e-07 214
1753368371043 9.999999974752427e-07 215
1753368392343 9.999999974752427e-07 216
1753368414152 9.999999974752427e-07 217
1753368435830 9.999999974752427e-07 218
1753368457491 9.999999974752427e-07 219
1753368479435 9.999999974752427e-07 220
1753368501602 9.999999974752427e-07 221
1753368523627 9.999999974752427e-07 222
1753368545117 9.999999974752427e-07 223
1753368566837 9.999999974752427e-07 224
1753368588269 9.999999974752427e-07 225
1753368609617 9.999999974752427e-07 226
1753368632064 9.999999974752427e-07 227
1753368653345 9.999999974752427e-07 228
1753368675132 9.999999974752427e-07 229
1753368696403 9.999999974752427e-07 230
1753368717863 9.999999974752427e-07 231
1753368740016 9.999999974752427e-07 232
1753368762392 9.999999974752427e-07 233
1753368784188 9.999999974752427e-07 234
1753368806277 9.999999974752427e-07 235
1753368827764 9.999999974752427e-07 236
1753368849196 9.999999974752427e-07 237
1753368871030 9.999999974752427e-07 238
1753368892050 9.999999974752427e-07 239
1753368913678 9.999999974752427e-07 240
1753368935229 9.999999974752427e-07 241
1753368956906 9.999999974752427e-07 242
1753368978222 9.999999974752427e-07 243
1753368999804 9.999999974752427e-07 244
1753369021031 9.999999974752427e-07 245
1753369042291 9.999999974752427e-07 246
1753369063708 9.999999974752427e-07 247
1753369085361 9.999999974752427e-07 248
1753369106744 9.999999974752427e-07 249
1753369128025 9.999999974752427e-07 250
1753369150179 9.999999974752427e-07 251
1753369172144 9.999999974752427e-07 252
1753369193175 9.999999974752427e-07 253
1753369214819 9.999999974752427e-07 254
1753369236251 9.999999974752427e-07 255
1753369257657 9.999999974752427e-07 256
1753369279284 9.999999974752427e-07 257
1753369301111 9.999999974752427e-07 258
1753369322948 9.999999974752427e-07 259
1753369344157 9.999999974752427e-07 260
1753369366129 9.999999974752427e-07 261
1753369387893 9.999999974752427e-07 262
1753369409658 9.999999974752427e-07 263
1753369431262 9.999999974752427e-07 264
1753369452787 9.999999974752427e-07 265
1753369474489 9.999999974752427e-07 266
1753369495521 9.999999974752427e-07 267
1753369516585 9.999999974752427e-07 268
1753369538609 9.999999974752427e-07 269
1753369559691 9.999999974752427e-07 270
1753369581276 9.999999974752427e-07 271
1753369602565 9.999999974752427e-07 272
1753369624673 9.999999974752427e-07 273
1753369646395 9.999999974752427e-07 274
1753369667730 9.999999974752427e-07 275
1753369689119 9.999999974752427e-07 276
1753369710674 9.999999974752427e-07 277
1753369732636 9.999999974752427e-07 278
1753369754273 9.999999974752427e-07 279
1753369775890 9.999999974752427e-07 280
1753369797445 9.999999974752427e-07 281
1753369819585 9.999999974752427e-07 282
1753369841705 9.999999974752427e-07 283
1753369863156 9.999999974752427e-07 284
1753369884771 9.999999974752427e-07 285
1753369906533 9.999999974752427e-07 286
1753369928278 9.999999974752427e-07 287
1753369949896 9.999999974752427e-07 288
1753369970904 9.999999974752427e-07 289
1753369992819 9.999999974752427e-07 290
1753370014063 9.999999974752427e-07 291
1753370034968 9.999999974752427e-07 292
1753370056653 9.999999974752427e-07 293
1753370078202 9.999999974752427e-07 294
1753370099390 9.999999974752427e-07 295
1753370120988 9.999999974752427e-07 296
1753370142532 9.999999974752427e-07 297
1753370164197 9.999999974752427e-07 298
1753370185523 9.999999974752427e-07 299
1753370206669 9.999999974752427e-07 300
