1752948691870 1.0 0
1752948711793 2.0 0
1752948731127 3.0 0
1752948750060 4.0 0
1752948768908 5.0 0
1752948787723 6.0 0
1752948806410 7.0 0
1752948825287 8.0 0
1752948844175 9.0 0
1752948863443 10.0 0
1752948882363 11.0 0
1752948901390 12.0 0
1752948920052 13.0 0
1752948939120 14.0 0
1752948958311 15.0 0
1752948976911 16.0 0
1752948996130 17.0 0
1752949014959 18.0 0
1752949034177 19.0 0
1752949053574 20.0 0
1752949072626 21.0 0
1752949090981 22.0 0
1752949109788 23.0 0
1752949128566 24.0 0
1752949147104 25.0 0
1752949166399 26.0 0
1752949185967 27.0 0
1752949205117 28.0 0
1752949224271 29.0 0
1752949243068 30.0 0
1752949262130 31.0 0
1752949281167 32.0 0
1752949300288 33.0 0
1752949320424 34.0 0
1752949339433 35.0 0
1752949358132 36.0 0
1752949376339 37.0 0
1752949394862 38.0 0
1752949413050 39.0 0
1752949431181 40.0 0
1752949449252 41.0 0
1752949467304 42.0 0
1752949485570 43.0 0
1752949504230 44.0 0
1752949523108 45.0 0
1752949579775 48.0 0
1752949598240 49.0 0
1752949635696 51.0 0
1752949710341 55.0 0
1752949729091 56.0 0
1752949747655 57.0 0
1752949804009 60.0 0
1752949879764 64.0 0
1752949898925 65.0 0
