1752948676933 0.76355 1
1752948696719 0.65297 2
1752948716619 0.59234 3
1752948735887 0.53122 4
1752948754885 0.47512 5
1752948773691 0.41776 6
1752948792470 0.366 7
1752948811170 0.31898 8
1752948830101 0.27709 9
1752948849027 0.24083 10
1752948868189 0.20944 11
1752948887179 0.18299 12
1752948906189 0.16126 13
1752948924909 0.14192 14
1752948943952 0.12604 15
1752948963103 0.11263 16
1752948981697 0.10075 17
1752949000897 0.08871 18
1752949019694 0.07972 19
1752949038972 0.07249 20
1752949058371 0.06651 21
1752949077415 0.06149 22
1752949095766 0.05709 23
1752949114592 0.05332 24
1752949133319 0.05033 25
1752949151937 0.04722 26
1752949171160 0.04472 27
1752949190785 0.04251 28
1752949209952 0.04053 29
1752949229032 0.03881 30
1752949247898 0.03722 31
1752949266898 0.03585 32
1752949285920 0.03458 33
1752949305097 0.03345 34
1752949325209 0.03244 35
1752949344141 0.03153 36
1752949362964 0.03068 37
1752949381105 0.02996 38
1752949399603 0.02927 39
1752949417865 0.02862 40
1752949435950 0.02802 41
1752949453936 0.02748 42
1752949472040 0.02701 43
1752949490325 0.02651 44
1752949509005 0.02613 45
1752949527882 0.0257 46
1752949547020 0.02533 47
1752949565895 0.02497 48
1752949584557 0.02463 49
1752949602999 0.02433 50
1752949622083 0.02403 51
1752949640485 0.02379 52
1752949659640 0.02351 53
1752949677781 0.02331 54
1752949696037 0.02307 55
1752949715082 0.02286 56
1752949733852 0.02276 57
1752949752429 0.02247 58
1752949771181 0.02228 59
1752949789883 0.02213 60
1752949808760 0.02199 61
1752949827695 0.02183 62
1752949846629 0.02171 63
1752949865571 0.02157 64
1752949884626 0.02143 65
1752949903661 0.02126 66
1752949922917 0.02111 67
1752949941788 0.02099 68
1752949961101 0.02092 69
1752949979980 0.02079 70
1752949998872 0.02071 71
1752950018543 0.02065 72
1752950037443 0.02053 73
1752950056427 0.02045 74
1752950075225 0.02035 75
1752950094245 0.02024 76
1752950113033 0.02014 77
1752950132081 0.02015 78
1752950150854 0.02002 79
1752950170360 0.01993 80
1752950189161 0.01986 81
1752950208508 0.01982 82
1752950226739 0.01979 83
1752950246067 0.01969 84
1752950265517 0.01962 85
1752950284188 0.01956 86
1752950303195 0.01951 87
1752950321942 0.01945 88
1752950341115 0.01939 89
1752950360016 0.01937 90
1752950378711 0.01929 91
1752950398007 0.01926 92
1752950416826 0.0192 93
1752950435711 0.01916 94
1752950454541 0.01912 95
1752950474106 0.0191 96
1752950493054 0.01902 97
1752950512373 0.01903 98
1752950531319 0.01896 99
1752950549939 0.01892 100
1752950568636 0.01891 101
1752950587972 0.01882 102
1752950606723 0.01883 103
1752950625575 0.01877 104
1752950644720 0.01873 105
1752950663596 0.01875 106
1752950682546 0.01869 107
1752950701420 0.01866 108
1752950720271 0.01862 109
1752950739522 0.01858 110
1752950758224 0.01853 111
1752950776999 0.0185 112
1752950795808 0.01849 113
1752950814835 0.01849 114
1752950833324 0.01844 115
1752950852002 0.01838 116
1752950870963 0.01838 117
1752950889396 0.01837 118
1752950908201 0.01834 119
1752950926557 0.0183 120
1752950945068 0.01827 121
1752950964235 0.01821 122
1752950982673 0.0182 123
1752951001276 0.01819 124
1752951019881 0.01819 125
1752951038423 0.01819 126
1752951057382 0.01813 127
1752951076108 0.01811 128
1752951095177 0.01809 129
1752951113842 0.01808 130
1752951132632 0.01801 131
1752951151542 0.01803 132
1752951170585 0.01804 133
1752951189391 0.01799 134
1752951207876 0.018 135
1752951226639 0.01797 136
1752951245337 0.01795 137
1752951263806 0.01795 138
1752951282991 0.01789 139
1752951301704 0.01785 140
1752951320763 0.01784 141
1752951339502 0.01786 142
1752951358427 0.01783 143
1752951377267 0.01782 144
1752951396096 0.01781 145
1752951414748 0.0178 146
1752951433364 0.01774 147
1752951452442 0.01778 148
1752951471505 0.01769 149
1752951490604 0.01772 150
1752951509391 0.0177 151
1752951528202 0.01766 152
1752951546915 0.01769 153
1752951565905 0.01765 154
1752951585134 0.01764 155
1752951604003 0.01762 156
1752951622790 0.01762 157
1752951641688 0.01761 158
1752951660838 0.0176 159
1752951679328 0.01753 160
1752951697827 0.01761 161
1752951716726 0.01757 162
1752951735759 0.0176 163
1752951753962 0.01755 164
1752951772626 0.01755 165
1752951791762 0.01751 166
1752951810442 0.01749 167
1752951828954 0.01749 168
1752951846989 0.01747 169
1752951865201 0.01744 170
1752951883863 0.01743 171
1752951902600 0.01744 172
1752951921436 0.01744 173
1752951940584 0.01742 174
1752951959847 0.01742 175
1752951979155 0.01741 176
1752951998070 0.01737 177
1752952016869 0.01736 178
1752952035619 0.01744 179
1752952054628 0.0174 180
1752952073858 0.01737 181
1752952093434 0.01736 182
1752952112484 0.01734 183
1752952131281 0.01733 184
1752952149791 0.01735 185
1752952168472 0.01733 186
1752952187242 0.01731 187
1752952205976 0.01727 188
1752952224607 0.01728 189
1752952243402 0.01728 190
1752952262639 0.01727 191
1752952281506 0.01727 192
1752952299993 0.01724 193
1752952318527 0.01723 194
1752952337104 0.01724 195
1752952355714 0.01719 196
1752952374850 0.01718 197
1752952393961 0.01721 198
1752952413130 0.01729 199
1752952432228 0.01717 200
1752952450925 0.01722 201
1752952469723 0.01719 202
1752952488595 0.01717 203
1752952507527 0.01712 204
1752952526475 0.01715 205
1752952545317 0.01713 206
1752952564599 0.01717 207
1752952583504 0.01715 208
1752952602341 0.01717 209
1752952621099 0.01715 210
1752952639899 0.01717 211
1752952658486 0.01716 212
1752952677044 0.0171 213
1752952695916 0.01712 214
1752952714545 0.01711 215
1752952733941 0.01708 216
1752952753189 0.01707 217
1752952772174 0.01706 218
1752952791018 0.01708 219
1752952809834 0.01703 220
1752952828659 0.01704 221
1752952847492 0.01707 222
1752952866220 0.01704 223
1752952884924 0.01702 224
1752952903718 0.01705 225
1752952922134 0.01703 226
1752952941454 0.01704 227
1752952960749 0.01702 228
1752952980218 0.017 229
1752952999193 0.01704 230
1752953017982 0.017 231
1752953036281 0.017 232
1752953055071 0.01704 233
1752953074189 0.01698 234
1752953092388 0.01699 235
1752953110959 0.01698 236
1752953129772 0.01695 237
1752953148446 0.01699 238
1752953167087 0.01697 239
1752953185890 0.01693 240
1752953204225 0.01694 241
1752953222949 0.01693 242
1752953242038 0.01691 243
1752953260582 0.01692 244
1752953279336 0.01693 245
1752953298138 0.01694 246
1752953317092 0.01696 247
1752953336013 0.01691 248
1752953354261 0.01695 249
1752953372853 0.0169 250
1752953391501 0.01687 251
1752953410020 0.01688 252
1752953428541 0.01689 253
1752953447077 0.01689 254
1752953465764 0.01692 255
1752953484873 0.01688 256
1752953503411 0.01689 257
1752953522197 0.01687 258
1752953540864 0.01687 259
1752953560099 0.01688 260
1752953579288 0.01685 261
1752953597957 0.01688 262
1752953616945 0.01685 263
1752953635395 0.0168 264
1752953654267 0.01682 265
1752953673339 0.01686 266
1752953692179 0.01682 267
1752953710817 0.01686 268
1752953730068 0.01686 269
1752953748888 0.01683 270
1752953767585 0.01685 271
1752953786730 0.01684 272
1752953805865 0.01681 273
1752953824449 0.01682 274
1752953842837 0.01686 275
1752953861561 0.01682 276
1752953880097 0.01686 277
1752953898637 0.01682 278
1752953917223 0.01683 279
1752953936321 0.01682 280
1752953955108 0.01679 281
1752953974217 0.0168 282
1752953993459 0.01678 283
1752954012187 0.0168 284
1752954030732 0.01678 285
1752954050031 0.0168 286
1752954068993 0.01678 287
1752954088160 0.01677 288
1752954106994 0.01678 289
1752954126660 0.01676 290
1752954145976 0.01677 291
1752954164719 0.01677 292
1752954183209 0.01674 293
1752954202110 0.01675 294
1752954221159 0.01674 295
1752954240177 0.01676 296
1752954259528 0.01675 297
1752954278410 0.01674 298
1752954297180 0.01675 299
1752954316019 0.01675 300
