1751511677586 1.0 0
1751513049073 2.0 0
1751514418507 3.0 0
1751515773257 4.0 0
1751517132047 5.0 0
1751518500254 6.0 0
1751519882443 7.0 0
1751521280233 8.0 0
1751522656841 9.0 0
1751524048690 10.0 0
1751525434063 11.0 0
1751526815172 12.0 0
1751528188165 13.0 0
1751530958845 15.0 0
1751532333210 16.0 0
1751533692968 17.0 0
1751535053636 18.0 0
1751537778201 20.0 0
1751539148152 21.0 0
1751541880933 23.0 0
1751548737723 28.0 0
1751550105108 29.0 0
1751553046048 31.0 0
1751555796304 33.0 0
1751557181515 34.0 0
1751558566513 35.0 0
1751565464007 40.0 0
1751568271963 42.0 0
1751575197588 47.0 0
