1751510734303 0.19402 1
1751512719080 0.03736 2
1751514090752 0.02448 3
1751515444466 0.02149 4
1751516804427 0.02023 5
1751518169911 0.0196 6
1751519552125 0.01925 7
1751520947422 0.019 8
1751522324031 0.01883 9
1751523718722 0.0187 10
1751525103457 0.01862 11
1751526478743 0.01854 12
1751527853626 0.01848 13
1751529236427 0.01842 14
1751530619635 0.01838 15
1751532002441 0.01834 16
1751533363681 0.0183 17
1751534728162 0.01827 18
1751536091530 0.01825 19
1751537449410 0.01822 20
1751538818595 0.0182 21
1751540182525 0.01818 22
1751541548183 0.01816 23
1751542914569 0.01813 24
1751544293734 0.01811 25
1751545661410 0.0181 26
1751547035613 0.01808 27
1751548408137 0.01807 28
1751549771757 0.01805 29
1751551145664 0.01804 30
1751552657781 0.01803 31
1751554092862 0.01801 32
1751555465615 0.01801 33
1751556839965 0.01799 34
1751558235058 0.01798 35
1751559614525 0.01797 36
1751561018003 0.01795 37
1751562386936 0.01795 38
1751563757921 0.01793 39
1751565126393 0.01792 40
1751566554825 0.01791 41
1751567937206 0.01789 42
1751569304534 0.01789 43
1751570686734 0.01788 44
1751572101525 0.01787 45
1751573496381 0.01786 46
1751574863862 0.01785 47
1751576248574 0.01784 48
1751577623336 0.01784 49
1751578991401 0.01783 50
1751580359247 0.01782 51
1751581725786 0.01783 52
1751583097070 0.01781 53
1751584472933 0.0178 54
1751585830498 0.01778 55
1751587197150 0.01778 56
1751588563000 0.01776 57
