1753244770463 1.0 0
1753244788001 2.0 0
1753244805976 3.0 0
1753244823667 4.0 0
1753244841337 5.0 0
1753244858905 6.0 0
1753244876240 7.0 0
1753244893566 8.0 0
1753244910811 9.0 0
1753244928162 10.0 0
1753244945698 11.0 0
1753244962953 12.0 0
1753244980173 13.0 0
1753244997719 14.0 0
1753245015107 15.0 0
1753245032490 16.0 0
1753245050015 17.0 0
1753245067401 18.0 0
1753245085069 19.0 0
1753245102289 20.0 0
1753245119585 21.0 0
1753245137136 22.0 0
1753245154561 23.0 0
1753245171729 24.0 0
1753245189208 25.0 0
1753245206459 26.0 0
1753245223615 27.0 0
1753245240867 28.0 0
1753245258255 29.0 0
1753245275619 30.0 0
1753245293111 31.0 0
1753245310572 32.0 0
1753245327943 33.0 0
1753245345375 34.0 0
1753245362668 35.0 0
1753245379949 36.0 0
1753245414768 38.0 0
1753245432020 39.0 0
1753245449595 40.0 0
1753245467077 41.0 0
1753245484338 42.0 0
1753245501997 43.0 0
1753245519917 44.0 0
1753245537621 45.0 0
1753245589909 48.0 0
1753245607187 49.0 0
1753245642199 51.0 0
1753245660202 52.0 0
1753245695414 54.0 0
1753245713290 55.0 0
1753245730996 56.0 0
1753245784209 59.0 0
1753245801872 60.0 0
1753245907919 66.0 0
1753245925850 67.0 0
1753245978960 70.0 0
1753245996553 71.0 0
1753246049672 74.0 0
1753246138236 79.0 0
1753246315184 89.0 0
1753246545073 102.0 0
