1753244756487 0.55632 1
1753244774337 0.44773 2
1753244791936 0.40103 3
1753244809928 0.36565 4
1753244827579 0.33306 5
1753244845238 0.30257 6
1753244862840 0.2743 7
1753244880138 0.24823 8
1753244897490 0.22455 9
1753244914672 0.20307 10
1753244932056 0.1839 11
1753244949606 0.16669 12
1753244966843 0.15139 13
1753244984052 0.1378 14
1753245001601 0.12577 15
1753245018978 0.11515 16
1753245036387 0.10569 17
1753245053873 0.09742 18
1753245071259 0.08975 19
1753245088941 0.0815 20
1753245106161 0.07532 21
1753245123518 0.07014 22
1753245141071 0.06551 23
1753245158445 0.06139 24
1753245175590 0.05778 25
1753245193125 0.05459 26
1753245210354 0.05176 27
1753245227527 0.04914 28
1753245244782 0.04679 29
1753245262149 0.04469 30
1753245279541 0.04278 31
1753245297086 0.04112 32
1753245314489 0.03956 33
1753245331858 0.03813 34
1753245349268 0.03689 35
1753245366614 0.03569 36
1753245383915 0.03466 37
1753245401283 0.03369 38
1753245418665 0.03278 39
1753245435914 0.03192 40
1753245453507 0.03114 41
1753245470976 0.03043 42
1753245488228 0.02981 43
1753245505891 0.02922 44
1753245523845 0.02866 45
1753245541509 0.02809 46
1753245558912 0.02756 47
1753245576389 0.02707 48
1753245593843 0.02665 49
1753245611106 0.02618 50
1753245628232 0.02579 51
1753245646165 0.02545 52
1753245664111 0.02505 53
1753245681554 0.02474 54
1753245699346 0.02441 55
1753245717186 0.02412 56
1753245734926 0.02382 57
1753245752531 0.02355 58
1753245770233 0.02336 59
1753245788110 0.02308 60
1753245805762 0.0229 61
1753245823381 0.02264 62
1753245841209 0.02243 63
1753245858827 0.02225 64
1753245876440 0.02206 65
1753245894130 0.02193 66
1753245911903 0.02172 67
1753245929791 0.02155 68
1753245947415 0.02146 69
1753245965086 0.02127 70
1753245982832 0.02116 71
1753246000468 0.02099 72
1753246018039 0.02084 73
1753246035667 0.02077 74
1753246053626 0.02062 75
1753246071261 0.02059 76
1753246088956 0.02044 77
1753246106794 0.02031 78
1753246124467 0.0202 79
1753246142090 0.02015 80
1753246159637 0.02009 81
1753246177316 0.01996 82
1753246195138 0.01992 83
1753246212764 0.01983 84
1753246230425 0.01981 85
1753246248212 0.01973 86
1753246265872 0.01964 87
1753246283459 0.01956 88
1753246301162 0.01952 89
1753246319115 0.0194 90
1753246336737 0.01934 91
1753246354386 0.01939 92
1753246372243 0.01929 93
1753246389948 0.01919 94
1753246407521 0.01917 95
1753246425113 0.01911 96
1753246442929 0.01908 97
1753246460559 0.019 98
1753246478388 0.01893 99
1753246495931 0.01894 100
1753246513534 0.01894 101
1753246531309 0.01888 102
1753246548914 0.01886 103
1753246566418 0.0188 104
1753246584045 0.01875 105
1753246601636 0.0187 106
1753246619516 0.0187 107
1753246637180 0.01869 108
1753246654849 0.01867 109
1753246672606 0.01863 110
1753246690179 0.0185 111
1753246707712 0.01854 112
1753246725296 0.01855 113
1753246743070 0.01846 114
1753246760600 0.01843 115
1753246778155 0.01837 116
1753246795888 0.01838 117
1753246813428 0.01839 118
1753246830933 0.01833 119
1753246848440 0.01835 120
1753246865980 0.01831 121
1753246883726 0.01829 122
1753246901252 0.01828 123
1753246918806 0.01825 124
1753246936514 0.01824 125
1753246954042 0.01816 126
1753246971600 0.01815 127
1753246989249 0.01815 128
1753247007076 0.01812 129
1753247024704 0.01809 130
1753247042441 0.01809 131
1753247060245 0.018 132
1753247077845 0.01806 133
1753247095487 0.01804 134
1753247113091 0.018 135
1753247130751 0.01801 136
1753247148561 0.01798 137
1753247166227 0.01801 138
1753247183501 0.01793 139
1753247201047 0.01791 140
1753247218114 0.01789 141
1753247235441 0.01788 142
1753247253026 0.01788 143
1753247270283 0.0179 144
1753247288031 0.01786 145
1753247305726 0.01783 146
1753247323790 0.01786 147
1753247341400 0.01787 148
1753247359075 0.01779 149
1753247376704 0.0178 150
1753247394576 0.01779 151
1753247412470 0.01782 152
1753247430134 0.01778 153
1753247447813 0.01774 154
1753247465693 0.01776 155
1753247483433 0.01773 156
1753247500994 0.01765 157
1753247518593 0.01771 158
1753247536296 0.0176 159
1753247554044 0.01767 160
1753247571604 0.01761 161
1753247589322 0.01769 162
1753247607007 0.01769 163
1753247624640 0.01765 164
1753247642374 0.01761 165
1753247659977 0.01756 166
1753247677754 0.01756 167
1753247695314 0.01754 168
1753247712964 0.01757 169
1753247730507 0.01758 170
1753247748389 0.01755 171
1753247766224 0.01757 172
1753247783845 0.01753 173
1753247801358 0.01751 174
1753247818982 0.0175 175
1753247836501 0.01744 176
1753247854168 0.01748 177
1753247871638 0.0175 178
1753247889259 0.01747 179
1753247907168 0.01744 180
1753247924779 0.01742 181
1753247942459 0.01746 182
1753247960155 0.0175 183
1753247977845 0.01744 184
1753247995481 0.01745 185
1753248013102 0.0174 186
1753248031037 0.01741 187
1753248048662 0.01736 188
1753248066371 0.01739 189
1753248084291 0.0174 190
1753248102016 0.01733 191
1753248119835 0.01736 192
1753248137513 0.01741 193
1753248155181 0.01736 194
1753248173284 0.01735 195
1753248190956 0.01736 196
1753248208556 0.01739 197
1753248225994 0.01732 198
1753248243683 0.01732 199
1753248261123 0.01733 200
1753248278655 0.01729 201
1753248296357 0.01728 202
1753248313838 0.01722 203
1753248331320 0.01726 204
1753248348750 0.01724 205
1753248366220 0.01724 206
1753248383778 0.01723 207
1753248400812 0.01727 208
1753248418336 0.01732 209
1753248435607 0.01729 210
1753248452800 0.01721 211
1753248470317 0.01722 212
1753248487545 0.01725 213
1753248504848 0.01718 214
1753248521929 0.01721 215
1753248539323 0.01722 216
1753248556748 0.01723 217
1753248574013 0.01717 218
1753248591225 0.01718 219
1753248608512 0.01715 220
1753248625656 0.01715 221
1753248642884 0.01716 222
1753248659985 0.01715 223
1753248677265 0.01717 224
1753248694672 0.01714 225
1753248711874 0.01711 226
1753248728979 0.01711 227
1753248746316 0.01711 228
1753248763291 0.0171 229
1753248780900 0.01715 230
1753248798417 0.01709 231
1753248816155 0.01711 232
1753248833813 0.01708 233
1753248851442 0.01708 234
1753248869285 0.01712 235
1753248886919 0.01717 236
1753248904652 0.01708 237
1753248922465 0.01705 238
1753248940331 0.01709 239
1753248958166 0.01709 240
1753248975833 0.01709 241
1753248993830 0.01706 242
1753249011532 0.01711 243
1753249029147 0.01713 244
1753249047102 0.0171 245
1753249064757 0.01709 246
1753249082538 0.01703 247
1753249100184 0.01699 248
1753249117978 0.01702 249
1753249135735 0.01695 250
1753249153356 0.01703 251
1753249171381 0.01702 252
1753249189082 0.01701 253
1753249206806 0.01698 254
1753249224534 0.01701 255
1753249242292 0.01699 256
1753249260193 0.01696 257
1753249277922 0.017 258
1753249295845 0.01698 259
1753249313568 0.01698 260
1753249331344 0.01699 261
1753249349345 0.01697 262
1753249367147 0.01699 263
1753249384918 0.0169 264
1753249402947 0.01693 265
1753249420981 0.01694 266
1753249438757 0.0169 267
1753249456495 0.01696 268
1753249474299 0.01706 269
1753249491925 0.01698 270
1753249509500 0.01698 271
1753249527256 0.01698 272
1753249544876 0.01693 273
1753249562518 0.01692 274
1753249580079 0.01696 275
1753249597788 0.01689 276
1753249615404 0.0169 277
1753249633191 0.01689 278
1753249650725 0.01689 279
1753249668339 0.01691 280
1753249686112 0.0169 281
1753249703747 0.01692 282
1753249721181 0.01699 283
1753249738826 0.0169 284
1753249756436 0.01688 285
1753249773913 0.01687 286
1753249791538 0.01688 287
1753249809018 0.01685 288
1753249826492 0.01688 289
1753249844153 0.01687 290
1753249862006 0.01689 291
1753249879778 0.01688 292
1753249897749 0.01688 293
1753249915547 0.01688 294
1753249933412 0.01688 295
1753249950884 0.01693 296
1753249968389 0.0169 297
1753249985702 0.01685 298
1753250003093 0.01682 299
1753250020438 0.01689 300
