1752947418862 1.0 0
1752947436674 2.0 0
1752947454774 3.0 0
1752947472523 4.0 0
1752947490635 5.0 0
1752947509110 6.0 0
1752947527339 7.0 0
1752947545217 8.0 0
1752947563670 9.0 0
1752947582015 10.0 0
1752947600381 11.0 0
1752947618769 12.0 0
1752947637442 13.0 0
1752947655206 14.0 0
1752947673375 15.0 0
1752947691214 16.0 0
1752947709116 17.0 0
1752947727181 18.0 0
1752947745381 19.0 0
1752947764023 20.0 0
1752947782788 21.0 0
1752947800632 22.0 0
1752947818440 23.0 0
1752947837298 24.0 0
1752947855749 25.0 0
1752947874039 26.0 0
1752947892490 27.0 0
1752947910600 28.0 0
1752947929279 29.0 0
1752947947773 30.0 0
1752947966052 31.0 0
1752947984453 32.0 0
1752948003207 33.0 0
1752948021679 34.0 0
1752948039943 35.0 0
1752948058416 36.0 0
1752948076471 37.0 0
1752948095056 38.0 0
1752948113735 39.0 0
1752948132539 40.0 0
1752948150388 41.0 0
1752948169006 42.0 0
1752948187285 43.0 0
1752948205248 44.0 0
1752948223239 45.0 0
1752948242066 46.0 0
1752948259997 47.0 0
1752948278335 48.0 0
1752948296224 49.0 0
1752948314546 50.0 0
1752948333063 51.0 0
1752948350999 52.0 0
1752948369328 53.0 0
1752948387413 54.0 0
1752948405867 55.0 0
1752948424474 56.0 0
1752948442666 57.0 0
1752948461011 58.0 0
1752948479118 59.0 0
1752948516132 61.0 0
1752948534508 62.0 0
1752948552854 63.0 0
1752948571120 64.0 0
1752948589467 65.0 0
1752948607153 66.0 0
1752948625623 67.0 0
1752948661226 69.0 0
1752948679106 70.0 0
1752948697843 71.0 0
1752948716285 72.0 0
1752948734780 73.0 0
1752948808036 77.0 0
1752948843883 79.0 0
1752948898846 82.0 0
1752948990083 87.0 0
1752949080360 92.0 0
1752949153395 96.0 0
1752949171693 97.0 0
1752949300801 104.0 0
1752949428485 111.0 0
1752949958742 140.0 0
