1752947404522 0.81658 1
1752947422853 0.67354 2
1752947440705 0.61954 3
1752947458699 0.57113 4
1752947476560 0.52603 5
1752947494671 0.48428 6
1752947513119 0.44535 7
1752947531362 0.40891 8
1752947549212 0.37548 9
1752947567653 0.34432 10
1752947585985 0.31672 11
1752947604296 0.28995 12
1752947622648 0.26511 13
1752947641337 0.24172 14
1752947659120 0.22048 15
1752947677333 0.20204 16
1752947695174 0.18536 17
1752947713024 0.17068 18
1752947731080 0.15725 19
1752947749336 0.1456 20
1752947768037 0.13486 21
1752947786689 0.12502 22
1752947804656 0.11658 23
1752947822470 0.10904 24
1752947841312 0.10187 25
1752947859778 0.09553 26
1752947878044 0.08977 27
1752947896493 0.08481 28
1752947914540 0.08006 29
1752947933267 0.07582 30
1752947951727 0.07194 31
1752947970056 0.06833 32
1752947988427 0.06514 33
1752948007174 0.06222 34
1752948025616 0.05951 35
1752948043906 0.05705 36
1752948062350 0.05469 37
1752948080403 0.05299 38
1752948099080 0.05006 39
1752948117699 0.04726 40
1752948136459 0.04547 41
1752948154319 0.04393 42
1752948173004 0.04252 43
1752948191291 0.04143 44
1752948209277 0.04032 45
1752948227228 0.03899 46
1752948246057 0.03801 47
1752948263976 0.03695 48
1752948282314 0.03604 49
1752948300214 0.03527 50
1752948318513 0.03447 51
1752948337056 0.03368 52
1752948354965 0.03302 53
1752948373291 0.03243 54
1752948391323 0.0319 55
1752948409818 0.03128 56
1752948428425 0.03069 57
1752948446651 0.03017 58
1752948464984 0.0297 59
1752948483097 0.02926 60
1752948501561 0.0288 61
1752948520114 0.02838 62
1752948538484 0.02801 63
1752948556786 0.02763 64
1752948575053 0.02723 65
1752948593392 0.02697 66
1752948611114 0.02661 67
1752948629587 0.02633 68
1752948647354 0.0261 69
1752948665238 0.02578 70
1752948683110 0.0255 71
1752948701815 0.0253 72
1752948720252 0.02505 73
1752948738702 0.02489 74
1752948757297 0.02462 75
1752948775469 0.02432 76
1752948793807 0.02416 77
1752948812039 0.02394 78
1752948829830 0.02378 79
1752948847834 0.02358 80
1752948866276 0.02341 81
1752948884602 0.02325 82
1752948902786 0.02306 83
1752948920787 0.02296 84
1752948938867 0.02278 85
1752948957230 0.02261 86
1752948975748 0.02251 87
1752948994036 0.02242 88
1752949012025 0.02223 89
1752949030554 0.02213 90
1752949048525 0.02199 91
1752949066818 0.02187 92
1752949084287 0.02174 93
1752949102375 0.02169 94
1752949120494 0.02157 95
1752949138987 0.02145 96
1752949157326 0.02134 97
1752949175719 0.02128 98
1752949193880 0.02118 99
1752949212195 0.02106 100
1752949230560 0.021 101
1752949249033 0.02087 102
1752949267703 0.02077 103
1752949286410 0.02075 104
1752949304782 0.02063 105
1752949323030 0.02063 106
1752949340972 0.02053 107
1752949358993 0.02042 108
1752949377393 0.02033 109
1752949395921 0.02023 110
1752949414203 0.02022 111
1752949432476 0.02015 112
1752949450473 0.02011 113
1752949468911 0.02004 114
1752949487229 0.02002 115
1752949505433 0.01989 116
1752949523799 0.0199 117
1752949542221 0.01975 118
1752949560515 0.01973 119
1752949578718 0.01969 120
1752949596927 0.01967 121
1752949614999 0.01959 122
1752949633569 0.01953 123
1752949651462 0.01951 124
1752949669855 0.01944 125
1752949688416 0.01941 126
1752949706299 0.01936 127
1752949724603 0.01932 128
1752949743138 0.01928 129
1752949761147 0.01925 130
1752949779341 0.0192 131
1752949798002 0.01917 132
1752949816810 0.01913 133
1752949835112 0.01908 134
1752949853284 0.01905 135
1752949871875 0.01901 136
1752949890672 0.01896 137
1752949908452 0.01895 138
1752949926769 0.01893 139
1752949944389 0.0189 140
1752949962743 0.01888 141
1752949981055 0.01886 142
1752949999129 0.01875 143
1752950017345 0.01876 144
1752950035708 0.01873 145
1752950054056 0.01866 146
1752950071958 0.01861 147
1752950089698 0.01861 148
1752950108137 0.01861 149
1752950126588 0.01862 150
1752950144784 0.01855 151
1752950163634 0.01853 152
1752950181652 0.01855 153
1752950200031 0.01846 154
1752950217947 0.01845 155
1752950235859 0.01845 156
1752950254659 0.01839 157
1752950272788 0.01837 158
1752950291055 0.01833 159
1752950309462 0.01837 160
1752950327873 0.01828 161
1752950346116 0.01823 162
1752950364038 0.01822 163
1752950382528 0.01824 164
1752950400563 0.01824 165
1752950418559 0.01821 166
1752950437285 0.01819 167
1752950456162 0.01813 168
1752950474453 0.01809 169
1752950492376 0.01809 170
1752950510495 0.01807 171
1752950528303 0.01804 172
1752950546601 0.01802 173
1752950564965 0.01804 174
1752950582622 0.018 175
1752950600599 0.01802 176
1752950619519 0.01796 177
1752950637743 0.01792 178
1752950656337 0.01796 179
1752950674504 0.0179 180
1752950692599 0.01789 181
1752950711042 0.01785 182
1752950729072 0.01788 183
1752950747987 0.01784 184
1752950766121 0.0178 185
1752950784203 0.01782 186
1752950802039 0.01781 187
1752950820380 0.01775 188
1752950838331 0.01779 189
1752950856327 0.01779 190
1752950874256 0.01777 191
1752950892332 0.01774 192
1752950910531 0.0177 193
1752950928832 0.01773 194
1752950947957 0.01771 195
1752950966418 0.01766 196
1752950984502 0.01762 197
1752951002809 0.01762 198
1752951020782 0.0177 199
1752951038865 0.01764 200
1752951057666 0.01769 201
1752951076120 0.01759 202
1752951094385 0.01756 203
1752951112799 0.01755 204
1752951130437 0.01755 205
1752951148739 0.01759 206
1752951167004 0.01754 207
1752951185128 0.01752 208
1752951203685 0.0175 209
1752951222496 0.01751 210
1752951240755 0.01748 211
1752951258635 0.0175 212
1752951277274 0.01748 213
1752951295874 0.01752 214
1752951313742 0.01747 215
1752951332514 0.01743 216
1752951350878 0.01742 217
1752951369035 0.01741 218
1752951386751 0.01742 219
1752951404990 0.01741 220
1752951423484 0.01739 221
1752951441957 0.01737 222
1752951460438 0.01739 223
1752951478916 0.01737 224
1752951497150 0.01739 225
1752951515408 0.01737 226
1752951533558 0.01733 227
1752951551443 0.01731 228
1752951569810 0.01729 229
1752951588308 0.01728 230
1752951606299 0.0173 231
1752951624693 0.01727 232
1752951642591 0.01729 233
1752951661510 0.01723 234
1752951680563 0.0172 235
1752951699057 0.01728 236
1752951717530 0.01725 237
1752951735860 0.01725 238
1752951754095 0.01728 239
1752951771563 0.01724 240
1752951790096 0.0172 241
1752951807868 0.01722 242
1752951826229 0.0172 243
1752951844373 0.01718 244
1752951862511 0.01716 245
1752951881050 0.01716 246
1752951899634 0.01718 247
1752951917587 0.01713 248
1752951935774 0.01715 249
1752951954411 0.01712 250
1752951972403 0.01709 251
1752951990622 0.01712 252
1752952008773 0.0171 253
1752952026996 0.01711 254
1752952045456 0.01707 255
1752952063808 0.01709 256
1752952082233 0.0171 257
1752952100926 0.01712 258
1752952119112 0.01715 259
1752952137254 0.01707 260
1752952155443 0.0171 261
1752952173237 0.01708 262
1752952191830 0.01705 263
1752952210547 0.01704 264
1752952228886 0.01704 265
1752952246699 0.01706 266
1752952264810 0.01706 267
1752952283482 0.01703 268
1752952301984 0.01703 269
1752952320218 0.01704 270
1752952338734 0.01702 271
1752952357045 0.01703 272
1752952375084 0.01699 273
1752952393220 0.01702 274
1752952411853 0.01697 275
1752952430098 0.01698 276
1752952447873 0.01701 277
1752952465338 0.017 278
1752952483811 0.01698 279
1752952501866 0.017 280
1752952520134 0.01698 281
1752952538544 0.0169 282
1752952556860 0.01694 283
1752952575287 0.01695 284
1752952593751 0.01696 285
1752952612153 0.01694 286
1752952630920 0.01694 287
1752952649117 0.01695 288
1752952667404 0.01694 289
1752952685661 0.01691 290
1752952704129 0.01695 291
1752952722492 0.01692 292
1752952740766 0.01691 293
1752952758857 0.01695 294
1752952776769 0.01693 295
1752952795131 0.01692 296
1752952813490 0.01694 297
1752952831723 0.01695 298
1752952849885 0.01692 299
1752952868058 0.01687 300
