1753354148377 1.0 0
1753354165309 2.0 0
1753354182321 3.0 0
1753354199080 4.0 0
1753354215799 5.0 0
1753354232811 6.0 0
1753354250340 7.0 0
1753354267562 8.0 0
1753354285458 9.0 0
1753354302356 10.0 0
1753354319354 11.0 0
1753354336279 12.0 0
1753354353069 13.0 0
1753354369923 14.0 0
1753354386690 15.0 0
1753354403925 16.0 0
1753354420758 17.0 0
1753354437650 18.0 0
1753354454527 19.0 0
1753354471515 20.0 0
1753354488240 21.0 0
1753354505051 22.0 0
1753354521750 23.0 0
1753354538966 24.0 0
1753354555639 25.0 0
1753354572348 26.0 0
1753354605863 28.0 0
1753354622587 29.0 0
1753354656275 31.0 0
1753354673480 32.0 0
1753354707210 34.0 0
1753354723961 35.0 0
1753354740754 36.0 0
1753354757484 37.0 0
1753354774109 38.0 0
1753354790866 39.0 0
1753354824807 41.0 0
1753354891393 45.0 0
1753354992425 51.0 0
