1753354135283 0.52851 1
1753354154195 0.41551 2
1753354171095 0.35018 3
1753354188056 0.29388 4
1753354204740 0.24613 5
1753354221592 0.20617 6
1753354238494 0.17334 7
1753354256107 0.14662 8
1753354273281 0.12494 9
1753354291201 0.10494 10
1753354308084 0.08952 11
1753354325125 0.07794 12
1753354341993 0.0687 13
1753354358849 0.06127 14
1753354375633 0.0552 15
1753354392343 0.05023 16
1753354409554 0.04613 17
1753354426537 0.04271 18
1753354443390 0.03986 19
1753354460269 0.0374 20
1753354477214 0.03533 21
1753354494006 0.03356 22
1753354510789 0.03202 23
1753354527384 0.0307 24
1753354544627 0.02954 25
1753354561324 0.02852 26
1753354577972 0.02763 27
1753354594804 0.02686 28
1753354611561 0.02615 29
1753354628357 0.02548 30
1753354644966 0.02498 31
1753354661934 0.02446 32
1753354679228 0.02397 33
1753354696266 0.02354 34
1753354712946 0.0232 35
1753354729624 0.02284 36
1753354746397 0.02254 37
1753354763096 0.02225 38
1753354779828 0.02199 39
1753354796597 0.02172 40
1753354813225 0.02148 41
1753354830478 0.02126 42
1753354847070 0.02111 43
1753354863900 0.02093 44
1753354880422 0.02073 45
1753354897047 0.0206 46
1753354913778 0.02047 47
1753354930585 0.0203 48
1753354947875 0.0202 49
1753354964654 0.02011 50
1753354981345 0.01996 51
1753354998121 0.01985 52
1753355015118 0.01973 53
1753355031913 0.01964 54
1753355048614 0.01959 55
1753355065307 0.01951 56
1753355082329 0.01941 57
1753355099730 0.01934 58
1753355116308 0.01926 59
1753355133158 0.01916 60
1753355149884 0.01899 61
1753355166546 0.01892 62
1753355183677 0.01891 63
1753355200740 0.01887 64
1753355218148 0.01885 65
1753355235316 0.01885 66
1753355252068 0.01882 67
1753355268783 0.01879 68
1753355285609 0.0188 69
1753355302913 0.01874 70
1753355319608 0.01872 71
1753355336232 0.01872 72
1753355352850 0.01872 73
1753355369484 0.01871 74
1753355386481 0.01869 75
1753355403261 0.01869 76
1753355419954 0.01868 77
1753355436741 0.01868 78
1753355453492 0.01867 79
1753355470285 0.01868 80
1753355486958 0.01867 81
1753355504077 0.01866 82
1753355520760 0.01867 83
1753355537450 0.01866 84
1753355554584 0.01867 85
1753355571302 0.01865 86
1753355587807 0.01866 87
1753355604488 0.01866 88
1753355621726 0.01865 89
1753355638480 0.01865 90
1753355655195 0.01865 91
1753355671990 0.01866 92
1753355688771 0.01865 93
1753355705863 0.01864 94
1753355722580 0.01866 95
1753355739472 0.01865 96
1753355756160 0.01863 97
1753355772914 0.01867 98
1753355789978 0.01865 99
1753355806777 0.01867 100
1753355823583 0.01865 101
1753355840364 0.01864 102
1753355857115 0.01867 103
1753355873895 0.01865 104
1753355890917 0.01864 105
1753355907817 0.01864 106
1753355924659 0.01865 107
1753355941563 0.01865 108
1753355958258 0.01864 109
1753355975618 0.01864 110
1753355992381 0.01864 111
1753356009258 0.01866 112
1753356025981 0.01864 113
1753356042946 0.01866 114
1753356059726 0.01866 115
1753356076523 0.01864 116
1753356093248 0.01865 117
1753356110425 0.01865 118
1753356127493 0.01863 119
1753356144241 0.01864 120
1753356160794 0.01864 121
1753356177361 0.01865 122
1753356194289 0.01864 123
1753356210845 0.01865 124
1753356227455 0.01863 125
1753356244163 0.01864 126
1753356260801 0.01864 127
1753356277454 0.01866 128
1753356294253 0.01864 129
1753356311144 0.01865 130
1753356327842 0.01865 131
1753356344334 0.01864 132
1753356360978 0.01864 133
1753356378076 0.01863 134
1753356394975 0.01863 135
1753356411585 0.01864 136
1753356428239 0.01865 137
1753356445242 0.01864 138
1753356462039 0.01864 139
1753356479087 0.01865 140
1753356495880 0.01864 141
1753356512578 0.01864 142
1753356529682 0.01863 143
1753356546361 0.01865 144
1753356563276 0.01863 145
1753356579982 0.01862 146
1753356596676 0.01863 147
1753356613892 0.01864 148
1753356630671 0.01863 149
1753356647542 0.01863 150
1753356664306 0.01864 151
1753356681073 0.01863 152
1753356697659 0.01865 153
1753356714336 0.01864 154
1753356731150 0.01862 155
1753356748236 0.01864 156
1753356764902 0.01865 157
1753356782335 0.01864 158
1753356799136 0.01865 159
1753356816016 0.01863 160
1753356832882 0.01864 161
1753356849602 0.01864 162
1753356866947 0.01863 163
1753356883597 0.01864 164
1753356900278 0.01861 165
1753356917328 0.01863 166
1753356933888 0.01864 167
1753356951047 0.01863 168
1753356967785 0.01863 169
1753356984344 0.01862 170
1753357001143 0.01864 171
1753357018131 0.01863 172
1753357034820 0.01862 173
1753357051485 0.01861 174
1753357068152 0.01862 175
1753357084975 0.01862 176
1753357101797 0.01863 177
1753357118665 0.01862 178
1753357135595 0.01861 179
1753357152275 0.01862 180
1753357169049 0.01859 181
1753357185984 0.01861 182
1753357203367 0.01863 183
1753357220106 0.01861 184
1753357236918 0.01862 185
1753357253570 0.01862 186
1753357270668 0.01862 187
1753357287452 0.01861 188
1753357304192 0.01861 189
1753357320941 0.01862 190
1753357338404 0.01862 191
1753357355413 0.01861 192
1753357372425 0.01861 193
1753357389160 0.01862 194
1753357405909 0.01863 195
1753357422695 0.01862 196
1753357440033 0.01861 197
1753357456779 0.01861 198
1753357473409 0.01859 199
1753357490136 0.01861 200
1753357506803 0.01861 201
1753357523542 0.0186 202
1753357540221 0.01861 203
1753357557148 0.01861 204
1753357573924 0.0186 205
1753357590611 0.01862 206
1753357607634 0.0186 207
1753357624293 0.01861 208
1753357641078 0.01861 209
1753357657821 0.01861 210
1753357674433 0.0186 211
1753357691627 0.01861 212
1753357708467 0.01861 213
1753357725352 0.01859 214
1753357742151 0.01861 215
1753357758841 0.0186 216
1753357775892 0.01859 217
1753357792590 0.0186 218
1753357809367 0.01861 219
1753357826057 0.01861 220
1753357843078 0.0186 221
1753357859928 0.0186 222
1753357876790 0.0186 223
1753357893617 0.0186 224
1753357910414 0.01859 225
1753357927185 0.0186 226
1753357943868 0.01859 227
1753357960480 0.01859 228
1753357977232 0.0186 229
1753357993914 0.01858 230
1753358010734 0.01861 231
1753358027901 0.0186 232
1753358045011 0.01859 233
1753358061666 0.0186 234
1753358078410 0.01859 235
1753358095367 0.01859 236
1753358112056 0.01858 237
1753358128822 0.01859 238
1753358145637 0.0186 239
1753358162290 0.01858 240
1753358179471 0.0186 241
1753358196123 0.01859 242
1753358212878 0.01858 243
1753358229657 0.01859 244
1753358246282 0.01859 245
1753358263613 0.01859 246
1753358280499 0.01858 247
1753358297544 0.01857 248
1753358314188 0.01859 249
1753358330912 0.01858 250
1753358347701 0.01856 251
1753358364344 0.01857 252
1753358381193 0.01859 253
1753358397895 0.01859 254
1753358414603 0.0186 255
1753358431808 0.01859 256
1753358448464 0.01858 257
1753358465963 0.01857 258
1753358483040 0.01857 259
1753358499715 0.01857 260
1753358516802 0.01857 261
1753358533564 0.01858 262
1753358550151 0.01857 263
1753358566799 0.01856 264
1753358583408 0.01857 265
1753358600535 0.01857 266
1753358617338 0.01858 267
1753358634580 0.01858 268
1753358651342 0.01858 269
1753358668209 0.01857 270
1753358684892 0.01857 271
1753358701522 0.0186 272
1753358718209 0.01857 273
1753358734861 0.01857 274
1753358751621 0.01856 275
1753358768294 0.01857 276
1753358785076 0.01859 277
1753358801756 0.01858 278
1753358818588 0.01857 279
1753358835295 0.01858 280
1753358852472 0.01859 281
1753358869205 0.01856 282
1753358886001 0.01857 283
1753358903085 0.01857 284
1753358920278 0.01858 285
1753358937086 0.01859 286
1753358953713 0.01856 287
1753358970391 0.01857 288
1753358986998 0.01855 289
1753359003973 0.01857 290
1753359020767 0.01857 291
1753359037302 0.01857 292
1753359054071 0.01858 293
1753359070962 0.01854 294
1753359088162 0.01855 295
1753359104846 0.01856 296
1753359121552 0.01856 297
1753359138261 0.01858 298
1753359154981 0.01857 299
1753359171699 0.01857 300
