1753354148383 0.0010000000474974513 1
1753354165315 0.0010000000474974513 2
1753354182328 0.0010000000474974513 3
1753354199086 0.0010000000474974513 4
1753354215805 0.0010000000474974513 5
1753354232816 0.0010000000474974513 6
1753354250346 0.0010000000474974513 7
1753354267571 0.0010000000474974513 8
1753354285466 0.0010000000474974513 9
1753354302364 0.0010000000474974513 10
1753354319360 0.0010000000474974513 11
1753354336285 0.0010000000474974513 12
1753354353076 0.0010000000474974513 13
1753354369928 0.0010000000474974513 14
1753354386696 0.0010000000474974513 15
1753354403932 0.0010000000474974513 16
1753354420765 0.0010000000474974513 17
1753354437658 0.0010000000474974513 18
1753354454535 0.0010000000474974513 19
1753354471522 0.0010000000474974513 20
1753354488245 0.0010000000474974513 21
1753354505057 0.0010000000474974513 22
1753354521755 0.0010000000474974513 23
1753354538971 0.0010000000474974513 24
1753354555649 0.0010000000474974513 25
1753354572358 0.0010000000474974513 26
1753354589120 0.0010000000474974513 27
1753354605870 0.0010000000474974513 28
1753354622596 0.0010000000474974513 29
1753354639361 0.0010000000474974513 30
1753354656281 0.0010000000474974513 31
1753354673485 0.0010000000474974513 32
1753354690639 0.0010000000474974513 33
1753354707216 0.0010000000474974513 34
1753354723966 0.0010000000474974513 35
1753354740762 0.0010000000474974513 36
1753354757492 0.0010000000474974513 37
1753354774117 0.0010000000474974513 38
1753354790871 0.0010000000474974513 39
1753354807561 0.0010000000474974513 40
1753354824812 0.0010000000474974513 41
1753354841423 0.0010000000474974513 42
1753354858244 0.0010000000474974513 43
1753354874827 0.0010000000474974513 44
1753354891402 0.0010000000474974513 45
1753354908121 0.0010000000474974513 46
1753354924856 0.0010000000474974513 47
1753354942191 0.0010000000474974513 48
1753354958951 0.0010000000474974513 49
1753354975610 0.0010000000474974513 50
1753354992431 0.0010000000474974513 51
1753355009375 0.0010000000474974513 52
1753355026121 0.0010000000474974513 53
1753355042920 0.0010000000474974513 54
1753355059609 0.0010000000474974513 55
1753355076680 0.0010000000474974513 56
1753355093683 0.0010000000474974513 57
1753355110646 0.0010000000474974513 58
1753355127432 0.0010000000474974513 59
1753355144172 0.00020000000949949026 60
1753355160881 0.00020000000949949026 61
1753355177917 0.00020000000949949026 62
1753355195117 0.00020000000949949026 63
1753355211794 0.00020000000949949026 64
1753355229581 0.00020000000949949026 65
1753355246326 0.00020000000949949026 66
1753355263059 0.00020000000949949026 67
1753355279868 0.00020000000949949026 68
1753355297150 4.0000002627493814e-05 69
1753355313921 4.0000002627493814e-05 70
1753355330610 4.0000002627493814e-05 71
1753355347222 4.0000002627493814e-05 72
1753355363838 4.0000002627493814e-05 73
1753355380835 4.0000002627493814e-05 74
1753355397599 4.0000002627493814e-05 75
1753355414269 4.0000002627493814e-05 76
1753355431053 4.0000002627493814e-05 77
1753355447831 8.000000889296643e-06 78
1753355464524 8.000000889296643e-06 79
1753355481391 8.000000889296643e-06 80
1753355498388 8.000000889296643e-06 81
1753355515053 8.000000889296643e-06 82
1753355531817 8.000000889296643e-06 83
1753355548970 8.000000889296643e-06 84
1753355565580 8.000000889296643e-06 85
1753355582215 8.000000889296643e-06 86
1753355598817 1.6000001323845936e-06 87
1753355616049 1.6000001323845936e-06 88
1753355632788 1.6000001323845936e-06 89
1753355649547 1.6000001323845936e-06 90
1753355666241 1.6000001323845936e-06 91
1753355682967 1.6000001323845936e-06 92
1753355700158 1.6000001323845936e-06 93
1753355716878 1.6000001323845936e-06 94
1753355733734 1.6000001323845936e-06 95
1753355750529 9.999999974752427e-07 96
1753355767191 9.999999974752427e-07 97
1753355784241 9.999999974752427e-07 98
1753355801034 9.999999974752427e-07 99
1753355817858 9.999999974752427e-07 100
1753355834610 9.999999974752427e-07 101
1753355851457 9.999999974752427e-07 102
1753355868145 9.999999974752427e-07 103
1753355885144 9.999999974752427e-07 104
1753355902113 9.999999974752427e-07 105
1753355918924 9.999999974752427e-07 106
1753355935842 9.999999974752427e-07 107
1753355952537 9.999999974752427e-07 108
1753355969878 9.999999974752427e-07 109
1753355986654 9.999999974752427e-07 110
1753356003531 9.999999974752427e-07 111
1753356020335 9.999999974752427e-07 112
1753356037349 9.999999974752427e-07 113
1753356053994 9.999999974752427e-07 114
1753356070800 9.999999974752427e-07 115
1753356087560 9.999999974752427e-07 116
1753356104676 9.999999974752427e-07 117
1753356121861 9.999999974752427e-07 118
1753356138541 9.999999974752427e-07 119
1753356155171 9.999999974752427e-07 120
1753356171724 9.999999974752427e-07 121
1753356188631 9.999999974752427e-07 122
1753356205252 9.999999974752427e-07 123
1753356221893 9.999999974752427e-07 124
1753356238471 9.999999974752427e-07 125
1753356255192 9.999999974752427e-07 126
1753356271872 9.999999974752427e-07 127
1753356288579 9.999999974752427e-07 128
1753356305446 9.999999974752427e-07 129
1753356322137 9.999999974752427e-07 130
1753356338772 9.999999974752427e-07 131
1753356355257 9.999999974752427e-07 132
1753356372503 9.999999974752427e-07 133
1753356389224 9.999999974752427e-07 134
1753356405919 9.999999974752427e-07 135
1753356422545 9.999999974752427e-07 136
1753356439674 9.999999974752427e-07 137
1753356456425 9.999999974752427e-07 138
1753356473377 9.999999974752427e-07 139
1753356490167 9.999999974752427e-07 140
1753356506912 9.999999974752427e-07 141
1753356524019 9.999999974752427e-07 142
1753356540672 9.999999974752427e-07 143
1753356557505 9.999999974752427e-07 144
1753356574326 9.999999974752427e-07 145
1753356590944 9.999999974752427e-07 146
1753356608217 9.999999974752427e-07 147
1753356624872 9.999999974752427e-07 148
1753356641883 9.999999974752427e-07 149
1753356658575 9.999999974752427e-07 150
1753356675423 9.999999974752427e-07 151
1753356692037 9.999999974752427e-07 152
1753356708683 9.999999974752427e-07 153
1753356725371 9.999999974752427e-07 154
1753356742622 9.999999974752427e-07 155
1753356759230 9.999999974752427e-07 156
1753356776568 9.999999974752427e-07 157
1753356793480 9.999999974752427e-07 158
1753356810282 9.999999974752427e-07 159
1753356827191 9.999999974752427e-07 160
1753356843880 9.999999974752427e-07 161
1753356861189 9.999999974752427e-07 162
1753356877991 9.999999974752427e-07 163
1753356894582 9.999999974752427e-07 164
1753356911618 9.999999974752427e-07 165
1753356928339 9.999999974752427e-07 166
1753356945472 9.999999974752427e-07 167
1753356962023 9.999999974752427e-07 168
1753356978736 9.999999974752427e-07 169
1753356995579 9.999999974752427e-07 170
1753357012552 9.999999974752427e-07 171
1753357029238 9.999999974752427e-07 172
1753357045834 9.999999974752427e-07 173
1753357062477 9.999999974752427e-07 174
1753357079276 9.999999974752427e-07 175
1753357096075 9.999999974752427e-07 176
1753357112927 9.999999974752427e-07 177
1753357129837 9.999999974752427e-07 178
1753357146698 9.999999974752427e-07 179
1753357163325 9.999999974752427e-07 180
1753357180388 9.999999974752427e-07 181
1753357197668 9.999999974752427e-07 182
1753357214426 9.999999974752427e-07 183
1753357231172 9.999999974752427e-07 184
1753357247950 9.999999974752427e-07 185
1753357264977 9.999999974752427e-07 186
1753357281732 9.999999974752427e-07 187
1753357298516 9.999999974752427e-07 188
1753357315245 9.999999974752427e-07 189
1753357332168 9.999999974752427e-07 190
1753357349719 9.999999974752427e-07 191
1753357366726 9.999999974752427e-07 192
1753357383515 9.999999974752427e-07 193
1753357400155 9.999999974752427e-07 194
1753357416961 9.999999974752427e-07 195
1753357434297 9.999999974752427e-07 196
1753357451099 9.999999974752427e-07 197
1753357467753 9.999999974752427e-07 198
1753357484415 9.999999974752427e-07 199
1753357501194 9.999999974752427e-07 200
1753357517841 9.999999974752427e-07 201
1753357534565 9.999999974752427e-07 202
1753357551451 9.999999974752427e-07 203
1753357568233 9.999999974752427e-07 204
1753357584912 9.999999974752427e-07 205
1753357601932 9.999999974752427e-07 206
1753357618711 9.999999974752427e-07 207
1753357635316 9.999999974752427e-07 208
1753357652062 9.999999974752427e-07 209
1753357668793 9.999999974752427e-07 210
1753357685992 9.999999974752427e-07 211
1753357702750 9.999999974752427e-07 212
1753357719711 9.999999974752427e-07 213
1753357736472 9.999999974752427e-07 214
1753357753157 9.999999974752427e-07 215
1753357770260 9.999999974752427e-07 216
1753357786934 9.999999974752427e-07 217
1753357803637 9.999999974752427e-07 218
1753357820457 9.999999974752427e-07 219
1753357837436 9.999999974752427e-07 220
1753357854214 9.999999974752427e-07 221
1753357871060 9.999999974752427e-07 222
1753357887864 9.999999974752427e-07 223
1753357904775 9.999999974752427e-07 224
1753357921441 9.999999974752427e-07 225
1753357938212 9.999999974752427e-07 226
1753357954904 9.999999974752427e-07 227
1753357971529 9.999999974752427e-07 228
1753357988203 9.999999974752427e-07 229
1753358005011 9.999999974752427e-07 230
1753358022159 9.999999974752427e-07 231
1753358039251 9.999999974752427e-07 232
1753358056060 9.999999974752427e-07 233
1753358072712 9.999999974752427e-07 234
1753358089692 9.999999974752427e-07 235
1753358106385 9.999999974752427e-07 236
1753358123112 9.999999974752427e-07 237
1753358139896 9.999999974752427e-07 238
1753358156721 9.999999974752427e-07 239
1753358173836 9.999999974752427e-07 240
1753358190421 9.999999974752427e-07 241
1753358207237 9.999999974752427e-07 242
1753358223933 9.999999974752427e-07 243
1753358240619 9.999999974752427e-07 244
1753358257864 9.999999974752427e-07 245
1753358274860 9.999999974752427e-07 246
1753358291790 9.999999974752427e-07 247
1753358308513 9.999999974752427e-07 248
1753358325253 9.999999974752427e-07 249
1753358341943 9.999999974752427e-07 250
1753358358668 9.999999974752427e-07 251
1753358375486 9.999999974752427e-07 252
1753358392230 9.999999974752427e-07 253
1753358408882 9.999999974752427e-07 254
1753358426075 9.999999974752427e-07 255
1753358442900 9.999999974752427e-07 256
1753358459785 9.999999974752427e-07 257
1753358477304 9.999999974752427e-07 258
1753358494098 9.999999974752427e-07 259
1753358511124 9.999999974752427e-07 260
1753358527816 9.999999974752427e-07 261
1753358544538 9.999999974752427e-07 262
1753358561098 9.999999974752427e-07 263
1753358577735 9.999999974752427e-07 264
1753358594908 9.999999974752427e-07 265
1753358611593 9.999999974752427e-07 266
1753358628884 9.999999974752427e-07 267
1753358645645 9.999999974752427e-07 268
1753358662493 9.999999974752427e-07 269
1753358679128 9.999999974752427e-07 270
1753358695866 9.999999974752427e-07 271
1753358712578 9.999999974752427e-07 272
1753358729264 9.999999974752427e-07 273
1753358745886 9.999999974752427e-07 274
1753358762581 9.999999974752427e-07 275
1753358779316 9.999999974752427e-07 276
1753358796112 9.999999974752427e-07 277
1753358812951 9.999999974752427e-07 278
1753358829605 9.999999974752427e-07 279
1753358846780 9.999999974752427e-07 280
1753358863475 9.999999974752427e-07 281
1753358880391 9.999999974752427e-07 282
1753358897495 9.999999974752427e-07 283
1753358914539 9.999999974752427e-07 284
1753358931326 9.999999974752427e-07 285
1753358948116 9.999999974752427e-07 286
1753358964728 9.999999974752427e-07 287
1753358981370 9.999999974752427e-07 288
1753358998331 9.999999974752427e-07 289
1753359015046 9.999999974752427e-07 290
1753359031721 9.999999974752427e-07 291
1753359048490 9.999999974752427e-07 292
1753359065277 9.999999974752427e-07 293
1753359082446 9.999999974752427e-07 294
1753359099158 9.999999974752427e-07 295
1753359115954 9.999999974752427e-07 296
1753359132617 9.999999974752427e-07 297
1753359149329 9.999999974752427e-07 298
1753359166033 9.999999974752427e-07 299
1753359182723 9.999999974752427e-07 300
