1753426304070 1.0 0
1753426319553 2.0 0
1753426334865 3.0 0
1753426350416 4.0 0
1753426365772 5.0 0
1753426381116 6.0 0
1753426396460 7.0 0
1753426411837 8.0 0
1753426427178 9.0 0
1753426442599 10.0 0
1753426458338 11.0 0
1753426473766 12.0 0
1753426489344 13.0 0
1753426504954 14.0 0
1753426520775 15.0 0
1753426536331 16.0 0
1753426551783 17.0 0
1753426567216 18.0 0
1753426583081 19.0 0
1753426598805 20.0 0
1753426629533 22.0 0
1753426645013 23.0 0
1753426660463 24.0 0
1753426691400 26.0 0
1753426706920 27.0 0
1753426738456 29.0 0
1753426754676 30.0 0
1753426770187 31.0 0
1753426847586 36.0 0
1753426894420 39.0 0
1753426925388 41.0 0
1753426956307 43.0 0
