1753426290699 0.44582 1
1753426308560 0.34355 2
1753426323963 0.27804 3
1753426339310 0.2275 4
1753426354823 0.18585 5
1753426370177 0.15244 6
1753426385475 0.12584 7
1753426400831 0.10455 8
1753426416202 0.08811 9
1753426431607 0.07543 10
1753426447061 0.06552 11
1753426462771 0.05773 12
1753426478264 0.05155 13
1753426493747 0.0466 14
1753426509334 0.04222 15
1753426525207 0.03843 16
1753426540711 0.03572 17
1753426556160 0.03351 18
1753426571591 0.0317 19
1753426587527 0.03016 20
1753426603215 0.0288 21
1753426618466 0.02767 22
1753426634015 0.02671 23
1753426649496 0.0259 24
1753426664897 0.02516 25
1753426680407 0.02454 26
1753426695853 0.02398 27
1753426711415 0.02347 28
1753426726972 0.02304 29
1753426742972 0.02265 30
1753426759142 0.02226 31
1753426774692 0.02203 32
1753426790172 0.0217 33
1753426805664 0.02143 34
1753426821084 0.02119 35
1753426836631 0.021 36
1753426852032 0.02082 37
1753426867492 0.02065 38
1753426883017 0.02051 39
1753426898836 0.02035 40
1753426914299 0.02016 41
1753426929830 0.02003 42
1753426945271 0.01983 43
1753426960777 0.01966 44
1753426976706 0.01959 45
1753426992136 0.01951 46
1753427008088 0.01943 47
1753427023534 0.01933 48
1753427038961 0.01927 49
1753427054364 0.01921 50
1753427069857 0.01915 51
1753427085301 0.01906 52
1753427100788 0.01891 53
1753427116821 0.01885 54
1753427132314 0.01881 55
1753427148090 0.01882 56
1753427163734 0.01878 57
1753427179234 0.01875 58
1753427194497 0.01873 59
1753427209981 0.01872 60
1753427225538 0.01874 61
1753427241084 0.01869 62
1753427256643 0.01865 63
1753427272211 0.01866 64
1753427288172 0.01864 65
1753427303522 0.01862 66
1753427319065 0.01864 67
1753427334617 0.01865 68
1753427350558 0.01859 69
1753427365970 0.01865 70
1753427381312 0.0186 71
1753427396841 0.01861 72
1753427412707 0.01863 73
1753427428140 0.0186 74
1753427443587 0.01859 75
1753427459523 0.01856 76
1753427475016 0.01859 77
1753427490427 0.01858 78
1753427506120 0.0186 79
1753427521921 0.01858 80
1753427537299 0.01858 81
1753427552876 0.0186 82
1753427568185 0.01856 83
1753427583611 0.0186 84
1753427599087 0.01859 85
1753427614474 0.0186 86
1753427629842 0.01861 87
1753427645210 0.01858 88
1753427661196 0.0186 89
1753427676551 0.0186 90
1753427692509 0.01859 91
1753427707875 0.01858 92
1753427723422 0.0186 93
1753427739080 0.01859 94
1753427754466 0.01857 95
1753427769699 0.01861 96
1753427785151 0.01859 97
1753427800547 0.01861 98
1753427816149 0.01862 99
1753427831479 0.0186 100
1753427847197 0.0186 101
1753427862384 0.0186 102
1753427878066 0.01857 103
1753427893290 0.01858 104
1753427908971 0.01861 105
1753427924430 0.01859 106
1753427939856 0.01858 107
1753427955320 0.01855 108
1753427970600 0.01859 109
1753427985972 0.01858 110
1753428001284 0.01861 111
1753428016785 0.01859 112
1753428032118 0.01858 113
1753428048209 0.0186 114
1753428063443 0.0186 115
1753428079337 0.01859 116
1753428094814 0.01855 117
1753428110436 0.01859 118
1753428125925 0.01857 119
1753428141174 0.01859 120
1753428156471 0.01858 121
1753428172092 0.01859 122
1753428187708 0.0186 123
1753428203534 0.01859 124
1753428219261 0.0186 125
1753428234591 0.01859 126
1753428249823 0.01858 127
1753428265351 0.01859 128
1753428280886 0.01859 129
1753428296152 0.01857 130
1753428311680 0.01858 131
1753428327130 0.01858 132
1753428342544 0.01859 133
1753428358006 0.01858 134
1753428373530 0.01859 135
1753428388787 0.01858 136
1753428404038 0.01857 137
1753428419631 0.01858 138
1753428434899 0.01859 139
1753428450659 0.01857 140
1753428466140 0.01858 141
1753428481624 0.01858 142
1753428497047 0.01859 143
1753428512528 0.0186 144
1753428528092 0.01858 145
1753428543529 0.01856 146
1753428558881 0.01858 147
1753428574114 0.01854 148
1753428589546 0.01856 149
1753428605115 0.01859 150
1753428620487 0.01858 151
1753428636449 0.01859 152
1753428651874 0.01858 153
1753428667561 0.01857 154
1753428683031 0.01858 155
1753428698453 0.01857 156
1753428714035 0.01854 157
1753428729661 0.01858 158
1753428744980 0.01857 159
1753428760508 0.01858 160
1753428776221 0.01854 161
1753428791506 0.01856 162
1753428807031 0.01859 163
1753428822428 0.01856 164
1753428838062 0.01855 165
1753428853482 0.01858 166
1753428869214 0.01855 167
1753428884663 0.01857 168
1753428900060 0.01856 169
1753428915494 0.01858 170
1753428931203 0.01858 171
1753428946527 0.01857 172
1753428961900 0.01856 173
1753428977512 0.01856 174
1753428993126 0.01857 175
1753429008678 0.01857 176
1753429024697 0.01857 177
1753429040090 0.01855 178
1753429055536 0.01856 179
1753429070979 0.01857 180
1753429086483 0.01856 181
1753429101917 0.01857 182
1753429117695 0.01855 183
1753429133184 0.01858 184
1753429148494 0.01855 185
1753429164405 0.01854 186
1753429179961 0.01856 187
1753429195283 0.01855 188
1753429210850 0.01857 189
1753429226367 0.01855 190
1753429241814 0.01855 191
1753429257496 0.01856 192
1753429272921 0.01856 193
1753429288219 0.01856 194
1753429303959 0.01856 195
1753429319372 0.01857 196
1753429334863 0.01855 197
1753429350422 0.01857 198
1753429365883 0.01855 199
1753429381389 0.01857 200
1753429397242 0.01857 201
1753429412581 0.01855 202
1753429428078 0.01853 203
1753429443641 0.01854 204
1753429459170 0.01855 205
1753429474528 0.01857 206
1753429489849 0.01858 207
1753429505285 0.01856 208
1753429521016 0.01856 209
1753429536621 0.01856 210
1753429552095 0.01855 211
1753429567482 0.01855 212
1753429582871 0.01854 213
1753429598600 0.01853 214
1753429614065 0.01854 215
1753429629937 0.01855 216
1753429645409 0.01854 217
1753429661046 0.01853 218
1753429676732 0.01854 219
1753429692529 0.01855 220
1753429707938 0.01856 221
1753429723444 0.01853 222
1753429739293 0.01855 223
1753429754985 0.01854 224
1753429770461 0.01854 225
1753429786542 0.01854 226
1753429802089 0.01856 227
1753429817544 0.01854 228
1753429832892 0.01854 229
1753429848348 0.01855 230
1753429863745 0.01855 231
1753429879084 0.01853 232
1753429894406 0.01852 233
1753429909794 0.01852 234
1753429925507 0.01853 235
1753429940961 0.01853 236
1753429956366 0.01854 237
1753429972160 0.01854 238
1753429987844 0.01854 239
1753430003310 0.01851 240
1753430019136 0.01852 241
1753430034573 0.01854 242
1753430049973 0.01853 243
1753430065607 0.01852 244
1753430081059 0.01853 245
1753430096562 0.01852 246
1753430111980 0.01854 247
1753430127571 0.01853 248
1753430142877 0.01853 249
1753430158619 0.01853 250
1753430174133 0.01852 251
1753430189515 0.01853 252
1753430204940 0.01853 253
1753430220182 0.01854 254
1753430235602 0.01853 255
1753430251001 0.01853 256
1753430266384 0.01851 257
1753430281853 0.01853 258
1753430297277 0.01855 259
1753430312826 0.01854 260
1753430328272 0.01853 261
1753430343872 0.0185 262
1753430359283 0.01853 263
1753430374590 0.0185 264
1753430390436 0.01851 265
1753430405868 0.0185 266
1753430421299 0.01851 267
1753430436658 0.01851 268
1753430452098 0.01854 269
1753430467616 0.01852 270
1753430483001 0.01854 271
1753430498529 0.01851 272
1753430514231 0.01851 273
1753430529603 0.01851 274
1753430545751 0.01849 275
1753430561121 0.01852 276
1753430576765 0.01852 277
1753430592303 0.01852 278
1753430607805 0.01851 279
1753430623285 0.01851 280
1753430638864 0.01848 281
1753430654210 0.01853 282
1753430669776 0.01849 283
1753430685330 0.01853 284
1753430700843 0.01852 285
1753430716286 0.01848 286
1753430731964 0.0185 287
1753430747373 0.01851 288
1753430762824 0.0185 289
1753430778725 0.01852 290
1753430794046 0.0185 291
1753430809587 0.01853 292
1753430825104 0.0185 293
1753430840712 0.01849 294
1753430856045 0.01851 295
1753430871408 0.01849 296
1753430887373 0.01851 297
1753430902864 0.01852 298
1753430918769 0.0185 299
1753430934250 0.01852 300
