1753426304080 0.0010000000474974513 1
1753426319562 0.0010000000474974513 2
1753426334873 0.0010000000474974513 3
1753426350424 0.0010000000474974513 4
1753426365779 0.0010000000474974513 5
1753426381122 0.0010000000474974513 6
1753426396465 0.0010000000474974513 7
1753426411842 0.0010000000474974513 8
1753426427184 0.0010000000474974513 9
1753426442604 0.0010000000474974513 10
1753426458343 0.0010000000474974513 11
1753426473775 0.0010000000474974513 12
1753426489354 0.0010000000474974513 13
1753426504963 0.0010000000474974513 14
1753426520781 0.0010000000474974513 15
1753426536338 0.0010000000474974513 16
1753426551788 0.0010000000474974513 17
1753426567223 0.0010000000474974513 18
1753426583086 0.0010000000474974513 19
1753426598810 0.0010000000474974513 20
1753426614079 0.0010000000474974513 21
1753426629541 0.0010000000474974513 22
1753426645023 0.0010000000474974513 23
1753426660473 0.0010000000474974513 24
1753426676012 0.0010000000474974513 25
1753426691406 0.0010000000474974513 26
1753426706925 0.0010000000474974513 27
1753426722450 0.0010000000474974513 28
1753426738464 0.0010000000474974513 29
1753426754681 0.0010000000474974513 30
1753426770192 0.0010000000474974513 31
1753426785714 0.0010000000474974513 32
1753426801149 0.0010000000474974513 33
1753426816649 0.0010000000474974513 34
1753426832199 0.0010000000474974513 35
1753426847592 0.0010000000474974513 36
1753426863021 0.0010000000474974513 37
1753426878522 0.0010000000474974513 38
1753426894426 0.0010000000474974513 39
1753426909780 0.0010000000474974513 40
1753426925393 0.0010000000474974513 41
1753426940866 0.0010000000474974513 42
1753426956315 0.0010000000474974513 43
1753426972225 0.0010000000474974513 44
1753426987689 0.0010000000474974513 45
1753427003643 0.0010000000474974513 46
1753427019007 0.0010000000474974513 47
1753427034502 0.0010000000474974513 48
1753427049883 0.0010000000474974513 49
1753427065406 0.0010000000474974513 50
1753427080879 0.0010000000474974513 51
1753427096348 0.00020000000949949026 52
1753427112313 0.00020000000949949026 53
1753427127917 0.00020000000949949026 54
1753427143662 0.00020000000949949026 55
1753427159350 0.00020000000949949026 56
1753427174804 0.00020000000949949026 57
1753427190109 0.00020000000949949026 58
1753427205487 0.00020000000949949026 59
1753427221072 0.00020000000949949026 60
1753427236521 4.0000002627493814e-05 61
1753427252280 4.0000002627493814e-05 62
1753427267674 4.0000002627493814e-05 63
1753427283679 4.0000002627493814e-05 64
1753427299121 4.0000002627493814e-05 65
1753427314572 4.0000002627493814e-05 66
1753427330197 4.0000002627493814e-05 67
1753427346128 4.0000002627493814e-05 68
1753427361601 4.0000002627493814e-05 69
1753427376908 8.000000889296643e-06 70
1753427392467 8.000000889296643e-06 71
1753427408300 8.000000889296643e-06 72
1753427423716 8.000000889296643e-06 73
1753427439170 8.000000889296643e-06 74
1753427455080 8.000000889296643e-06 75
1753427470560 8.000000889296643e-06 76
1753427486031 8.000000889296643e-06 77
1753427501690 8.000000889296643e-06 78
1753427517550 1.6000001323845936e-06 79
1753427532883 1.6000001323845936e-06 80
1753427548399 1.6000001323845936e-06 81
1753427563822 1.6000001323845936e-06 82
1753427579214 1.6000001323845936e-06 83
1753427594632 1.6000001323845936e-06 84
1753427610051 1.6000001323845936e-06 85
1753427625418 1.6000001323845936e-06 86
1753427640808 1.6000001323845936e-06 87
1753427656644 9.999999974752427e-07 88
1753427672196 9.999999974752427e-07 89
1753427688060 9.999999974752427e-07 90
1753427703436 9.999999974752427e-07 91
1753427718899 9.999999974752427e-07 92
1753427734632 9.999999974752427e-07 93
1753427750036 9.999999974752427e-07 94
1753427765343 9.999999974752427e-07 95
1753427780630 9.999999974752427e-07 96
1753427796130 9.999999974752427e-07 97
1753427811602 9.999999974752427e-07 98
1753427827082 9.999999974752427e-07 99
1753427842663 9.999999974752427e-07 100
1753427858023 9.999999974752427e-07 101
1753427873561 9.999999974752427e-07 102
1753427888886 9.999999974752427e-07 103
1753427904578 9.999999974752427e-07 104
1753427920006 9.999999974752427e-07 105
1753427935408 9.999999974752427e-07 106
1753427950855 9.999999974752427e-07 107
1753427966249 9.999999974752427e-07 108
1753427981497 9.999999974752427e-07 109
1753427996866 9.999999974752427e-07 110
1753428012300 9.999999974752427e-07 111
1753428027720 9.999999974752427e-07 112
1753428043707 9.999999974752427e-07 113
1753428059026 9.999999974752427e-07 114
1753428074840 9.999999974752427e-07 115
1753428090358 9.999999974752427e-07 116
1753428105933 9.999999974752427e-07 117
1753428121383 9.999999974752427e-07 118
1753428136792 9.999999974752427e-07 119
1753428152074 9.999999974752427e-07 120
1753428167601 9.999999974752427e-07 121
1753428183294 9.999999974752427e-07 122
1753428199106 9.999999974752427e-07 123
1753428214834 9.999999974752427e-07 124
1753428230175 9.999999974752427e-07 125
1753428245402 9.999999974752427e-07 126
1753428260980 9.999999974752427e-07 127
1753428276481 9.999999974752427e-07 128
1753428291671 9.999999974752427e-07 129
1753428307340 9.999999974752427e-07 130
1753428322710 9.999999974752427e-07 131
1753428338160 9.999999974752427e-07 132
1753428353596 9.999999974752427e-07 133
1753428369059 9.999999974752427e-07 134
1753428384313 9.999999974752427e-07 135
1753428399640 9.999999974752427e-07 136
1753428415145 9.999999974752427e-07 137
1753428430412 9.999999974752427e-07 138
1753428446150 9.999999974752427e-07 139
1753428461707 9.999999974752427e-07 140
1753428477109 9.999999974752427e-07 141
1753428492729 9.999999974752427e-07 142
1753428507988 9.999999974752427e-07 143
1753428523655 9.999999974752427e-07 144
1753428539019 9.999999974752427e-07 145
1753428554455 9.999999974752427e-07 146
1753428569709 9.999999974752427e-07 147
1753428585097 9.999999974752427e-07 148
1753428600779 9.999999974752427e-07 149
1753428616089 9.999999974752427e-07 150
1753428632046 9.999999974752427e-07 151
1753428647513 9.999999974752427e-07 152
1753428663177 9.999999974752427e-07 153
1753428678545 9.999999974752427e-07 154
1753428694009 9.999999974752427e-07 155
1753428709518 9.999999974752427e-07 156
1753428725239 9.999999974752427e-07 157
1753428740604 9.999999974752427e-07 158
1753428755986 9.999999974752427e-07 159
1753428771705 9.999999974752427e-07 160
1753428787070 9.999999974752427e-07 161
1753428802535 9.999999974752427e-07 162
1753428818064 9.999999974752427e-07 163
1753428833551 9.999999974752427e-07 164
1753428849051 9.999999974752427e-07 165
1753428864689 9.999999974752427e-07 166
1753428880226 9.999999974752427e-07 167
1753428895673 9.999999974752427e-07 168
1753428911148 9.999999974752427e-07 169
1753428926722 9.999999974752427e-07 170
1753428942140 9.999999974752427e-07 171
1753428957497 9.999999974752427e-07 172
1753428973019 9.999999974752427e-07 173
1753428988627 9.999999974752427e-07 174
1753429004249 9.999999974752427e-07 175
1753429020168 9.999999974752427e-07 176
1753429035677 9.999999974752427e-07 177
1753429051075 9.999999974752427e-07 178
1753429066512 9.999999974752427e-07 179
1753429082026 9.999999974752427e-07 180
1753429097501 9.999999974752427e-07 181
1753429113151 9.999999974752427e-07 182
1753429128750 9.999999974752427e-07 183
1753429144146 9.999999974752427e-07 184
1753429159964 9.999999974752427e-07 185
1753429175474 9.999999974752427e-07 186
1753429190864 9.999999974752427e-07 187
1753429206444 9.999999974752427e-07 188
1753429221857 9.999999974752427e-07 189
1753429237389 9.999999974752427e-07 190
1753429253152 9.999999974752427e-07 191
1753429268491 9.999999974752427e-07 192
1753429283860 9.999999974752427e-07 193
1753429299428 9.999999974752427e-07 194
1753429314933 9.999999974752427e-07 195
1753429330404 9.999999974752427e-07 196
1753429345957 9.999999974752427e-07 197
1753429361552 9.999999974752427e-07 198
1753429376943 9.999999974752427e-07 199
1753429392793 9.999999974752427e-07 200
1753429408200 9.999999974752427e-07 201
1753429423580 9.999999974752427e-07 202
1753429439133 9.999999974752427e-07 203
1753429454695 9.999999974752427e-07 204
1753429470098 9.999999974752427e-07 205
1753429485445 9.999999974752427e-07 206
1753429500814 9.999999974752427e-07 207
1753429516628 9.999999974752427e-07 208
1753429532229 9.999999974752427e-07 209
1753429547605 9.999999974752427e-07 210
1753429563021 9.999999974752427e-07 211
1753429578408 9.999999974752427e-07 212
1753429594178 9.999999974752427e-07 213
1753429609623 9.999999974752427e-07 214
1753429625397 9.999999974752427e-07 215
1753429640977 9.999999974752427e-07 216
1753429656440 9.999999974752427e-07 217
1753429672308 9.999999974752427e-07 218
1753429688091 9.999999974752427e-07 219
1753429703619 9.999999974752427e-07 220
1753429718945 9.999999974752427e-07 221
1753429734848 9.999999974752427e-07 222
1753429750492 9.999999974752427e-07 223
1753429765994 9.999999974752427e-07 224
1753429782069 9.999999974752427e-07 225
1753429797654 9.999999974752427e-07 226
1753429813047 9.999999974752427e-07 227
1753429828492 9.999999974752427e-07 228
1753429843924 9.999999974752427e-07 229
1753429859330 9.999999974752427e-07 230
1753429874701 9.999999974752427e-07 231
1753429890039 9.999999974752427e-07 232
1753429905399 9.999999974752427e-07 233
1753429921141 9.999999974752427e-07 234
1753429936485 9.999999974752427e-07 235
1753429951906 9.999999974752427e-07 236
1753429967774 9.999999974752427e-07 237
1753429983139 9.999999974752427e-07 238
1753429998867 9.999999974752427e-07 239
1753430014717 9.999999974752427e-07 240
1753430030105 9.999999974752427e-07 241
1753430045512 9.999999974752427e-07 242
1753430061204 9.999999974752427e-07 243
1753430076721 9.999999974752427e-07 244
1753430092081 9.999999974752427e-07 245
1753430107546 9.999999974752427e-07 246
1753430123226 9.999999974752427e-07 247
1753430138472 9.999999974752427e-07 248
1753430154306 9.999999974752427e-07 249
1753430169660 9.999999974752427e-07 250
1753430185195 9.999999974752427e-07 251
1753430200535 9.999999974752427e-07 252
1753430215795 9.999999974752427e-07 253
1753430231189 9.999999974752427e-07 254
1753430246627 9.999999974752427e-07 255
1753430261967 9.999999974752427e-07 256
1753430277401 9.999999974752427e-07 257
1753430292884 9.999999974752427e-07 258
1753430308457 9.999999974752427e-07 259
1753430323773 9.999999974752427e-07 260
1753430339495 9.999999974752427e-07 261
1753430354909 9.999999974752427e-07 262
1753430370230 9.999999974752427e-07 263
1753430386050 9.999999974752427e-07 264
1753430401457 9.999999974752427e-07 265
1753430416899 9.999999974752427e-07 266
1753430432214 9.999999974752427e-07 267
1753430447727 9.999999974752427e-07 268
1753430463185 9.999999974752427e-07 269
1753430478651 9.999999974752427e-07 270
1753430494107 9.999999974752427e-07 271
1753430509750 9.999999974752427e-07 272
1753430525235 9.999999974752427e-07 273
1753430541338 9.999999974752427e-07 274
1753430556720 9.999999974752427e-07 275
1753430572234 9.999999974752427e-07 276
1753430587829 9.999999974752427e-07 277
1753430603286 9.999999974752427e-07 278
1753430618845 9.999999974752427e-07 279
1753430634368 9.999999974752427e-07 280
1753430649852 9.999999974752427e-07 281
1753430665285 9.999999974752427e-07 282
1753430680922 9.999999974752427e-07 283
1753430696369 9.999999974752427e-07 284
1753430711901 9.999999974752427e-07 285
1753430727479 9.999999974752427e-07 286
1753430742968 9.999999974752427e-07 287
1753430758342 9.999999974752427e-07 288
1753430774273 9.999999974752427e-07 289
1753430789658 9.999999974752427e-07 290
1753430805121 9.999999974752427e-07 291
1753430820661 9.999999974752427e-07 292
1753430836260 9.999999974752427e-07 293
1753430851565 9.999999974752427e-07 294
1753430866952 9.999999974752427e-07 295
1753430882995 9.999999974752427e-07 296
1753430898460 9.999999974752427e-07 297
1753430914312 9.999999974752427e-07 298
1753430929825 9.999999974752427e-07 299
1753430945418 9.999999974752427e-07 300
