1753141186023 1.0 0
1753141226792 2.0 0
1753141267786 3.0 0
1753141308419 4.0 0
1753141348554 5.0 0
1753141388871 6.0 0
1753141429319 7.0 0
1753141469652 8.0 0
1753141509777 9.0 0
1753141550159 10.0 0
1753141590267 11.0 0
1753141630203 12.0 0
1753141670616 13.0 0
1753141710843 14.0 0
1753141751746 15.0 0
1753141791970 16.0 0
1753141832035 17.0 0
1753141872964 18.0 0
1753141913820 19.0 0
1753141954317 20.0 0
1753141994766 21.0 0
1753142035399 22.0 0
1753142075720 23.0 0
1753142116301 24.0 0
1753142157466 25.0 0
1753142197989 26.0 0
1753142319266 29.0 0
1753142359374 30.0 0
1753142399582 31.0 0
1753142479889 33.0 0
1753142720464 39.0 0
1753142760864 40.0 0
1753142841694 42.0 0
1753143044376 47.0 0
1753143124472 49.0 0
