1753141156020 0.56935 1
1753141196362 0.42602 2
1753141237014 0.33431 3
1753141278116 0.25907 4
1753141318620 0.19419 5
1753141358842 0.14545 6
1753141399323 0.11181 7
1753141439547 0.08868 8
1753141480041 0.07254 9
1753141520167 0.06106 10
1753141560405 0.05217 11
1753141600527 0.04486 12
1753141640558 0.0401 13
1753141680792 0.03651 14
1753141721133 0.03369 15
1753141762048 0.03146 16
1753141802121 0.02969 17
1753141843012 0.02822 18
1753141883897 0.02699 19
1753141924100 0.02598 20
1753141964681 0.02511 21
1753142005032 0.02438 22
1753142045549 0.02373 23
1753142086004 0.02319 24
1753142126633 0.02271 25
1753142167813 0.02229 26
1753142208317 0.02194 27
1753142248840 0.02158 28
1753142289548 0.0213 29
1753142329632 0.02105 30
1753142369633 0.02081 31
1753142409909 0.02058 32
1753142450038 0.02038 33
1753142490110 0.02021 34
1753142530052 0.02006 35
1753142570298 0.01992 36
1753142610350 0.01979 37
1753142650617 0.01967 38
1753142690322 0.01956 39
1753142730769 0.01945 40
1753142771437 0.01934 41
1753142811899 0.01927 42
1753142852331 0.01918 43
1753142892986 0.01911 44
1753142933502 0.01901 45
1753142973774 0.01895 46
1753143014280 0.0189 47
1753143054705 0.01884 48
1753143094817 0.01878 49
1753143134791 0.01873 50
1753143175113 0.01867 51
1753143215375 0.01863 52
1753143256311 0.01858 53
1753143296492 0.01854 54
1753143336556 0.01851 55
1753143376759 0.01848 56
1753143416925 0.01844 57
1753143457188 0.01839 58
1753143496986 0.01838 59
1753143537472 0.01835 60
1753143577570 0.01831 61
1753143617833 0.01828 62
1753143658219 0.01824 63
1753143698997 0.01823 64
1753143739782 0.01821 65
1753143780415 0.01817 66
1753143820566 0.01816 67
1753143860764 0.01814 68
1753143900675 0.01813 69
1753143941072 0.01809 70
1753143981510 0.01808 71
1753144021544 0.01806 72
1753144061783 0.01804 73
1753144102090 0.01801 74
1753144142040 0.01799 75
1753144182619 0.01799 76
1753144222745 0.01798 77
1753144262807 0.01796 78
1753144302985 0.01794 79
1753144343252 0.01792 80
1753144383295 0.01792 81
1753144423166 0.01789 82
1753144463613 0.01788 83
1753144504026 0.01786 84
1753144544158 0.01786 85
1753144584480 0.01785 86
1753144625305 0.01784 87
1753144665688 0.01783 88
1753144706452 0.0178 89
1753144746784 0.0178 90
1753144786942 0.01779 91
1753144827198 0.01777 92
1753144867124 0.01777 93
1753144907886 0.01776 94
1753144948440 0.01774 95
1753144988417 0.01775 96
1753145028520 0.01773 97
1753145068856 0.01773 98
1753145109062 0.01771 99
1753145149776 0.01771 100
1753145190122 0.01771 101
1753145230705 0.01768 102
1753145270782 0.01768 103
1753145311012 0.01766 104
1753145351337 0.01765 105
1753145391741 0.01765 106
1753145432285 0.01764 107
1753145472453 0.01764 108
1753145512853 0.01762 109
1753145553370 0.01762 110
1753145593332 0.01763 111
1753145634125 0.01761 112
1753145674416 0.01761 113
1753145714309 0.0176 114
1753145754405 0.0176 115
1753145794918 0.0176 116
1753145835218 0.01757 117
1753145875292 0.01757 118
1753145915334 0.01757 119
1753145955472 0.01756 120
1753145996262 0.01755 121
1753146036475 0.01754 122
1753146077047 0.01754 123
1753146117390 0.01754 124
1753146157317 0.01753 125
1753146197697 0.01753 126
1753146238180 0.01751 127
1753146278321 0.01751 128
1753146318718 0.01751 129
1753146358733 0.01749 130
1753146399231 0.0175 131
1753146439833 0.0175 132
1753146480282 0.01748 133
1753146520348 0.01748 134
1753146561230 0.01748 135
1753146601729 0.01746 136
1753146641845 0.01747 137
1753146682030 0.01745 138
1753146722310 0.01746 139
1753146762736 0.01744 140
1753146802888 0.01744 141
1753146843359 0.01745 142
1753146883498 0.01744 143
1753146923792 0.01742 144
1753146964297 0.01743 145
1753147004550 0.01742 146
1753147044941 0.01742 147
1753147085221 0.01741 148
1753147125403 0.0174 149
1753147165972 0.0174 150
1753147206193 0.01739 151
1753147245974 0.01741 152
1753147285966 0.01739 153
1753147326072 0.01738 154
1753147366362 0.01738 155
1753147406705 0.01738 156
1753147447076 0.01738 157
1753147487530 0.01738 158
1753147528083 0.01736 159
1753147568372 0.01738 160
1753147608530 0.01736 161
1753147648503 0.01735 162
1753147689189 0.01736 163
1753147729460 0.01734 164
1753147769456 0.01736 165
1753147809249 0.01733 166
1753147849436 0.01732 167
1753147889477 0.01734 168
1753147929828 0.01733 169
1753147970359 0.01733 170
1753148010080 0.01731 171
1753148050239 0.01732 172
1753148090418 0.01732 173
1753148130693 0.0173 174
1753148171330 0.0173 175
1753148212233 0.01732 176
1753148252406 0.01731 177
1753148292583 0.01729 178
1753148332802 0.01731 179
1753148373075 0.01729 180
1753148414122 0.01728 181
1753148454587 0.01727 182
1753148494806 0.01728 183
1753148534889 0.01728 184
1753148575256 0.01728 185
1753148615672 0.01727 186
1753148656021 0.01727 187
1753148696338 0.01726 188
1753148736640 0.01725 189
1753148776698 0.01726 190
1753148816821 0.01727 191
1753148857047 0.01725 192
1753148897593 0.01727 193
1753148937695 0.01725 194
1753148977888 0.01725 195
1753149018058 0.01723 196
1753149058378 0.01723 197
1753149098736 0.01723 198
1753149139154 0.01723 199
1753149179287 0.01725 200
1753149219543 0.01723 201
1753149259586 0.01722 202
1753149299761 0.01723 203
1753149340324 0.01722 204
1753149381134 0.01722 205
1753149421156 0.01721 206
1753149461578 0.01722 207
1753149502182 0.01721 208
1753149542628 0.0172 209
1753149583010 0.01719 210
1753149623441 0.01719 211
1753149663565 0.0172 212
1753149703780 0.01719 213
1753149744195 0.01719 214
1753149784488 0.0172 215
1753149824621 0.01718 216
1753149865669 0.01718 217
1753149905940 0.0172 218
1753149946181 0.01718 219
1753149986518 0.01718 220
1753150026746 0.01716 221
1753150066919 0.01718 222
1753150106991 0.01718 223
1753150147465 0.01717 224
1753150187442 0.01716 225
1753150227869 0.01717 226
1753150268502 0.01716 227
1753150309127 0.01715 228
1753150349143 0.01715 229
1753150389269 0.01715 230
1753150429364 0.01715 231
1753150469763 0.01713 232
1753150510087 0.01715 233
1753150550778 0.01715 234
1753150590965 0.01714 235
1753150631126 0.01714 236
1753150671314 0.01715 237
1753150711642 0.01713 238
1753150751658 0.01712 239
1753150792050 0.01713 240
1753150832330 0.01715 241
1753150872646 0.01713 242
1753150913045 0.01712 243
1753150953431 0.01713 244
1753150993685 0.01712 245
1753151034301 0.01711 246
1753151074320 0.01711 247
1753151114601 0.01711 248
1753151155276 0.01711 249
1753151195738 0.01712 250
1753151236592 0.01711 251
1753151276777 0.0171 252
1753151317027 0.01711 253
1753151357492 0.0171 254
1753151397675 0.0171 255
1753151438031 0.01709 256
1753151478589 0.0171 257
1753151519234 0.01709 258
1753151560075 0.01709 259
1753151600266 0.0171 260
1753151640731 0.01709 261
1753151680704 0.01708 262
1753151721063 0.01709 263
1753151761434 0.01709 264
1753151801662 0.01709 265
1753151842164 0.01708 266
1753151882990 0.01707 267
1753151923369 0.01707 268
1753151964199 0.01706 269
1753152004630 0.01707 270
1753152044721 0.01708 271
1753152085173 0.01707 272
1753152125637 0.01707 273
1753152166205 0.01705 274
1753152206430 0.01706 275
1753152246699 0.01707 276
1753152286958 0.01706 277
1753152327302 0.01706 278
1753152367198 0.01705 279
1753152407518 0.01706 280
1753152447955 0.01707 281
1753152488091 0.01706 282
1753152528258 0.01703 283
1753152568535 0.01707 284
1753152608587 0.01706 285
1753152648834 0.01704 286
1753152688959 0.01705 287
1753152729061 0.01705 288
1753152769577 0.01704 289
1753152810069 0.01704 290
1753152850157 0.01702 291
1753152890344 0.01704 292
1753152930356 0.01703 293
1753152970826 0.01704 294
1753153011024 0.01703 295
1753153051643 0.01702 296
1753153092272 0.01702 297
1753153132436 0.01701 298
1753153172637 0.01701 299
1753153213192 0.01702 300
