1753240040565 1.0 0
1753240060781 2.0 0
1753240080819 3.0 0
1753240100311 4.0 0
1753240120167 5.0 0
1753240140490 6.0 0
1753240160840 7.0 0
1753240181073 8.0 0
1753240201538 9.0 0
1753240221968 10.0 0
1753240241761 11.0 0
1753240261923 12.0 0
1753240282313 13.0 0
1753240302210 14.0 0
1753240321747 15.0 0
1753240341529 16.0 0
1753240361859 17.0 0
1753240382034 18.0 0
1753240401769 19.0 0
1753240421321 20.0 0
1753240440873 21.0 0
1753240460828 22.0 0
1753240480888 23.0 0
1753240500742 24.0 0
1753240540671 26.0 0
1753240560766 27.0 0
1753240580872 28.0 0
1753240600542 29.0 0
1753240620815 30.0 0
1753240640610 31.0 0
1753240680320 33.0 0
1753240700978 34.0 0
1753240740705 36.0 0
1753240761171 37.0 0
1753240801254 39.0 0
1753241002005 49.0 0
1753241021789 50.0 0
1753241123165 55.0 0
