1753240025242 0.64929 1
1753240046494 0.474 2
1753240066600 0.3642 3
1753240086587 0.28403 4
1753240106051 0.2229 5
1753240125970 0.17664 6
1753240146225 0.14222 7
1753240166616 0.11661 8
1753240186811 0.09743 9
1753240207268 0.08301 10
1753240227770 0.07193 11
1753240247517 0.06332 12
1753240267738 0.05648 13
1753240288034 0.05113 14
1753240307942 0.04672 15
1753240327586 0.04315 16
1753240347217 0.04016 17
1753240367681 0.03767 18
1753240387768 0.03557 19
1753240407494 0.0338 20
1753240427083 0.03228 21
1753240446705 0.03101 22
1753240466658 0.02986 23
1753240486568 0.02883 24
1753240506465 0.02796 25
1753240526359 0.02712 26
1753240546417 0.02644 27
1753240566489 0.0258 28
1753240586591 0.02522 29
1753240606410 0.02473 30
1753240626635 0.02432 31
1753240646350 0.02392 32
1753240666253 0.02351 33
1753240686041 0.02318 34
1753240706823 0.02284 35
1753240726395 0.02257 36
1753240746428 0.02239 37
1753240766871 0.02213 38
1753240786887 0.02191 39
1753240807101 0.02168 40
1753240827030 0.02142 41
1753240847091 0.02123 42
1753240866964 0.02108 43
1753240887445 0.02099 44
1753240907535 0.02077 45
1753240927544 0.02062 46
1753240947820 0.0205 47
1753240967629 0.0204 48
1753240987915 0.02023 49
1753241007701 0.02008 50
1753241027530 0.01995 51
1753241047713 0.01983 52
1753241067733 0.01975 53
1753241088185 0.01966 54
1753241108602 0.01959 55
1753241128909 0.01949 56
1753241148953 0.01942 57
1753241169026 0.01935 58
1753241189086 0.01929 59
1753241209239 0.0193 60
1753241229240 0.01919 61
1753241249186 0.01912 62
1753241269605 0.01911 63
1753241289935 0.01906 64
1753241309743 0.01897 65
1753241329784 0.0189 66
1753241349995 0.01889 67
1753241369783 0.01886 68
1753241389634 0.01879 69
1753241409538 0.01874 70
1753241429857 0.0187 71
1753241449712 0.01867 72
1753241469596 0.01866 73
1753241490112 0.01861 74
1753241510237 0.01855 75
1753241530586 0.01853 76
1753241550861 0.0185 77
1753241571085 0.01846 78
1753241590866 0.01844 79
1753241611365 0.01842 80
1753241630727 0.01838 81
1753241650476 0.01835 82
1753241670946 0.01836 83
1753241690832 0.01829 84
1753241710787 0.01829 85
1753241730819 0.01828 86
1753241751051 0.01823 87
1753241771404 0.01821 88
1753241791090 0.01817 89
1753241811328 0.01813 90
1753241831396 0.01813 91
1753241851642 0.01811 92
1753241871806 0.01807 93
1753241891962 0.01808 94
1753241911886 0.01809 95
1753241931926 0.01801 96
1753241952229 0.01797 97
1753241972103 0.01799 98
1753241992382 0.01799 99
1753242012691 0.01792 100
1753242032794 0.01796 101
1753242052993 0.01791 102
1753242072476 0.01791 103
1753242092189 0.01789 104
1753242111724 0.01787 105
1753242130916 0.01787 106
1753242150792 0.01782 107
1753242170854 0.01777 108
1753242191308 0.0178 109
1753242211184 0.01778 110
1753242231448 0.01775 111
1753242252030 0.01775 112
1753242271457 0.01774 113
1753242291740 0.01772 114
1753242311913 0.0177 115
1753242332080 0.01771 116
1753242352473 0.01765 117
1753242372519 0.01768 118
1753242392796 0.01766 119
1753242413225 0.01764 120
1753242432942 0.01765 121
1753242453190 0.01763 122
1753242473161 0.01762 123
1753242492979 0.0176 124
1753242513231 0.01759 125
1753242533115 0.01759 126
1753242553362 0.01757 127
1753242573958 0.01757 128
1753242593951 0.01755 129
1753242614419 0.01752 130
1753242634440 0.01756 131
1753242654681 0.01747 132
1753242674862 0.0175 133
1753242695210 0.01751 134
1753242715031 0.01749 135
1753242734622 0.01743 136
1753242754353 0.01745 137
1753242773712 0.0174 138
1753242793704 0.01745 139
1753242813843 0.01744 140
1753242833718 0.01741 141
1753242853375 0.01739 142
1753242873152 0.01739 143
1753242892876 0.01737 144
1753242913108 0.01738 145
1753242933119 0.01736 146
1753242953093 0.01738 147
1753242973653 0.01734 148
1753242993845 0.01736 149
1753243014153 0.0173 150
1753243034069 0.01731 151
1753243054322 0.01734 152
1753243074011 0.01735 153
1753243094173 0.01728 154
1753243114855 0.01725 155
1753243134849 0.01729 156
1753243155528 0.01728 157
1753243175888 0.01727 158
1753243195650 0.01725 159
1753243215438 0.01722 160
1753243235384 0.01726 161
1753243255816 0.01723 162
1753243276094 0.01726 163
1753243295848 0.01722 164
1753243315430 0.01726 165
1753243335656 0.01725 166
1753243355985 0.01726 167
1753243375988 0.01718 168
1753243395564 0.0172 169
1753243415919 0.01719 170
1753243436521 0.0172 171
1753243456328 0.01719 172
1753243476528 0.01721 173
1753243496548 0.01719 174
1753243515908 0.01718 175
1753243535950 0.01714 176
1753243555989 0.01714 177
1753243575945 0.01715 178
1753243596286 0.01718 179
1753243616097 0.01726 180
1753243635952 0.01708 181
1753243656221 0.01709 182
1753243676044 0.0171 183
1753243696542 0.01711 184
1753243716291 0.01711 185
1753243736925 0.01714 186
1753243756736 0.01715 187
1753243776130 0.01709 188
1753243796044 0.01707 189
1753243816090 0.01704 190
1753243835973 0.01705 191
1753243856159 0.01709 192
1753243876620 0.01707 193
1753243896552 0.01704 194
1753243916846 0.01707 195
1753243937187 0.01706 196
1753243957313 0.01703 197
1753243977369 0.01706 198
1753243997727 0.017 199
1753244018042 0.01704 200
1753244038368 0.01703 201
1753244058087 0.01701 202
1753244078164 0.01702 203
1753244097505 0.01697 204
1753244117517 0.01698 205
1753244137659 0.01697 206
1753244157497 0.017 207
1753244177365 0.01703 208
1753244198086 0.01701 209
1753244218098 0.01698 210
1753244238516 0.01697 211
1753244258907 0.01695 212
1753244279122 0.01696 213
1753244299268 0.01698 214
1753244319738 0.01691 215
1753244339683 0.01695 216
1753244360049 0.01697 217
1753244379825 0.01695 218
1753244399333 0.01696 219
1753244419875 0.01694 220
1753244439499 0.01693 221
1753244459660 0.01691 222
1753244479694 0.01692 223
1753244500046 0.01688 224
1753244520483 0.01691 225
1753244540121 0.01692 226
1753244560186 0.01697 227
1753244580032 0.01691 228
1753244600193 0.01694 229
1753244619957 0.01698 230
1753244640181 0.01692 231
1753244660515 0.01699 232
1753244680716 0.01692 233
1753244700918 0.01689 234
1753244721062 0.01693 235
1753244741048 0.01689 236
1753244760856 0.01685 237
1753244780640 0.01684 238
1753244800364 0.01688 239
1753244820565 0.01683 240
1753244840494 0.01685 241
1753244860671 0.01686 242
1753244881244 0.01687 243
1753244901484 0.01686 244
1753244921312 0.01687 245
1753244941026 0.01684 246
1753244961429 0.01685 247
1753244981235 0.01683 248
1753245001483 0.01688 249
1753245021581 0.01689 250
1753245042022 0.01691 251
1753245062024 0.01685 252
1753245081953 0.01682 253
1753245102225 0.01679 254
1753245122418 0.01678 255
1753245142804 0.01679 256
1753245163000 0.01681 257
1753245183079 0.01681 258
1753245203468 0.01681 259
1753245223301 0.01678 260
1753245242893 0.01682 261
1753245263229 0.01684 262
1753245283537 0.01681 263
1753245303595 0.01678 264
1753245324076 0.01684 265
1753245344739 0.01681 266
1753245364804 0.0168 267
1753245385331 0.0168 268
1753245405654 0.01677 269
1753245425772 0.01677 270
1753245445945 0.01682 271
1753245465315 0.01677 272
1753245485485 0.01674 273
1753245505111 0.01674 274
1753245525254 0.01674 275
1753245545540 0.01675 276
1753245566018 0.01675 277
1753245585931 0.01675 278
1753245605575 0.01673 279
1753245625530 0.01675 280
1753245645845 0.01676 281
1753245665989 0.01677 282
1753245686046 0.01676 283
1753245705882 0.01678 284
1753245726129 0.01688 285
1753245746093 0.0168 286
1753245766694 0.01672 287
1753245786754 0.01671 288
1753245806904 0.01671 289
1753245827051 0.01674 290
1753245846907 0.01675 291
1753245867117 0.01672 292
1753245887268 0.01675 293
1753245907318 0.01683 294
1753245927996 0.01673 295
1753245948370 0.01671 296
1753245968770 0.01671 297
1753245988620 0.01672 298
1753246008549 0.01675 299
1753246028293 0.01681 300
