1753333518161 1.0 0
1753333536689 2.0 0
1753333555251 3.0 0
1753333573789 4.0 0
1753333592400 5.0 0
1753333610984 6.0 0
1753333629782 7.0 0
1753333648576 8.0 0
1753333667280 9.0 0
1753333685868 10.0 0
1753333704559 11.0 0
1753333723252 12.0 0
1753333741775 13.0 0
1753333760446 14.0 0
1753333779010 15.0 0
1753333797579 16.0 0
1753333816193 17.0 0
1753333835006 18.0 0
1753333853616 19.0 0
1753333872160 20.0 0
1753333890566 21.0 0
1753333909058 22.0 0
1753333927539 23.0 0
1753333946150 24.0 0
1753333964059 25.0 0
1753333982377 26.0 0
1753334018580 28.0 0
1753334036481 29.0 0
1753334054288 30.0 0
1753334072258 31.0 0
1753334107774 33.0 0
1753334125716 34.0 0
1753334143508 35.0 0
1753334162011 36.0 0
1753334180419 37.0 0
1753334198420 38.0 0
1753334270474 42.0 0
1753334472824 53.0 0
