1753333503409 0.55603 1
1753333522969 0.44359 2
1753333541427 0.35902 3
1753333560037 0.29556 4
1753333578651 0.24409 5
1753333597209 0.20191 6
1753333615842 0.16809 7
1753333634721 0.14108 8
1753333653378 0.11977 9
1753333671978 0.10291 10
1753333690668 0.08945 11
1753333709352 0.07872 12
1753333727995 0.07005 13
1753333746597 0.06296 14
1753333765257 0.05718 15
1753333783790 0.05243 16
1753333802355 0.04839 17
1753333821022 0.04504 18
1753333839766 0.04223 19
1753333858342 0.03972 20
1753333876913 0.03762 21
1753333895335 0.03582 22
1753333913824 0.03424 23
1753333932309 0.03287 24
1753333950916 0.03164 25
1753333968781 0.03057 26
1753333987135 0.02959 27
1753334005330 0.02873 28
1753334023369 0.02796 29
1753334041229 0.02728 30
1753334059122 0.02663 31
1753334076983 0.02595 32
1753334094714 0.02517 33
1753334112493 0.0246 34
1753334130475 0.0242 35
1753334148245 0.02376 36
1753334166730 0.02345 37
1753334185244 0.02307 38
1753334203241 0.02277 39
1753334221089 0.02255 40
1753334238879 0.02227 41
1753334257105 0.0221 42
1753334275289 0.02181 43
1753334293268 0.02166 44
1753334311344 0.02148 45
1753334329847 0.02129 46
1753334348249 0.02111 47
1753334366732 0.02098 48
1753334385146 0.02085 49
1753334403597 0.02071 50
1753334422108 0.02061 51
1753334440615 0.02035 52
1753334459104 0.02027 53
1753334477604 0.02024 54
1753334496374 0.0202 55
1753334514980 0.02017 56
1753334533446 0.02012 57
1753334551905 0.02012 58
1753334569902 0.02007 59
1753334587727 0.02009 60
1753334605751 0.02 61
1753334623624 0.01999 62
1753334641543 0.01995 63
1753334659669 0.01991 64
1753334678156 0.01991 65
1753334696917 0.01993 66
1753334715339 0.01989 67
1753334733766 0.01991 68
1753334752266 0.01987 69
1753334770689 0.01986 70
1753334788644 0.01988 71
1753334806472 0.01988 72
1753334824297 0.01986 73
1753334842162 0.01985 74
1753334860016 0.01983 75
1753334878586 0.01984 76
1753334897208 0.01985 77
1753334915659 0.01983 78
1753334934211 0.01986 79
1753334952984 0.01986 80
1753334971436 0.01982 81
1753334989937 0.01985 82
1753335008589 0.01984 83
1753335027083 0.01985 84
1753335045586 0.01981 85
1753335064058 0.01983 86
1753335082568 0.01985 87
1753335101302 0.01984 88
1753335119897 0.01984 89
1753335138315 0.01986 90
1753335156935 0.01982 91
1753335175444 0.01983 92
1753335193867 0.01985 93
1753335212405 0.01985 94
1753335230905 0.01984 95
1753335249905 0.01983 96
1753335268455 0.01983 97
1753335286990 0.01982 98
1753335305619 0.01984 99
1753335324162 0.01984 100
1753335342684 0.01982 101
1753335361140 0.01982 102
1753335379607 0.01985 103
1753335398168 0.01983 104
1753335416723 0.01983 105
1753335435504 0.01983 106
1753335454075 0.01982 107
1753335472586 0.01983 108
1753335491118 0.01982 109
1753335509563 0.01982 110
1753335528028 0.01982 111
1753335546569 0.01981 112
1753335565064 0.01982 113
1753335583546 0.01982 114
1753335602054 0.01983 115
1753335620441 0.01983 116
1753335638814 0.01983 117
1753335657251 0.01984 118
1753335675710 0.01981 119
1753335694257 0.01982 120
1753335712761 0.01982 121
1753335731469 0.01981 122
1753335750002 0.01982 123
1753335768464 0.01983 124
1753335787080 0.01982 125
1753335805518 0.01982 126
1753335824107 0.01982 127
1753335842592 0.01982 128
1753335861147 0.01983 129
1753335879656 0.0198 130
1753335898368 0.01982 131
1753335917133 0.01982 132
1753335935674 0.01982 133
1753335954249 0.0198 134
1753335972732 0.01982 135
1753335991302 0.01981 136
1753336009833 0.01981 137
1753336028356 0.01982 138
1753336046840 0.01984 139
1753336065489 0.01982 140
1753336083805 0.01978 141
1753336102205 0.01982 142
1753336120523 0.0198 143
1753336138872 0.01981 144
1753336157274 0.0198 145
1753336175647 0.01981 146
1753336193969 0.01981 147
1753336212315 0.01982 148
1753336230472 0.01982 149
1753336248241 0.0198 150
1753336266257 0.0198 151
1753336284267 0.01979 152
1753336302759 0.01979 153
1753336321211 0.01983 154
1753336339641 0.0198 155
1753336358103 0.01978 156
1753336376540 0.0198 157
1753336394969 0.01982 158
1753336413438 0.01981 159
1753336431832 0.01978 160
1753336450373 0.01979 161
1753336468836 0.01978 162
1753336487279 0.0198 163
1753336505948 0.01981 164
1753336524477 0.01979 165
1753336543093 0.01981 166
1753336561695 0.01979 167
1753336580254 0.0198 168
1753336598858 0.01983 169
1753336617356 0.01981 170
1753336635869 0.01982 171
1753336654318 0.01981 172
1753336673201 0.01979 173
1753336691975 0.0198 174
1753336710497 0.01981 175
1753336729164 0.01979 176
1753336747628 0.0198 177
1753336766193 0.01978 178
1753336784692 0.0198 179
1753336803143 0.0198 180
1753336821548 0.0198 181
1753336839846 0.01981 182
1753336857656 0.0198 183
1753336876502 0.01979 184
1753336895333 0.01979 185
1753336914367 0.0198 186
1753336933124 0.01978 187
1753336951906 0.0198 188
1753336970622 0.0198 189
1753336989340 0.01979 190
1753337008041 0.01979 191
1753337026743 0.0198 192
1753337045494 0.01977 193
1753337064335 0.0198 194
1753337083198 0.01979 195
1753337102054 0.01979 196
1753337120888 0.01977 197
1753337139773 0.01979 198
1753337158620 0.01977 199
1753337177477 0.01976 200
1753337196626 0.0198 201
1753337215505 0.01979 202
1753337234399 0.01977 203
1753337253415 0.01978 204
1753337272211 0.01977 205
1753337290974 0.01978 206
1753337309746 0.01977 207
1753337328546 0.01977 208
1753337347343 0.01974 209
1753337366110 0.01976 210
1753337385011 0.01976 211
1753337403680 0.01974 212
1753337422522 0.01975 213
1753337441368 0.01978 214
1753337460196 0.01976 215
1753337479045 0.01975 216
1753337497933 0.01978 217
1753337516625 0.01977 218
1753337535309 0.01973 219
1753337554111 0.01976 220
1753337572892 0.01976 221
1753337591702 0.01978 222
1753337610591 0.01976 223
1753337629290 0.01975 224
1753337648050 0.01977 225
1753337667166 0.01977 226
1753337685991 0.01975 227
1753337704648 0.01974 228
1753337723257 0.01973 229
1753337741870 0.01976 230
1753337760434 0.01976 231
1753337779046 0.01976 232
1753337797628 0.01976 233
1753337816499 0.01974 234
1753337835574 0.01975 235
1753337854451 0.01973 236
1753337873392 0.01976 237
1753337892343 0.01975 238
1753337911308 0.01975 239
1753337930230 0.01977 240
1753337949122 0.01974 241
1753337968026 0.01974 242
1753337986808 0.01972 243
1753338005668 0.01975 244
1753338024344 0.01972 245
1753338043102 0.01975 246
1753338061975 0.01973 247
1753338080857 0.01972 248
1753338099673 0.01974 249
1753338118871 0.01972 250
1753338137773 0.01974 251
1753338156662 0.01973 252
1753338175566 0.01972 253
1753338194408 0.01972 254
1753338213307 0.01974 255
1753338232216 0.01973 256
1753338251098 0.01977 257
1753338270069 0.0197 258
1753338288983 0.01971 259
1753338307949 0.01972 260
1753338326592 0.01972 261
1753338345333 0.01973 262
1753338363971 0.01972 263
1753338382613 0.01971 264
1753338401285 0.01971 265
1753338420018 0.0197 266
1753338438739 0.0197 267
1753338457368 0.01972 268
1753338476015 0.01972 269
1753338494625 0.0197 270
1753338513429 0.01974 271
1753338532241 0.01968 272
1753338550828 0.01971 273
1753338569597 0.0197 274
1753338588649 0.01972 275
1753338607571 0.01971 276
1753338626413 0.0197 277
1753338645196 0.01972 278
1753338663979 0.0197 279
1753338682682 0.01968 280
1753338700888 0.0197 281
1753338719099 0.01969 282
1753338737755 0.0197 283
1753338756013 0.01971 284
1753338774167 0.0197 285
1753338792368 0.01968 286
1753338810704 0.01971 287
1753338829325 0.01972 288
1753338847880 0.01971 289
1753338866417 0.01969 290
1753338884960 0.0197 291
1753338903447 0.01967 292
1753338921920 0.0197 293
1753338940473 0.0197 294
1753338958985 0.01969 295
1753338977498 0.01966 296
1753338996260 0.01968 297
1753339014912 0.01966 298
1753339033485 0.01967 299
1753339052025 0.01969 300
