1753333518172 0.0010000000474974513 1
1753333536695 0.0010000000474974513 2
1753333555258 0.0010000000474974513 3
1753333573800 0.0010000000474974513 4
1753333592405 0.0010000000474974513 5
1753333610989 0.0010000000474974513 6
1753333629789 0.0010000000474974513 7
1753333648584 0.0010000000474974513 8
1753333667290 0.0010000000474974513 9
1753333685876 0.0010000000474974513 10
1753333704566 0.0010000000474974513 11
1753333723260 0.0010000000474974513 12
1753333741781 0.0010000000474974513 13
1753333760453 0.0010000000474974513 14
1753333779015 0.0010000000474974513 15
1753333797587 0.0010000000474974513 16
1753333816202 0.0010000000474974513 17
1753333835018 0.0010000000474974513 18
1753333853622 0.0010000000474974513 19
1753333872167 0.0010000000474974513 20
1753333890572 0.0010000000474974513 21
1753333909064 0.0010000000474974513 22
1753333927544 0.0010000000474974513 23
1753333946162 0.0010000000474974513 24
1753333964068 0.0010000000474974513 25
1753333982384 0.0010000000474974513 26
1753334000602 0.0010000000474974513 27
1753334018587 0.0010000000474974513 28
1753334036487 0.0010000000474974513 29
1753334054293 0.0010000000474974513 30
1753334072266 0.0010000000474974513 31
1753334090013 0.0010000000474974513 32
1753334107780 0.0010000000474974513 33
1753334125727 0.0010000000474974513 34
1753334143518 0.0010000000474974513 35
1753334162022 0.0010000000474974513 36
1753334180425 0.0010000000474974513 37
1753334198426 0.0010000000474974513 38
1753334216302 0.0010000000474974513 39
1753334234149 0.0010000000474974513 40
1753334252340 0.0010000000474974513 41
1753334270502 0.0010000000474974513 42
1753334288516 0.0010000000474974513 43
1753334306598 0.0010000000474974513 44
1753334325093 0.0010000000474974513 45
1753334343521 0.0010000000474974513 46
1753334361950 0.0010000000474974513 47
1753334380404 0.0010000000474974513 48
1753334398823 0.0010000000474974513 49
1753334417361 0.0010000000474974513 50
1753334435847 0.00020000000949949026 51
1753334454341 0.00020000000949949026 52
1753334472834 0.00020000000949949026 53
1753334491578 0.00020000000949949026 54
1753334510222 0.00020000000949949026 55
1753334528701 0.00020000000949949026 56
1753334547126 0.00020000000949949026 57
1753334565141 0.00020000000949949026 58
1753334582931 0.00020000000949949026 59
1753334600886 0.00020000000949949026 60
1753334618831 0.00020000000949949026 61
1753334636718 4.0000002627493814e-05 62
1753334654941 4.0000002627493814e-05 63
1753334673389 4.0000002627493814e-05 64
1753334692120 4.0000002627493814e-05 65
1753334710605 4.0000002627493814e-05 66
1753334729020 4.0000002627493814e-05 67
1753334747501 4.0000002627493814e-05 68
1753334765941 4.0000002627493814e-05 69
1753334783915 4.0000002627493814e-05 70
1753334801749 8.000000889296643e-06 71
1753334819548 8.000000889296643e-06 72
1753334837457 8.000000889296643e-06 73
1753334855294 8.000000889296643e-06 74
1753334873840 8.000000889296643e-06 75
1753334892442 8.000000889296643e-06 76
1753334910927 8.000000889296643e-06 77
1753334929496 8.000000889296643e-06 78
1753334948253 8.000000889296643e-06 79
1753334966692 1.6000001323845936e-06 80
1753334985127 1.6000001323845936e-06 81
1753335003741 1.6000001323845936e-06 82
1753335022275 1.6000001323845936e-06 83
1753335040770 1.6000001323845936e-06 84
1753335059283 1.6000001323845936e-06 85
1753335077734 1.6000001323845936e-06 86
1753335096477 1.6000001323845936e-06 87
1753335115083 1.6000001323845936e-06 88
1753335133554 9.999999974752427e-07 89
1753335152108 9.999999974752427e-07 90
1753335170678 9.999999974752427e-07 91
1753335189099 9.999999974752427e-07 92
1753335207557 9.999999974752427e-07 93
1753335226093 9.999999974752427e-07 94
1753335245049 9.999999974752427e-07 95
1753335263667 9.999999974752427e-07 96
1753335282180 9.999999974752427e-07 97
1753335300832 9.999999974752427e-07 98
1753335319390 9.999999974752427e-07 99
1753335337846 9.999999974752427e-07 100
1753335356382 9.999999974752427e-07 101
1753335374874 9.999999974752427e-07 102
1753335393328 9.999999974752427e-07 103
1753335411941 9.999999974752427e-07 104
1753335430793 9.999999974752427e-07 105
1753335449328 9.999999974752427e-07 106
1753335467877 9.999999974752427e-07 107
1753335486343 9.999999974752427e-07 108
1753335504831 9.999999974752427e-07 109
1753335523290 9.999999974752427e-07 110
1753335541860 9.999999974752427e-07 111
1753335560275 9.999999974752427e-07 112
1753335578794 9.999999974752427e-07 113
1753335597315 9.999999974752427e-07 114
1753335615750 9.999999974752427e-07 115
1753335634138 9.999999974752427e-07 116
1753335652545 9.999999974752427e-07 117
1753335670960 9.999999974752427e-07 118
1753335689501 9.999999974752427e-07 119
1753335707946 9.999999974752427e-07 120
1753335726691 9.999999974752427e-07 121
1753335745162 9.999999974752427e-07 122
1753335763707 9.999999974752427e-07 123
1753335782331 9.999999974752427e-07 124
1753335800791 9.999999974752427e-07 125
1753335819326 9.999999974752427e-07 126
1753335837809 9.999999974752427e-07 127
1753335856315 9.999999974752427e-07 128
1753335874849 9.999999974752427e-07 129
1753335893561 9.999999974752427e-07 130
1753335912299 9.999999974752427e-07 131
1753335930963 9.999999974752427e-07 132
1753335949516 9.999999974752427e-07 133
1753335968052 9.999999974752427e-07 134
1753335986595 9.999999974752427e-07 135
1753336005138 9.999999974752427e-07 136
1753336023641 9.999999974752427e-07 137
1753336042155 9.999999974752427e-07 138
1753336060802 9.999999974752427e-07 139
1753336079106 9.999999974752427e-07 140
1753336097513 9.999999974752427e-07 141
1753336115838 9.999999974752427e-07 142
1753336134181 9.999999974752427e-07 143
1753336152542 9.999999974752427e-07 144
1753336170981 9.999999974752427e-07 145
1753336189285 9.999999974752427e-07 146
1753336207578 9.999999974752427e-07 147
1753336225729 9.999999974752427e-07 148
1753336243502 9.999999974752427e-07 149
1753336261516 9.999999974752427e-07 150
1753336279536 9.999999974752427e-07 151
1753336298020 9.999999974752427e-07 152
1753336316462 9.999999974752427e-07 153
1753336334893 9.999999974752427e-07 154
1753336353389 9.999999974752427e-07 155
1753336371836 9.999999974752427e-07 156
1753336390220 9.999999974752427e-07 157
1753336408664 9.999999974752427e-07 158
1753336427141 9.999999974752427e-07 159
1753336445699 9.999999974752427e-07 160
1753336464153 9.999999974752427e-07 161
1753336482602 9.999999974752427e-07 162
1753336501283 9.999999974752427e-07 163
1753336519731 9.999999974752427e-07 164
1753336538265 9.999999974752427e-07 165
1753336556893 9.999999974752427e-07 166
1753336575514 9.999999974752427e-07 167
1753336594088 9.999999974752427e-07 168
1753336612629 9.999999974752427e-07 169
1753336631140 9.999999974752427e-07 170
1753336649621 9.999999974752427e-07 171
1753336668479 9.999999974752427e-07 172
1753336687275 9.999999974752427e-07 173
1753336705832 9.999999974752427e-07 174
1753336724453 9.999999974752427e-07 175
1753336742932 9.999999974752427e-07 176
1753336761522 9.999999974752427e-07 177
1753336780004 9.999999974752427e-07 178
1753336798437 9.999999974752427e-07 179
1753336816784 9.999999974752427e-07 180
1753336835176 9.999999974752427e-07 181
1753336852930 9.999999974752427e-07 182
1753336871828 9.999999974752427e-07 183
1753336890657 9.999999974752427e-07 184
1753336909689 9.999999974752427e-07 185
1753336928415 9.999999974752427e-07 186
1753336947170 9.999999974752427e-07 187
1753336965847 9.999999974752427e-07 188
1753336984677 9.999999974752427e-07 189
1753337003377 9.999999974752427e-07 190
1753337022062 9.999999974752427e-07 191
1753337040774 9.999999974752427e-07 192
1753337059582 9.999999974752427e-07 193
1753337078440 9.999999974752427e-07 194
1753337097254 9.999999974752427e-07 195
1753337116123 9.999999974752427e-07 196
1753337134963 9.999999974752427e-07 197
1753337153828 9.999999974752427e-07 198
1753337172682 9.999999974752427e-07 199
1753337191820 9.999999974752427e-07 200
1753337210665 9.999999974752427e-07 201
1753337229547 9.999999974752427e-07 202
1753337248571 9.999999974752427e-07 203
1753337267471 9.999999974752427e-07 204
1753337286233 9.999999974752427e-07 205
1753337305013 9.999999974752427e-07 206
1753337323771 9.999999974752427e-07 207
1753337342611 9.999999974752427e-07 208
1753337361382 9.999999974752427e-07 209
1753337380296 9.999999974752427e-07 210
1753337398933 9.999999974752427e-07 211
1753337417814 9.999999974752427e-07 212
1753337436614 9.999999974752427e-07 213
1753337455451 9.999999974752427e-07 214
1753337474317 9.999999974752427e-07 215
1753337493184 9.999999974752427e-07 216
1753337511889 9.999999974752427e-07 217
1753337530566 9.999999974752427e-07 218
1753337549378 9.999999974752427e-07 219
1753337568082 9.999999974752427e-07 220
1753337586823 9.999999974752427e-07 221
1753337605741 9.999999974752427e-07 222
1753337624540 9.999999974752427e-07 223
1753337643320 9.999999974752427e-07 224
1753337662413 9.999999974752427e-07 225
1753337681244 9.999999974752427e-07 226
1753337699880 9.999999974752427e-07 227
1753337718431 9.999999974752427e-07 228
1753337737032 9.999999974752427e-07 229
1753337755630 9.999999974752427e-07 230
1753337774262 9.999999974752427e-07 231
1753337792850 9.999999974752427e-07 232
1753337811691 9.999999974752427e-07 233
1753337830750 9.999999974752427e-07 234
1753337849610 9.999999974752427e-07 235
1753337868543 9.999999974752427e-07 236
1753337887521 9.999999974752427e-07 237
1753337906458 9.999999974752427e-07 238
1753337925421 9.999999974752427e-07 239
1753337944313 9.999999974752427e-07 240
1753337963204 9.999999974752427e-07 241
1753337982069 9.999999974752427e-07 242
1753338000893 9.999999974752427e-07 243
1753338019600 9.999999974752427e-07 244
1753338038376 9.999999974752427e-07 245
1753338057209 9.999999974752427e-07 246
1753338076107 9.999999974752427e-07 247
1753338094958 9.999999974752427e-07 248
1753338114081 9.999999974752427e-07 249
1753338132929 9.999999974752427e-07 250
1753338151821 9.999999974752427e-07 251
1753338170746 9.999999974752427e-07 252
1753338189647 9.999999974752427e-07 253
1753338208483 9.999999974752427e-07 254
1753338227371 9.999999974752427e-07 255
1753338246272 9.999999974752427e-07 256
1753338265208 9.999999974752427e-07 257
1753338284132 9.999999974752427e-07 258
1753338303197 9.999999974752427e-07 259
1753338321908 9.999999974752427e-07 260
1753338340607 9.999999974752427e-07 261
1753338359243 9.999999974752427e-07 262
1753338377904 9.999999974752427e-07 263
1753338396545 9.999999974752427e-07 264
1753338415227 9.999999974752427e-07 265
1753338433942 9.999999974752427e-07 266
1753338452643 9.999999974752427e-07 267
1753338471335 9.999999974752427e-07 268
1753338489908 9.999999974752427e-07 269
1753338508703 9.999999974752427e-07 270
1753338527512 9.999999974752427e-07 271
1753338546106 9.999999974752427e-07 272
1753338564842 9.999999974752427e-07 273
1753338583909 9.999999974752427e-07 274
1753338602712 9.999999974752427e-07 275
1753338621597 9.999999974752427e-07 276
1753338640427 9.999999974752427e-07 277
1753338659211 9.999999974752427e-07 278
1753338677889 9.999999974752427e-07 279
1753338696077 9.999999974752427e-07 280
1753338714285 9.999999974752427e-07 281
1753338732902 9.999999974752427e-07 282
1753338751223 9.999999974752427e-07 283
1753338769380 9.999999974752427e-07 284
1753338787580 9.999999974752427e-07 285
1753338805899 9.999999974752427e-07 286
1753338824526 9.999999974752427e-07 287
1753338843069 9.999999974752427e-07 288
1753338861572 9.999999974752427e-07 289
1753338880101 9.999999974752427e-07 290
1753338898647 9.999999974752427e-07 291
1753338917171 9.999999974752427e-07 292
1753338935643 9.999999974752427e-07 293
1753338954156 9.999999974752427e-07 294
1753338972709 9.999999974752427e-07 295
1753338991520 9.999999974752427e-07 296
1753339010081 9.999999974752427e-07 297
1753339028648 9.999999974752427e-07 298
1753339047228 9.999999974752427e-07 299
1753339065912 9.999999974752427e-07 300
