1753230010088 1.0 0
1753230043373 2.0 0
1753230077526 3.0 0
1753230112136 4.0 0
1753230144707 5.0 0
1753230177385 6.0 0
1753230210440 7.0 0
1753230243041 8.0 0
1753230275722 9.0 0
1753230308631 10.0 0
1753230341629 11.0 0
1753230374031 12.0 0
1753230407355 13.0 0
1753230440591 14.0 0
1753230472945 15.0 0
1753230505357 16.0 0
1753230539237 17.0 0
1753230573908 18.0 0
1753230606397 19.0 0
1753230639036 20.0 0
1753230671768 21.0 0
1753230704344 22.0 0
1753230736744 23.0 0
1753230769040 24.0 0
1753230801721 25.0 0
1753230833723 26.0 0
1753230866642 27.0 0
1753230899141 28.0 0
1753230932564 29.0 0
1753230998517 31.0 0
1753231031417 32.0 0
1753231096684 34.0 0
1753231129421 35.0 0
1753231195364 37.0 0
1753231228363 38.0 0
1753231262707 39.0 0
1753231327994 41.0 0
1753231360310 42.0 0
1753231393334 43.0 0
1753231427543 44.0 0
1753231492306 46.0 0
1753231655253 51.0 0
1753231753567 54.0 0
1753232213271 68.0 0
1753233100652 95.0 0
