1753229985438 0.51581 1
1753230018268 0.41394 2
1753230051449 0.34655 3
1753230085934 0.2933 4
1753230120305 0.24826 5
1753230153058 0.208 6
1753230185597 0.17457 7
1753230218758 0.14759 8
1753230251360 0.1259 9
1753230283967 0.10846 10
1753230316916 0.09441 11
1753230349922 0.08304 12
1753230382336 0.07379 13
1753230415665 0.06624 14
1753230448956 0.06006 15
1753230481173 0.0549 16
1753230513619 0.05056 17
1753230547657 0.04695 18
1753230582159 0.04383 19
1753230614756 0.04122 20
1753230647456 0.039 21
1753230680167 0.03704 22
1753230712614 0.03532 23
1753230745026 0.03382 24
1753230777420 0.03252 25
1753230809720 0.03138 26
1753230842011 0.03036 27
1753230874843 0.02941 28
1753230907596 0.02863 29
1753230940850 0.02788 30
1753230973961 0.02718 31
1753231006927 0.02662 32
1753231039715 0.02609 33
1753231072246 0.02556 34
1753231104865 0.02511 35
1753231137855 0.02473 36
1753231170619 0.02431 37
1753231203593 0.02395 38
1753231236698 0.02364 39
1753231271118 0.02334 40
1753231303281 0.02304 41
1753231336328 0.0228 42
1753231368697 0.02257 43
1753231401607 0.02234 44
1753231435766 0.02209 45
1753231468043 0.02193 46
1753231500597 0.0217 47
1753231533274 0.02154 48
1753231565895 0.02139 49
1753231598435 0.02122 50
1753231631052 0.02109 51
1753231663347 0.02094 52
1753231695899 0.02083 53
1753231729320 0.02069 54
1753231761938 0.02056 55
1753231795181 0.02046 56
1753231828228 0.02035 57
1753231860704 0.02026 58
1753231893661 0.02019 59
1753231926432 0.02006 60
1753231958877 0.02 61
1753231991946 0.01992 62
1753232024566 0.01984 63
1753232057525 0.01977 64
1753232090290 0.01971 65
1753232122587 0.01963 66
1753232156053 0.01954 67
1753232188687 0.01947 68
1753232221454 0.01938 69
1753232255254 0.01935 70
1753232288284 0.01931 71
1753232321302 0.01924 72
1753232354009 0.01918 73
1753232386278 0.01919 74
1753232419160 0.01909 75
1753232452078 0.01903 76
1753232485461 0.019 77
1753232517771 0.01898 78
1753232550690 0.01895 79
1753232583334 0.01889 80
1753232615643 0.01885 81
1753232649877 0.01879 82
1753232682202 0.01877 83
1753232715760 0.01871 84
1753232748494 0.01872 85
1753232781263 0.01874 86
1753232813939 0.01864 87
1753232847797 0.01858 88
1753232880469 0.01854 89
1753232912627 0.01855 90
1753232945047 0.01846 91
1753232977382 0.0185 92
1753233010174 0.01851 93
1753233042845 0.01844 94
1753233076125 0.0184 95
1753233109090 0.01836 96
1753233142288 0.01837 97
1753233175090 0.01831 98
1753233207056 0.01827 99
1753233240049 0.01827 100
1753233272349 0.01828 101
1753233305788 0.01823 102
1753233338177 0.01819 103
1753233370751 0.01819 104
1753233403652 0.01816 105
1753233436190 0.01815 106
1753233468580 0.01815 107
1753233502498 0.01809 108
1753233535405 0.01809 109
1753233568425 0.01805 110
1753233601428 0.01805 111
1753233634010 0.01804 112
1753233667998 0.018 113
1753233700462 0.01799 114
1753233733325 0.01795 115
1753233766709 0.01796 116
1753233798952 0.01796 117
1753233833361 0.01793 118
1753233866007 0.0179 119
1753233898359 0.01787 120
1753233930867 0.01789 121
1753233964346 0.01785 122
1753233997716 0.01784 123
1753234030536 0.01786 124
1753234063441 0.01785 125
1753234096176 0.01784 126
1753234128904 0.01779 127
1753234160982 0.01776 128
1753234194315 0.01779 129
1753234226686 0.01774 130
1753234259248 0.01771 131
1753234291891 0.0177 132
1753234325812 0.01774 133
1753234358758 0.01772 134
1753234391008 0.0177 135
1753234423981 0.01763 136
1753234457082 0.01768 137
1753234490177 0.01767 138
1753234523268 0.01763 139
1753234557591 0.01762 140
1753234590351 0.0176 141
1753234623297 0.01759 142
1753234656435 0.01754 143
1753234689409 0.01759 144
1753234721955 0.01758 145
1753234754664 0.01755 146
1753234787114 0.01754 147
1753234819166 0.01753 148
1753234851748 0.01754 149
1753234884572 0.01751 150
1753234917038 0.01753 151
1753234949732 0.01752 152
1753234982237 0.01746 153
1753235014409 0.01747 154
1753235047217 0.01748 155
1753235079711 0.01746 156
1753235112242 0.01746 157
1753235144899 0.01744 158
1753235177528 0.01748 159
1753235210111 0.01744 160
1753235242902 0.01743 161
1753235275379 0.01742 162
1753235309087 0.01738 163
1753235342010 0.01743 164
1753235374925 0.0174 165
1753235407459 0.01736 166
1753235439688 0.0174 167
1753235472369 0.01739 168
1753235505257 0.01736 169
1753235537771 0.01735 170
1753235570333 0.0173 171
1753235602825 0.01733 172
1753235636443 0.01733 173
1753235668816 0.01731 174
1753235701583 0.01729 175
1753235735144 0.01729 176
1753235767689 0.01731 177
1753235800883 0.01732 178
1753235833244 0.01728 179
1753235866165 0.01727 180
1753235898810 0.01728 181
1753235931850 0.01727 182
1753235964969 0.01726 183
1753235997616 0.01723 184
1753236030089 0.01725 185
1753236062918 0.01721 186
1753236097175 0.01721 187
1753236129744 0.01721 188
1753236162282 0.01724 189
1753236194978 0.01724 190
1753236227176 0.01721 191
1753236259913 0.01718 192
1753236293096 0.01718 193
1753236326386 0.01719 194
1753236358659 0.01719 195
1753236392218 0.01717 196
1753236425088 0.0172 197
1753236457839 0.01719 198
1753236490741 0.01715 199
1753236523196 0.01715 200
1753236556623 0.01715 201
1753236589781 0.01715 202
1753236622830 0.01718 203
1753236655889 0.01711 204
1753236688175 0.01709 205
1753236720817 0.01714 206
1753236753589 0.01713 207
1753236786361 0.01711 208
1753236818720 0.01709 209
1753236851602 0.0171 210
1753236884012 0.01709 211
1753236917293 0.0171 212
1753236949913 0.01708 213
1753236982380 0.01709 214
1753237016244 0.01708 215
1753237049188 0.01707 216
1753237081919 0.01707 217
1753237115000 0.01705 218
1753237147479 0.01706 219
1753237179975 0.01706 220
1753237212741 0.01705 221
1753237245157 0.01706 222
1753237278735 0.01704 223
1753237310901 0.01705 224
1753237343459 0.01704 225
1753237376406 0.01703 226
1753237409840 0.01704 227
1753237442790 0.01701 228
1753237475054 0.01703 229
1753237507337 0.01698 230
1753237539494 0.01701 231
1753237572182 0.01701 232
1753237604615 0.017 233
1753237636676 0.01701 234
1753237669028 0.01699 235
1753237702278 0.017 236
1753237735579 0.01696 237
1753237768276 0.01696 238
1753237800784 0.01695 239
1753237833506 0.017 240
1753237865507 0.01695 241
1753237899186 0.01699 242
1753237932225 0.01693 243
1753237965039 0.01698 244
1753237997545 0.01697 245
1753238030997 0.01694 246
1753238063546 0.01695 247
1753238096562 0.01695 248
1753238129527 0.01693 249
1753238163221 0.01696 250
1753238195941 0.01696 251
1753238229711 0.01696 252
1753238262125 0.01699 253
1753238295042 0.01694 254
1753238328548 0.01693 255
1753238363260 0.01693 256
1753238396078 0.01692 257
1753238428432 0.01695 258
1753238461755 0.01691 259
1753238494218 0.01696 260
1753238527084 0.01693 261
1753238560135 0.01688 262
1753238593173 0.01689 263
1753238626559 0.01691 264
1753238659031 0.01691 265
1753238691628 0.01691 266
1753238723756 0.01689 267
1753238756515 0.01688 268
1753238789375 0.01689 269
1753238822189 0.01687 270
1753238855765 0.01686 271
1753238888474 0.01689 272
1753238920650 0.01684 273
1753238953091 0.01687 274
1753238985933 0.01686 275
1753239018843 0.01688 276
1753239052169 0.01688 277
1753239085247 0.01687 278
1753239117947 0.01689 279
1753239150613 0.01686 280
1753239182849 0.01683 281
1753239216483 0.01684 282
1753239248896 0.01683 283
1753239281963 0.01683 284
1753239314689 0.01685 285
1753239347303 0.01684 286
1753239379639 0.01685 287
1753239412308 0.01685 288
1753239444916 0.01682 289
1753239477727 0.01685 290
1753239510930 0.01681 291
1753239544717 0.01682 292
1753239578548 0.01683 293
1753239612271 0.0168 294
1753239645940 0.01684 295
1753239680243 0.01681 296
1753239713304 0.0168 297
1753239747074 0.01683 298
1753239779927 0.0168 299
1753239815201 0.01678 300
