1753405583243 1.0 0
1753405603077 2.0 0
1753405622430 3.0 0
1753405641867 4.0 0
1753405661803 5.0 0
1753405682506 6.0 0
1753405702228 7.0 0
1753405722122 8.0 0
1753405741922 9.0 0
1753405762249 10.0 0
1753405782300 11.0 0
1753405802196 12.0 0
1753405822257 13.0 0
1753405842151 14.0 0
1753405861689 15.0 0
1753405881537 16.0 0
1753405901362 17.0 0
1753405921766 18.0 0
1753405941576 19.0 0
1753405961747 20.0 0
1753405982264 21.0 0
1753406002162 22.0 0
1753406022343 23.0 0
1753406042471 24.0 0
1753406062794 25.0 0
1753406083171 26.0 0
1753406103312 27.0 0
1753406123432 28.0 0
1753406143703 29.0 0
1753406163765 30.0 0
1753406184003 31.0 0
1753406224064 33.0 0
1753406284068 36.0 0
1753406324389 38.0 0
1753406384669 41.0 0
1753406425550 43.0 0
1753406466183 45.0 0
1753406587204 51.0 0
