1753405568099 0.63475 1
1753405589154 0.50829 2
1753405608798 0.42608 3
1753405628152 0.34275 4
1753405647622 0.27242 5
1753405667557 0.21685 6
1753405688234 0.17399 7
1753405708069 0.14143 8
1753405727985 0.1168 9
1753405747741 0.09811 10
1753405768035 0.0838 11
1753405788009 0.07276 12
1753405808001 0.06411 13
1753405828071 0.05724 14
1753405847914 0.05177 15
1753405867444 0.04682 16
1753405887298 0.04175 17
1753405907187 0.03872 18
1753405927565 0.03633 19
1753405947310 0.03428 20
1753405967493 0.03253 21
1753405988092 0.03107 22
1753406007851 0.02983 23
1753406028168 0.02874 24
1753406048293 0.0278 25
1753406068481 0.02699 26
1753406088947 0.02623 27
1753406109062 0.02566 28
1753406129170 0.025 29
1753406149500 0.02456 30
1753406169616 0.02408 31
1753406189741 0.02368 32
1753406209632 0.02333 33
1753406229817 0.02296 34
1753406249398 0.02265 35
1753406269247 0.02235 36
1753406289927 0.02208 37
1753406309605 0.02187 38
1753406330159 0.02165 39
1753406350320 0.02148 40
1753406370227 0.02132 41
1753406390539 0.02108 42
1753406411042 0.02092 43
1753406431341 0.02077 44
1753406451790 0.02064 45
1753406472224 0.02053 46
1753406492955 0.02037 47
1753406512989 0.02027 48
1753406532663 0.02013 49
1753406552669 0.02004 50
1753406572952 0.01996 51
1753406592946 0.01987 52
1753406613078 0.01979 53
1753406633433 0.01972 54
1753406653944 0.01961 55
1753406673972 0.01952 56
1753406694235 0.01948 57
1753406714293 0.01943 58
1753406734645 0.01938 59
1753406754838 0.01933 60
1753406774474 0.01914 61
1753406794758 0.01903 62
1753406815320 0.01903 63
1753406835611 0.01899 64
1753406855789 0.01898 65
1753406875769 0.01897 66
1753406895588 0.01893 67
1753406915179 0.01891 68
1753406934999 0.01891 69
1753406954696 0.01892 70
1753406974906 0.01884 71
1753406995150 0.01885 72
1753407015675 0.01883 73
1753407035659 0.01883 74
1753407055403 0.01887 75
1753407075365 0.01883 76
1753407095602 0.01881 77
1753407116038 0.01886 78
1753407135955 0.01883 79
1753407156146 0.01882 80
1753407175985 0.01882 81
1753407195693 0.01882 82
1753407215883 0.01879 83
1753407235818 0.0188 84
1753407255506 0.01883 85
1753407275296 0.01881 86
1753407295612 0.01879 87
1753407315811 0.01881 88
1753407335815 0.0188 89
1753407356262 0.01884 90
1753407376223 0.01877 91
1753407396079 0.01878 92
1753407416459 0.01881 93
1753407436613 0.0188 94
1753407456752 0.01882 95
1753407476494 0.01882 96
1753407496483 0.01881 97
1753407517059 0.01883 98
1753407537117 0.01883 99
1753407557246 0.01884 100
1753407577520 0.01883 101
1753407597031 0.01882 102
1753407616855 0.0188 103
1753407637162 0.01879 104
1753407657328 0.01879 105
1753407677301 0.01882 106
1753407697967 0.01881 107
1753407718044 0.01879 108
1753407737663 0.0188 109
1753407757565 0.0188 110
1753407777256 0.01879 111
1753407797531 0.0188 112
1753407817729 0.01883 113
1753407838266 0.01879 114
1753407858616 0.01878 115
1753407878802 0.01881 116
1753407898171 0.01882 117
1753407918545 0.0188 118
1753407938962 0.0188 119
1753407959434 0.01879 120
1753407979192 0.01877 121
1753407999229 0.01878 122
1753408019247 0.01877 123
1753408039569 0.0188 124
1753408059252 0.0188 125
1753408079780 0.01881 126
1753408100346 0.01879 127
1753408120442 0.01877 128
1753408140967 0.0188 129
1753408161145 0.01882 130
1753408181381 0.01878 131
1753408200674 0.01879 132
1753408220032 0.01879 133
1753408240401 0.01879 134
1753408260472 0.01878 135
1753408280609 0.0188 136
1753408300321 0.0188 137
1753408320129 0.01879 138
1753408341091 0.01879 139
1753408361089 0.01879 140
1753408381318 0.01881 141
1753408401530 0.01879 142
1753408421567 0.0188 143
1753408441998 0.01881 144
1753408462099 0.01877 145
1753408482155 0.01881 146
1753408502206 0.01878 147
1753408522296 0.01877 148
1753408542344 0.01879 149
1753408562684 0.01879 150
1753408582817 0.01879 151
1753408602808 0.0188 152
1753408622690 0.01879 153
1753408643348 0.0188 154
1753408663667 0.01882 155
1753408683799 0.01878 156
1753408704634 0.01878 157
1753408724669 0.01875 158
1753408744830 0.01882 159
1753408764929 0.01879 160
1753408785285 0.01881 161
1753408805300 0.0188 162
1753408825776 0.01879 163
1753408845906 0.01877 164
1753408866013 0.01878 165
1753408886349 0.0188 166
1753408907058 0.0188 167
1753408927267 0.01878 168
1753408947793 0.01878 169
1753408968021 0.01881 170
1753408987831 0.01881 171
1753409007901 0.01878 172
1753409027500 0.01879 173
1753409047286 0.01877 174
1753409067348 0.01878 175
1753409087068 0.01875 176
1753409107047 0.01877 177
1753409127175 0.01878 178
1753409146874 0.01878 179
1753409167362 0.01877 180
1753409187769 0.01876 181
1753409207832 0.01878 182
1753409228417 0.01876 183
1753409248952 0.01878 184
1753409269122 0.01879 185
1753409288879 0.01878 186
1753409308796 0.01877 187
1753409328596 0.01876 188
1753409348857 0.01876 189
1753409368896 0.01874 190
1753409389085 0.01875 191
1753409409103 0.01878 192
1753409429265 0.01876 193
1753409448923 0.01878 194
1753409468945 0.0188 195
1753409489170 0.01874 196
1753409509785 0.0188 197
1753409530187 0.01876 198
1753409550721 0.01877 199
1753409570796 0.0188 200
1753409590936 0.01875 201
1753409610666 0.01878 202
1753409630867 0.01876 203
1753409651222 0.01877 204
1753409671560 0.01878 205
1753409691567 0.01877 206
1753409711535 0.01875 207
1753409731904 0.01877 208
1753409751987 0.01875 209
1753409772315 0.01878 210
1753409792040 0.01877 211
1753409811973 0.01874 212
1753409832027 0.01877 213
1753409852504 0.01876 214
1753409872974 0.01875 215
1753409893528 0.01876 216
1753409914051 0.01878 217
1753409934086 0.01877 218
1753409954074 0.01875 219
1753409974227 0.01878 220
1753409994384 0.01874 221
1753410014557 0.01873 222
1753410035173 0.01875 223
1753410055579 0.01875 224
1753410075387 0.01878 225
1753410095577 0.01875 226
1753410115695 0.01874 227
1753410135493 0.01874 228
1753410156126 0.01872 229
1753410176154 0.01873 230
1753410196296 0.01875 231
1753410216564 0.01877 232
1753410236877 0.01876 233
1753410256952 0.01874 234
1753410276963 0.01875 235
1753410296805 0.01876 236
1753410317059 0.01874 237
1753410337096 0.01877 238
1753410356996 0.01873 239
1753410377268 0.01877 240
1753410397354 0.01872 241
1753410417352 0.01876 242
1753410437524 0.0187 243
1753410457878 0.01878 244
1753410477930 0.01876 245
1753410498133 0.01874 246
1753410517937 0.01875 247
1753410538166 0.01872 248
1753410558538 0.01875 249
1753410578722 0.01873 250
1753410598708 0.01872 251
1753410619206 0.01871 252
1753410639558 0.01873 253
1753410660130 0.01871 254
1753410680069 0.01876 255
1753410700186 0.01873 256
1753410719983 0.01871 257
1753410739890 0.01874 258
1753410760197 0.01874 259
1753410779721 0.01874 260
1753410799605 0.01875 261
1753410819834 0.01877 262
1753410839569 0.01872 263
1753410860157 0.01874 264
1753410880256 0.01875 265
1753410899921 0.01872 266
1753410919988 0.01873 267
1753410940459 0.01872 268
1753410960684 0.01872 269
1753410980597 0.01874 270
1753411000946 0.01874 271
1753411021034 0.01874 272
1753411041384 0.01874 273
1753411061789 0.01869 274
1753411082114 0.01874 275
1753411102464 0.01873 276
1753411122525 0.01871 277
1753411142756 0.01871 278
1753411163145 0.01873 279
1753411182649 0.01873 280
1753411202880 0.01871 281
1753411222973 0.01874 282
1753411242538 0.01873 283
1753411262822 0.01871 284
1753411283078 0.01873 285
1753411303262 0.01872 286
1753411322665 0.01873 287
1753411342509 0.01874 288
1753411363121 0.0187 289
1753411383305 0.01872 290
1753411402822 0.01874 291
1753411422949 0.01871 292
1753411442802 0.01871 293
1753411462921 0.01874 294
1753411482762 0.0187 295
1753411502951 0.01873 296
1753411522681 0.01873 297
1753411542992 0.01873 298
1753411563061 0.01871 299
1753411582885 0.01873 300
