1753405583248 0.0010000000474974513 1
1753405603082 0.0010000000474974513 2
1753405622435 0.0010000000474974513 3
1753405641872 0.0010000000474974513 4
1753405661807 0.0010000000474974513 5
1753405682530 0.0010000000474974513 6
1753405702243 0.0010000000474974513 7
1753405722130 0.0010000000474974513 8
1753405741932 0.0010000000474974513 9
1753405762275 0.0010000000474974513 10
1753405782304 0.0010000000474974513 11
1753405802200 0.0010000000474974513 12
1753405822263 0.0010000000474974513 13
1753405842155 0.0010000000474974513 14
1753405861699 0.0010000000474974513 15
1753405881544 0.0010000000474974513 16
1753405901369 0.0010000000474974513 17
1753405921770 0.0010000000474974513 18
1753405941582 0.0010000000474974513 19
1753405961751 0.0010000000474974513 20
1753405982269 0.0010000000474974513 21
1753406002166 0.0010000000474974513 22
1753406022349 0.0010000000474974513 23
1753406042478 0.0010000000474974513 24
1753406062798 0.0010000000474974513 25
1753406083175 0.0010000000474974513 26
1753406103317 0.0010000000474974513 27
1753406123437 0.0010000000474974513 28
1753406143707 0.0010000000474974513 29
1753406163769 0.0010000000474974513 30
1753406184009 0.0010000000474974513 31
1753406203807 0.0010000000474974513 32
1753406224067 0.0010000000474974513 33
1753406243597 0.0010000000474974513 34
1753406263433 0.0010000000474974513 35
1753406284072 0.0010000000474974513 36
1753406303815 0.0010000000474974513 37
1753406324396 0.0010000000474974513 38
1753406344532 0.0010000000474974513 39
1753406364419 0.0010000000474974513 40
1753406384673 0.0010000000474974513 41
1753406405284 0.0010000000474974513 42
1753406425554 0.0010000000474974513 43
1753406446000 0.0010000000474974513 44
1753406466188 0.0010000000474974513 45
1753406487106 0.0010000000474974513 46
1753406507198 0.0010000000474974513 47
1753406526920 0.0010000000474974513 48
1753406546961 0.0010000000474974513 49
1753406567128 0.0010000000474974513 50
1753406587209 0.0010000000474974513 51
1753406607338 0.0010000000474974513 52
1753406627646 0.0010000000474974513 53
1753406648128 0.0010000000474974513 54
1753406668169 0.0010000000474974513 55
1753406688490 0.0010000000474974513 56
1753406708502 0.0010000000474974513 57
1753406728874 0.0010000000474974513 58
1753406749107 0.0010000000474974513 59
1753406768763 0.00020000000949949026 60
1753406789038 0.00020000000949949026 61
1753406809544 0.00020000000949949026 62
1753406829712 0.00020000000949949026 63
1753406849996 0.00020000000949949026 64
1753406869951 0.00020000000949949026 65
1753406889880 0.00020000000949949026 66
1753406909441 0.00020000000949949026 67
1753406929203 0.00020000000949949026 68
1753406948981 4.0000002627493814e-05 69
1753406969236 4.0000002627493814e-05 70
1753406989401 4.0000002627493814e-05 71
1753407009523 4.0000002627493814e-05 72
1753407029908 4.0000002627493814e-05 73
1753407049613 4.0000002627493814e-05 74
1753407069559 4.0000002627493814e-05 75
1753407089768 4.0000002627493814e-05 76
1753407110229 4.0000002627493814e-05 77
1753407130176 8.000000889296643e-06 78
1753407150326 8.000000889296643e-06 79
1753407170227 8.000000889296643e-06 80
1753407189985 8.000000889296643e-06 81
1753407210055 8.000000889296643e-06 82
1753407230100 8.000000889296643e-06 83
1753407249819 8.000000889296643e-06 84
1753407269546 8.000000889296643e-06 85
1753407289808 8.000000889296643e-06 86
1753407310006 1.6000001323845936e-06 87
1753407330042 1.6000001323845936e-06 88
1753407350611 1.6000001323845936e-06 89
1753407370501 1.6000001323845936e-06 90
1753407390370 1.6000001323845936e-06 91
1753407410709 1.6000001323845936e-06 92
1753407430830 1.6000001323845936e-06 93
1753407451078 1.6000001323845936e-06 94
1753407470784 1.6000001323845936e-06 95
1753407490769 9.999999974752427e-07 96
1753407511350 9.999999974752427e-07 97
1753407531433 9.999999974752427e-07 98
1753407551169 9.999999974752427e-07 99
1753407571691 9.999999974752427e-07 100
1753407591266 9.999999974752427e-07 101
1753407611078 9.999999974752427e-07 102
1753407631425 9.999999974752427e-07 103
1753407651613 9.999999974752427e-07 104
1753407671477 9.999999974752427e-07 105
1753407692183 9.999999974752427e-07 106
1753407712363 9.999999974752427e-07 107
1753407731887 9.999999974752427e-07 108
1753407751850 9.999999974752427e-07 109
1753407771540 9.999999974752427e-07 110
1753407791687 9.999999974752427e-07 111
1753407811906 9.999999974752427e-07 112
1753407832526 9.999999974752427e-07 113
1753407852874 9.999999974752427e-07 114
1753407873039 9.999999974752427e-07 115
1753407892471 9.999999974752427e-07 116
1753407912817 9.999999974752427e-07 117
1753407933180 9.999999974752427e-07 118
1753407953589 9.999999974752427e-07 119
1753407973399 9.999999974752427e-07 120
1753407993415 9.999999974752427e-07 121
1753408013416 9.999999974752427e-07 122
1753408033756 9.999999974752427e-07 123
1753408053491 9.999999974752427e-07 124
1753408074003 9.999999974752427e-07 125
1753408094253 9.999999974752427e-07 126
1753408114709 9.999999974752427e-07 127
1753408135173 9.999999974752427e-07 128
1753408155365 9.999999974752427e-07 129
1753408175554 9.999999974752427e-07 130
1753408194878 9.999999974752427e-07 131
1753408214235 9.999999974752427e-07 132
1753408234612 9.999999974752427e-07 133
1753408254660 9.999999974752427e-07 134
1753408274735 9.999999974752427e-07 135
1753408294523 9.999999974752427e-07 136
1753408314397 9.999999974752427e-07 137
1753408335270 9.999999974752427e-07 138
1753408355337 9.999999974752427e-07 139
1753408375490 9.999999974752427e-07 140
1753408395813 9.999999974752427e-07 141
1753408415835 9.999999974752427e-07 142
1753408436199 9.999999974752427e-07 143
1753408456263 9.999999974752427e-07 144
1753408476353 9.999999974752427e-07 145
1753408496433 9.999999974752427e-07 146
1753408516483 9.999999974752427e-07 147
1753408536610 9.999999974752427e-07 148
1753408556898 9.999999974752427e-07 149
1753408577070 9.999999974752427e-07 150
1753408597099 9.999999974752427e-07 151
1753408616896 9.999999974752427e-07 152
1753408637178 9.999999974752427e-07 153
1753408657884 9.999999974752427e-07 154
1753408678022 9.999999974752427e-07 155
1753408698820 9.999999974752427e-07 156
1753408718905 9.999999974752427e-07 157
1753408739053 9.999999974752427e-07 158
1753408759101 9.999999974752427e-07 159
1753408779474 9.999999974752427e-07 160
1753408799505 9.999999974752427e-07 161
1753408819982 9.999999974752427e-07 162
1753408840090 9.999999974752427e-07 163
1753408860221 9.999999974752427e-07 164
1753408880574 9.999999974752427e-07 165
1753408901226 9.999999974752427e-07 166
1753408921440 9.999999974752427e-07 167
1753408941989 9.999999974752427e-07 168
1753408962212 9.999999974752427e-07 169
1753408982078 9.999999974752427e-07 170
1753409002139 9.999999974752427e-07 171
1753409021699 9.999999974752427e-07 172
1753409041602 9.999999974752427e-07 173
1753409061615 9.999999974752427e-07 174
1753409081322 9.999999974752427e-07 175
1753409101284 9.999999974752427e-07 176
1753409121460 9.999999974752427e-07 177
1753409141154 9.999999974752427e-07 178
1753409161533 9.999999974752427e-07 179
1753409181653 9.999999974752427e-07 180
1753409202063 9.999999974752427e-07 181
1753409222661 9.999999974752427e-07 182
1753409243152 9.999999974752427e-07 183
1753409263335 9.999999974752427e-07 184
1753409283134 9.999999974752427e-07 185
1753409303115 9.999999974752427e-07 186
1753409322835 9.999999974752427e-07 187
1753409343126 9.999999974752427e-07 188
1753409363147 9.999999974752427e-07 189
1753409383352 9.999999974752427e-07 190
1753409403369 9.999999974752427e-07 191
1753409423543 9.999999974752427e-07 192
1753409443152 9.999999974752427e-07 193
1753409463226 9.999999974752427e-07 194
1753409483404 9.999999974752427e-07 195
1753409503957 9.999999974752427e-07 196
1753409524348 9.999999974752427e-07 197
1753409544962 9.999999974752427e-07 198
1753409564985 9.999999974752427e-07 199
1753409585107 9.999999974752427e-07 200
1753409604955 9.999999974752427e-07 201
1753409625148 9.999999974752427e-07 202
1753409645444 9.999999974752427e-07 203
1753409665874 9.999999974752427e-07 204
1753409685831 9.999999974752427e-07 205
1753409705708 9.999999974752427e-07 206
1753409725679 9.999999974752427e-07 207
1753409746249 9.999999974752427e-07 208
1753409766568 9.999999974752427e-07 209
1753409786223 9.999999974752427e-07 210
1753409806227 9.999999974752427e-07 211
1753409826263 9.999999974752427e-07 212
1753409846740 9.999999974752427e-07 213
1753409867225 9.999999974752427e-07 214
1753409887792 9.999999974752427e-07 215
1753409908297 9.999999974752427e-07 216
1753409928364 9.999999974752427e-07 217
1753409948289 9.999999974752427e-07 218
1753409968485 9.999999974752427e-07 219
1753409988636 9.999999974752427e-07 220
1753410008824 9.999999974752427e-07 221
1753410029466 9.999999974752427e-07 222
1753410049825 9.999999974752427e-07 223
1753410069703 9.999999974752427e-07 224
1753410089837 9.999999974752427e-07 225
1753410110018 9.999999974752427e-07 226
1753410129766 9.999999974752427e-07 227
1753410150472 9.999999974752427e-07 228
1753410170404 9.999999974752427e-07 229
1753410190542 9.999999974752427e-07 230
1753410210871 9.999999974752427e-07 231
1753410231125 9.999999974752427e-07 232
1753410251137 9.999999974752427e-07 233
1753410270976 9.999999974752427e-07 234
1753410290974 9.999999974752427e-07 235
1753410311322 9.999999974752427e-07 236
1753410331324 9.999999974752427e-07 237
1753410351223 9.999999974752427e-07 238
1753410371478 9.999999974752427e-07 239
1753410391580 9.999999974752427e-07 240
1753410411537 9.999999974752427e-07 241
1753410431838 9.999999974752427e-07 242
1753410452136 9.999999974752427e-07 243
1753410472251 9.999999974752427e-07 244
1753410492392 9.999999974752427e-07 245
1753410512209 9.999999974752427e-07 246
1753410532461 9.999999974752427e-07 247
1753410552737 9.999999974752427e-07 248
1753410573009 9.999999974752427e-07 249
1753410592871 9.999999974752427e-07 250
1753410613414 9.999999974752427e-07 251
1753410633756 9.999999974752427e-07 252
1753410654420 9.999999974752427e-07 253
1753410674332 9.999999974752427e-07 254
1753410694377 9.999999974752427e-07 255
1753410714176 9.999999974752427e-07 256
1753410734075 9.999999974752427e-07 257
1753410754447 9.999999974752427e-07 258
1753410773997 9.999999974752427e-07 259
1753410793923 9.999999974752427e-07 260
1753410813844 9.999999974752427e-07 261
1753410833786 9.999999974752427e-07 262
1753410854399 9.999999974752427e-07 263
1753410874512 9.999999974752427e-07 264
1753410894183 9.999999974752427e-07 265
1753410914173 9.999999974752427e-07 266
1753410934668 9.999999974752427e-07 267
1753410954952 9.999999974752427e-07 268
1753410974882 9.999999974752427e-07 269
1753410995152 9.999999974752427e-07 270
1753411015306 9.999999974752427e-07 271
1753411035607 9.999999974752427e-07 272
1753411056057 9.999999974752427e-07 273
1753411076303 9.999999974752427e-07 274
1753411096701 9.999999974752427e-07 275
1753411116812 9.999999974752427e-07 276
1753411136959 9.999999974752427e-07 277
1753411157410 9.999999974752427e-07 278
1753411176935 9.999999974752427e-07 279
1753411197075 9.999999974752427e-07 280
1753411217194 9.999999974752427e-07 281
1753411236757 9.999999974752427e-07 282
1753411257010 9.999999974752427e-07 283
1753411277288 9.999999974752427e-07 284
1753411297548 9.999999974752427e-07 285
1753411316961 9.999999974752427e-07 286
1753411336726 9.999999974752427e-07 287
1753411357138 9.999999974752427e-07 288
1753411377527 9.999999974752427e-07 289
1753411397039 9.999999974752427e-07 290
1753411417213 9.999999974752427e-07 291
1753411437083 9.999999974752427e-07 292
1753411457092 9.999999974752427e-07 293
1753411477013 9.999999974752427e-07 294
1753411497138 9.999999974752427e-07 295
1753411516942 9.999999974752427e-07 296
1753411537252 9.999999974752427e-07 297
1753411557360 9.999999974752427e-07 298
1753411577078 9.999999974752427e-07 299
1753411597342 9.999999974752427e-07 300
