1753140485973 0.44197 1
1753140527308 0.29645 2
1753140567913 0.18489 3
1753140608542 0.11764 4
1753140650582 0.08059 5
1753140691252 0.05984 6
1753140731622 0.04755 7
1753140773654 0.03988 8
1753140814361 0.0348 9
1753140855223 0.03133 10
1753140896669 0.02879 11
1753140937977 0.02693 12
1753140979481 0.02546 13
1753141020436 0.02439 14
1753141062256 0.02353 15
1753141104361 0.02279 16
1753141147097 0.02222 17
1753141189193 0.02173 18
1753141231534 0.02134 19
1753141274490 0.02097 20
1753141316759 0.02068 21
1753141359829 0.02043 22
1753141402480 0.02022 23
1753141444601 0.02003 24
1753141486857 0.01983 25
1753141529098 0.01967 26
1753141571197 0.01953 27
1753141614395 0.01943 28
1753141656803 0.01931 29
1753141699962 0.01919 30
1753141742964 0.01908 31
1753141786129 0.01903 32
1753141827763 0.01894 33
1753141869880 0.01887 34
1753141911251 0.01879 35
1753141952502 0.01873 36
1753141994361 0.01865 37
1753142035794 0.01863 38
1753142076918 0.01857 39
1753142118833 0.0185 40
1753142161607 0.01847 41
1753142203365 0.01843 42
1753142245841 0.01838 43
1753142286833 0.01833 44
1753142328527 0.01831 45
1753142370636 0.01828 46
1753142411703 0.01824 47
1753142453196 0.01817 48
1753142496545 0.01816 49
1753142538554 0.0181 50
1753142580236 0.0181 51
1753142621954 0.01808 52
1753142663944 0.01806 53
1753142705082 0.01804 54
1753142747721 0.01802 55
1753142789208 0.01798 56
1753142830957 0.01799 57
1753142873208 0.01791 58
1753142914159 0.01794 59
1753142956676 0.0179 60
1753142999106 0.01793 61
1753143041310 0.0179 62
1753143082923 0.01785 63
1753143124188 0.01779 64
1753143167075 0.01779 65
1753143208823 0.01778 66
1753143250891 0.01778 67
1753143292938 0.01778 68
1753143334863 0.01774 69
1753143376432 0.01774 70
1753143418537 0.01772 71
1753143460888 0.01771 72
1753143501729 0.0177 73
1753143543223 0.01767 74
1753143585020 0.0177 75
1753143626436 0.0176 76
1753143668766 0.01764 77
1753143710650 0.01762 78
1753143752146 0.0176 79
1753143793864 0.01763 80
1753143835662 0.01757 81
1753143878270 0.01758 82
1753143920593 0.01756 83
1753143963403 0.01755 84
1753144005229 0.01756 85
1753144047967 0.01752 86
1753144091021 0.01754 87
1753144133689 0.0175 88
1753144175700 0.01748 89
1753144218509 0.01747 90
1753144260882 0.01746 91
1753144304054 0.01745 92
1753144345978 0.01742 93
1753144388416 0.01744 94
1753144431426 0.01746 95
1753144473342 0.01742 96
1753144515078 0.01741 97
1753144557266 0.01733 98
1753144600746 0.01738 99
1753144644362 0.01736 100
1753144687270 0.01737 101
1753144728878 0.01735 102
1753144771118 0.01735 103
1753144813154 0.01734 104
1753144855009 0.0174 105
1753144896379 0.01732 106
1753144938157 0.01734 107
1753144980449 0.01732 108
1753145022260 0.01729 109
1753145064272 0.0173 110
1753145105591 0.01726 111
1753145147691 0.01729 112
1753145189363 0.01727 113
1753145231324 0.01725 114
1753145273217 0.01722 115
1753145314262 0.01725 116
1753145356942 0.01725 117
1753145398932 0.0172 118
1753145441300 0.01721 119
1753145483019 0.01722 120
1753145524185 0.0172 121
1753145566531 0.01718 122
1753145608422 0.01721 123
1753145650063 0.0172 124
1753145692275 0.01715 125
1753145733570 0.01719 126
1753145776183 0.01716 127
1753145818352 0.01718 128
1753145859747 0.01716 129
1753145901724 0.01714 130
1753145944385 0.01715 131
1753145986391 0.01712 132
1753146027643 0.01715 133
1753146069838 0.01713 134
1753146112440 0.01711 135
1753146154423 0.0171 136
1753146195568 0.01711 137
1753146236979 0.0171 138
1753146278749 0.01709 139
1753146319996 0.01708 140
1753146361840 0.01706 141
1753146403406 0.0171 142
1753146445174 0.01706 143
1753146487425 0.01709 144
1753146529584 0.01706 145
1753146570884 0.01705 146
1753146612470 0.01706 147
1753146655397 0.01703 148
1753146697749 0.01701 149
1753146739856 0.01701 150
1753146781922 0.01703 151
1753146823143 0.01703 152
1753146864496 0.01704 153
1753146906538 0.017 154
1753146948421 0.01704 155
1753146990022 0.01701 156
1753147032229 0.01699 157
1753147074837 0.01701 158
1753147116328 0.01697 159
1753147158630 0.01698 160
1753147201049 0.01696 161
1753147243250 0.01697 162
1753147285543 0.01698 163
1753147327063 0.01695 164
1753147369393 0.01698 165
1753147412127 0.01696 166
1753147454238 0.01695 167
1753147496917 0.01698 168
1753147539767 0.01696 169
1753147581855 0.01692 170
1753147624278 0.01694 171
1753147665965 0.01694 172
1753147707959 0.01693 173
1753147749404 0.01694 174
1753147790953 0.01693 175
1753147832515 0.01692 176
1753147873710 0.01692 177
1753147915813 0.01692 178
1753147957696 0.01691 179
1753147999215 0.01688 180
1753148040931 0.01689 181
1753148083010 0.0169 182
1753148124543 0.01688 183
1753148166922 0.01688 184
1753148208839 0.0169 185
1753148250519 0.01689 186
1753148292202 0.01689 187
1753148334025 0.01688 188
1753148376437 0.01687 189
1753148418236 0.0169 190
1753148459574 0.01684 191
1753148501170 0.01684 192
1753148543282 0.01685 193
1753148584837 0.01685 194
1753148627258 0.01685 195
1753148668872 0.01682 196
1753148710935 0.01685 197
1753148752948 0.01683 198
1753148795844 0.01684 199
1753148837927 0.01684 200
1753148880345 0.0168 201
1753148922220 0.01682 202
1753148964659 0.01683 203
1753149006807 0.01682 204
1753149048821 0.01683 205
1753149090541 0.01682 206
1753149133122 0.01681 207
1753149174258 0.01682 208
1753149216319 0.01682 209
1753149257464 0.0168 210
1753149299640 0.01679 211
1753149341831 0.0168 212
1753149383443 0.01679 213
1753149425844 0.0168 214
1753149467333 0.01677 215
1753149509490 0.0168 216
1753149552111 0.01677 217
1753149593512 0.01678 218
1753149635584 0.01678 219
1753149676943 0.01679 220
1753149718884 0.0168 221
1753149761344 0.01675 222
1753149802407 0.01675 223
1753149844639 0.01679 224
1753149886962 0.01679 225
1753149928225 0.01675 226
1753149970340 0.01675 227
1753150012807 0.01672 228
1753150054803 0.01673 229
1753150096121 0.01675 230
1753150138011 0.01675 231
1753150180299 0.01676 232
1753150222989 0.01678 233
1753150264642 0.01673 234
1753150306113 0.01679 235
1753150347850 0.01675 236
1753150389467 0.01673 237
1753150432271 0.01671 238
1753150474780 0.01671 239
1753150517215 0.01676 240
1753150558776 0.01673 241
1753150600992 0.01674 242
1753150642569 0.01672 243
1753150684627 0.01671 244
1753150726622 0.01671 245
1753150768647 0.01673 246
1753150810635 0.01671 247
1753150852797 0.01673 248
1753150894887 0.01668 249
1753150936427 0.01669 250
1753150978271 0.01671 251
1753151020479 0.01671 252
1753151062552 0.01668 253
1753151105047 0.01679 254
1753151147576 0.01672 255
1753151189439 0.01669 256
1753151230903 0.01671 257
1753151272446 0.01672 258
1753151313537 0.01668 259
1753151355183 0.01674 260
1753151396936 0.01668 261
1753151438751 0.01666 262
1753151479921 0.01665 263
1753151522612 0.01668 264
1753151564816 0.01667 265
1753151607456 0.01665 266
1753151649815 0.01665 267
1753151692727 0.01666 268
1753151735941 0.01663 269
1753151778733 0.01665 270
1753151821408 0.01666 271
1753151863662 0.01667 272
1753151906280 0.01668 273
1753151949387 0.01666 274
1753151991759 0.01668 275
1753152033560 0.01668 276
1753152075064 0.01663 277
1753152117518 0.01664 278
1753152159115 0.01665 279
1753152200724 0.01664 280
1753152241772 0.01666 281
1753152282751 0.01666 282
1753152325529 0.01664 283
1753152367262 0.01664 284
1753152410255 0.01665 285
1753152452157 0.01663 286
1753152494170 0.01663 287
1753152535799 0.01661 288
1753152577629 0.01662 289
1753152619824 0.01661 290
1753152661987 0.01662 291
1753152704039 0.01661 292
1753152745955 0.01662 293
1753152788022 0.01662 294
1753152830340 0.0166 295
1753152871443 0.01663 296
1753152913564 0.01664 297
1753152955472 0.01661 298
1753152997648 0.0166 299
1753153039333 0.01663 300
