1753338926378 1.0 0
1753338943205 2.0 0
1753338960417 3.0 0
1753338977568 4.0 0
1753338994818 5.0 0
1753339011800 6.0 0
1753339029244 7.0 0
1753339046705 8.0 0
1753339064125 9.0 0
1753339081332 10.0 0
1753339098161 11.0 0
1753339115076 12.0 0
1753339132546 13.0 0
1753339150130 14.0 0
1753339167637 15.0 0
1753339185229 16.0 0
1753339202790 17.0 0
1753339220329 18.0 0
1753339237863 19.0 0
1753339255460 20.0 0
1753339273604 21.0 0
1753339308957 23.0 0
1753339326599 24.0 0
1753339344250 25.0 0
1753339361913 26.0 0
1753339379598 27.0 0
1753339414944 29.0 0
1753339432601 30.0 0
1753339502916 34.0 0
1753339537495 36.0 0
1753339607591 40.0 0
1753339677199 44.0 0
1753339816549 52.0 0
