1753338911886 0.65013 1
1753338929511 0.52128 2
1753338946315 0.41718 3
1753338963522 0.32241 4
1753338980719 0.24636 5
1753338997953 0.18912 6
1753339014943 0.14743 7
1753339032391 0.1174 8
1753339049833 0.09574 9
1753339067248 0.07986 10
1753339084495 0.06803 11
1753339101332 0.05914 12
1753339118216 0.05232 13
1753339135717 0.04698 14
1753339153260 0.04276 15
1753339170785 0.03944 16
1753339188378 0.03678 17
1753339205920 0.03455 18
1753339223448 0.03266 19
1753339241012 0.03111 20
1753339258551 0.0298 21
1753339276716 0.02869 22
1753339294430 0.02769 23
1753339312063 0.02688 24
1753339329698 0.0261 25
1753339347351 0.02545 26
1753339365024 0.02491 27
1753339382731 0.02439 28
1753339400388 0.02391 29
1753339418083 0.02354 30
1753339435711 0.02315 31
1753339453272 0.0228 32
1753339470873 0.02251 33
1753339488815 0.02219 34
1753339506047 0.02195 35
1753339523099 0.02174 36
1753339540646 0.02154 37
1753339558175 0.02127 38
1753339575761 0.02112 39
1753339593315 0.02099 40
1753339610732 0.02079 41
1753339628126 0.02067 42
1753339645495 0.02049 43
1753339662872 0.02035 44
1753339680365 0.02029 45
1753339697755 0.0202 46
1753339715166 0.02004 47
1753339732871 0.01993 48
1753339750222 0.01984 49
1753339767769 0.01971 50
1753339785081 0.01964 51
1753339802377 0.01965 52
1753339819682 0.01953 53
1753339837002 0.01947 54
1753339854436 0.01936 55
1753339871604 0.0193 56
1753339888823 0.01922 57
1753339905967 0.01925 58
1753339923272 0.01915 59
1753339940483 0.01904 60
1753339957665 0.01898 61
1753339974932 0.01876 62
1753339992260 0.01869 63
1753340009506 0.01872 64
1753340026955 0.01862 65
1753340044264 0.01866 66
1753340061837 0.01858 67
1753340078979 0.01857 68
1753340096232 0.01859 69
1753340113533 0.01854 70
1753340130928 0.01847 71
1753340148208 0.01846 72
1753340165483 0.01849 73
1753340182779 0.01848 74
1753340200020 0.01845 75
1753340217168 0.01847 76
1753340234396 0.01846 77
1753340251667 0.01842 78
1753340268912 0.01842 79
1753340286252 0.0184 80
1753340302751 0.01843 81
1753340319399 0.01841 82
1753340336082 0.01843 83
1753340352760 0.01844 84
1753340369600 0.01842 85
1753340386391 0.01841 86
1753340403070 0.01844 87
1753340419791 0.01843 88
1753340436562 0.01843 89
1753340453535 0.01843 90
1753340470615 0.01841 91
1753340487743 0.01843 92
1753340504708 0.0184 93
1753340521275 0.01841 94
1753340537785 0.01838 95
1753340554911 0.01842 96
1753340571627 0.01842 97
1753340588569 0.01838 98
1753340605317 0.01842 99
1753340622083 0.01845 100
1753340639358 0.01841 101
1753340656132 0.01837 102
1753340673178 0.01845 103
1753340690049 0.01842 104
1753340707185 0.01842 105
1753340723560 0.01839 106
1753340740618 0.01842 107
1753340757461 0.01839 108
1753340774271 0.01841 109
1753340791111 0.01843 110
1753340808336 0.01839 111
1753340825107 0.01843 112
1753340841973 0.01841 113
1753340858915 0.01836 114
1753340876099 0.01841 115
1753340893130 0.0184 116
1753340909942 0.01842 117
1753340926759 0.0184 118
1753340943705 0.0184 119
1753340960450 0.01841 120
1753340977141 0.01837 121
1753340993949 0.01842 122
1753341010432 0.01839 123
1753341026838 0.0184 124
1753341043237 0.01841 125
1753341059833 0.01837 126
1753341076815 0.01841 127
1753341093217 0.01842 128
1753341109798 0.01842 129
1753341126244 0.01842 130
1753341142651 0.0184 131
1753341159076 0.01841 132
1753341175487 0.0184 133
1753341192411 0.01839 134
1753341209078 0.01842 135
1753341226389 0.01839 136
1753341243705 0.0184 137
1753341260989 0.01842 138
1753341278307 0.01845 139
1753341295724 0.01837 140
1753341313121 0.01841 141
1753341331148 0.01843 142
1753341348590 0.01842 143
1753341365660 0.01839 144
1753341382573 0.01841 145
1753341399442 0.01841 146
1753341416756 0.01842 147
1753341433721 0.01839 148
1753341450632 0.0184 149
1753341468163 0.01839 150
1753341484719 0.0184 151
1753341501190 0.01837 152
1753341517710 0.01839 153
1753341534340 0.01839 154
1753341550834 0.01841 155
1753341567338 0.01837 156
1753341584250 0.01838 157
1753341601198 0.01841 158
1753341617988 0.01841 159
1753341634921 0.01842 160
1753341651920 0.01842 161
1753341668829 0.01838 162
1753341685445 0.01839 163
1753341702152 0.01838 164
1753341719227 0.0184 165
1753341736829 0.01843 166
1753341754410 0.01841 167
1753341771982 0.01839 168
1753341789189 0.01838 169
1753341805753 0.01838 170
1753341822499 0.01838 171
1753341839372 0.01836 172
1753341856842 0.01842 173
1753341873488 0.01841 174
1753341890235 0.01841 175
1753341906972 0.01839 176
1753341923960 0.0184 177
1753341940628 0.0184 178
1753341957366 0.01842 179
1753341974013 0.01839 180
1753341991001 0.01838 181
1753342007715 0.01841 182
1753342024419 0.0184 183
1753342041173 0.0184 184
1753342057903 0.01836 185
1753342074713 0.01838 186
1753342092050 0.01837 187
1753342109488 0.0184 188
1753342126186 0.0184 189
1753342143326 0.01841 190
1753342160659 0.01838 191
1753342177610 0.01837 192
1753342195022 0.01837 193
1753342212411 0.01837 194
1753342229949 0.01837 195
1753342247322 0.01839 196
1753342264808 0.0184 197
1753342282236 0.01836 198
1753342299688 0.0184 199
1753342317089 0.01837 200
1753342334498 0.01836 201
1753342351970 0.01837 202
1753342369452 0.01836 203
1753342387289 0.01838 204
1753342404297 0.01838 205
1753342421069 0.01836 206
1753342437868 0.01839 207
1753342454761 0.01836 208
1753342471627 0.01838 209
1753342488498 0.01837 210
1753342505362 0.01839 211
1753342522245 0.01837 212
1753342539526 0.01836 213
1753342556535 0.01837 214
1753342573397 0.01839 215
1753342590371 0.01837 216
1753342607320 0.01839 217
1753342624554 0.01837 218
1753342642015 0.01837 219
1753342658855 0.01837 220
1753342675609 0.01836 221
1753342692347 0.01836 222
1753342709109 0.01836 223
1753342725959 0.01837 224
1753342742744 0.01837 225
1753342759471 0.01837 226
1753342776652 0.01837 227
1753342793787 0.01836 228
1753342810574 0.01837 229
1753342827364 0.0184 230
1753342844182 0.01838 231
1753342861117 0.01838 232
1753342877925 0.01835 233
1753342895451 0.01835 234
1753342912238 0.01836 235
1753342929016 0.01837 236
1753342945775 0.01837 237
1753342962615 0.01835 238
1753342979434 0.01834 239
1753342996355 0.01837 240
1753343013476 0.01835 241
1753343030302 0.01836 242
1753343047130 0.01837 243
1753343063964 0.01838 244
1753343080700 0.01835 245
1753343097472 0.01837 246
1753343114553 0.01836 247
1753343131622 0.01837 248
1753343148467 0.01834 249
1753343165930 0.01835 250
1753343183003 0.01836 251
1753343199783 0.01834 252
1753343216547 0.01836 253
1753343233335 0.01835 254
1753343250217 0.01834 255
1753343267114 0.01833 256
1753343283889 0.01837 257
1753343300679 0.01838 258
1753343317746 0.01832 259
1753343334887 0.01832 260
1753343351827 0.01838 261
1753343368697 0.01838 262
1753343385556 0.01836 263
1753343402886 0.01834 264
1753343420287 0.01833 265
1753343437190 0.01834 266
1753343453992 0.01833 267
1753343470939 0.01835 268
1753343488156 0.01834 269
1753343505096 0.01836 270
1753343521835 0.01835 271
1753343538918 0.01835 272
1753343556157 0.01835 273
1753343572977 0.01832 274
1753343589678 0.01833 275
1753343606639 0.01835 276
1753343624047 0.01836 277
1753343641431 0.01834 278
1753343658866 0.01832 279
1753343676370 0.01834 280
1753343694446 0.01834 281
1753343711910 0.01834 282
1753343729377 0.01834 283
1753343746357 0.01833 284
1753343763239 0.01834 285
1753343779998 0.01835 286
1753343797152 0.01831 287
1753343813967 0.01832 288
1753343830741 0.01832 289
1753343847439 0.01831 290
1753343864386 0.01833 291
1753343881273 0.01833 292
1753343898394 0.01832 293
1753343915511 0.01836 294
1753343932253 0.01833 295
1753343949375 0.0183 296
1753343965978 0.01831 297
1753343982490 0.01832 298
1753343998999 0.01834 299
1753344015612 0.01834 300
