1753338926384 0.0010000000474974513 1
1753338943210 0.0010000000474974513 2
1753338960422 0.0010000000474974513 3
1753338977574 0.0010000000474974513 4
1753338994824 0.0010000000474974513 5
1753339011807 0.0010000000474974513 6
1753339029250 0.0010000000474974513 7
1753339046711 0.0010000000474974513 8
1753339064130 0.0010000000474974513 9
1753339081338 0.0010000000474974513 10
1753339098167 0.0010000000474974513 11
1753339115081 0.0010000000474974513 12
1753339132553 0.0010000000474974513 13
1753339150136 0.0010000000474974513 14
1753339167643 0.0010000000474974513 15
1753339185234 0.0010000000474974513 16
1753339202795 0.0010000000474974513 17
1753339220335 0.0010000000474974513 18
1753339237868 0.0010000000474974513 19
1753339255466 0.0010000000474974513 20
1753339273609 0.0010000000474974513 21
1753339291320 0.0010000000474974513 22
1753339308963 0.0010000000474974513 23
1753339326604 0.0010000000474974513 24
1753339344255 0.0010000000474974513 25
1753339361918 0.0010000000474974513 26
1753339379603 0.0010000000474974513 27
1753339397267 0.0010000000474974513 28
1753339414950 0.0010000000474974513 29
1753339432606 0.0010000000474974513 30
1753339450181 0.0010000000474974513 31
1753339467767 0.0010000000474974513 32
1753339485722 0.0010000000474974513 33
1753339502921 0.0010000000474974513 34
1753339519962 0.0010000000474974513 35
1753339537501 0.0010000000474974513 36
1753339555025 0.0010000000474974513 37
1753339572643 0.0010000000474974513 38
1753339590147 0.0010000000474974513 39
1753339607597 0.0010000000474974513 40
1753339624984 0.0010000000474974513 41
1753339642347 0.0010000000474974513 42
1753339659728 0.0010000000474974513 43
1753339677204 0.0010000000474974513 44
1753339694625 0.0010000000474974513 45
1753339712007 0.0010000000474974513 46
1753339729755 0.0010000000474974513 47
1753339747084 0.0010000000474974513 48
1753339764611 0.0010000000474974513 49
1753339781910 0.0010000000474974513 50
1753339799252 0.0010000000474974513 51
1753339816555 0.0010000000474974513 52
1753339833874 0.0010000000474974513 53
1753339851303 0.0010000000474974513 54
1753339868498 0.0010000000474974513 55
1753339885680 0.0010000000474974513 56
1753339902853 0.0010000000474974513 57
1753339920146 0.0010000000474974513 58
1753339937378 0.0010000000474974513 59
1753339954578 0.0010000000474974513 60
1753339971845 0.00020000000949949026 61
1753339989131 0.00020000000949949026 62
1753340006408 0.00020000000949949026 63
1753340023811 0.00020000000949949026 64
1753340041175 0.00020000000949949026 65
1753340058706 0.00020000000949949026 66
1753340075882 0.00020000000949949026 67
1753340093083 0.00020000000949949026 68
1753340110409 0.00020000000949949026 69
1753340127810 4.0000002627493814e-05 70
1753340145070 4.0000002627493814e-05 71
1753340162351 4.0000002627493814e-05 72
1753340179640 4.0000002627493814e-05 73
1753340196886 4.0000002627493814e-05 74
1753340214048 4.0000002627493814e-05 75
1753340231265 4.0000002627493814e-05 76
1753340248506 4.0000002627493814e-05 77
1753340265825 4.0000002627493814e-05 78
1753340283144 8.000000889296643e-06 79
1753340299665 8.000000889296643e-06 80
1753340316313 8.000000889296643e-06 81
1753340332953 8.000000889296643e-06 82
1753340349648 8.000000889296643e-06 83
1753340366454 8.000000889296643e-06 84
1753340383284 8.000000889296643e-06 85
1753340399944 8.000000889296643e-06 86
1753340416663 8.000000889296643e-06 87
1753340433429 1.6000001323845936e-06 88
1753340450406 1.6000001323845936e-06 89
1753340467496 1.6000001323845936e-06 90
1753340484637 1.6000001323845936e-06 91
1753340501589 1.6000001323845936e-06 92
1753340518169 1.6000001323845936e-06 93
1753340534653 1.6000001323845936e-06 94
1753340551802 1.6000001323845936e-06 95
1753340568510 1.6000001323845936e-06 96
1753340585450 9.999999974752427e-07 97
1753340602234 9.999999974752427e-07 98
1753340618993 9.999999974752427e-07 99
1753340636239 9.999999974752427e-07 100
1753340653044 9.999999974752427e-07 101
1753340670077 9.999999974752427e-07 102
1753340686937 9.999999974752427e-07 103
1753340704082 9.999999974752427e-07 104
1753340720471 9.999999974752427e-07 105
1753340737493 9.999999974752427e-07 106
1753340754338 9.999999974752427e-07 107
1753340771140 9.999999974752427e-07 108
1753340787988 9.999999974752427e-07 109
1753340805205 9.999999974752427e-07 110
1753340821962 9.999999974752427e-07 111
1753340838810 9.999999974752427e-07 112
1753340855786 9.999999974752427e-07 113
1753340872954 9.999999974752427e-07 114
1753340890000 9.999999974752427e-07 115
1753340906775 9.999999974752427e-07 116
1753340923580 9.999999974752427e-07 117
1753340940582 9.999999974752427e-07 118
1753340957279 9.999999974752427e-07 119
1753340974050 9.999999974752427e-07 120
1753340990785 9.999999974752427e-07 121
1753341007268 9.999999974752427e-07 122
1753341023734 9.999999974752427e-07 123
1753341040124 9.999999974752427e-07 124
1753341056729 9.999999974752427e-07 125
1753341073712 9.999999974752427e-07 126
1753341090120 9.999999974752427e-07 127
1753341106698 9.999999974752427e-07 128
1753341123098 9.999999974752427e-07 129
1753341139534 9.999999974752427e-07 130
1753341155949 9.999999974752427e-07 131
1753341172387 9.999999974752427e-07 132
1753341189268 9.999999974752427e-07 133
1753341205956 9.999999974752427e-07 134
1753341223265 9.999999974752427e-07 135
1753341240583 9.999999974752427e-07 136
1753341257880 9.999999974752427e-07 137
1753341275175 9.999999974752427e-07 138
1753341292612 9.999999974752427e-07 139
1753341310009 9.999999974752427e-07 140
1753341327990 9.999999974752427e-07 141
1753341345482 9.999999974752427e-07 142
1753341362537 9.999999974752427e-07 143
1753341379450 9.999999974752427e-07 144
1753341396330 9.999999974752427e-07 145
1753341413657 9.999999974752427e-07 146
1753341430612 9.999999974752427e-07 147
1753341447537 9.999999974752427e-07 148
1753341465065 9.999999974752427e-07 149
1753341481617 9.999999974752427e-07 150
1753341498098 9.999999974752427e-07 151
1753341514601 9.999999974752427e-07 152
1753341531231 9.999999974752427e-07 153
1753341547732 9.999999974752427e-07 154
1753341564240 9.999999974752427e-07 155
1753341581142 9.999999974752427e-07 156
1753341598071 9.999999974752427e-07 157
1753341614855 9.999999974752427e-07 158
1753341631645 9.999999974752427e-07 159
1753341648797 9.999999974752427e-07 160
1753341665685 9.999999974752427e-07 161
1753341682335 9.999999974752427e-07 162
1753341699034 9.999999974752427e-07 163
1753341716121 9.999999974752427e-07 164
1753341733711 9.999999974752427e-07 165
1753341751289 9.999999974752427e-07 166
1753341768863 9.999999974752427e-07 167
1753341786080 9.999999974752427e-07 168
1753341802647 9.999999974752427e-07 169
1753341819376 9.999999974752427e-07 170
1753341836249 9.999999974752427e-07 171
1753341853735 9.999999974752427e-07 172
1753341870369 9.999999974752427e-07 173
1753341887113 9.999999974752427e-07 174
1753341903843 9.999999974752427e-07 175
1753341920855 9.999999974752427e-07 176
1753341937532 9.999999974752427e-07 177
1753341954268 9.999999974752427e-07 178
1753341970885 9.999999974752427e-07 179
1753341987874 9.999999974752427e-07 180
1753342004572 9.999999974752427e-07 181
1753342021310 9.999999974752427e-07 182
1753342038063 9.999999974752427e-07 183
1753342054800 9.999999974752427e-07 184
1753342071611 9.999999974752427e-07 185
1753342088938 9.999999974752427e-07 186
1753342106373 9.999999974752427e-07 187
1753342123081 9.999999974752427e-07 188
1753342140225 9.999999974752427e-07 189
1753342157546 9.999999974752427e-07 190
1753342174489 9.999999974752427e-07 191
1753342191927 9.999999974752427e-07 192
1753342209304 9.999999974752427e-07 193
1753342226799 9.999999974752427e-07 194
1753342244213 9.999999974752427e-07 195
1753342261699 9.999999974752427e-07 196
1753342279141 9.999999974752427e-07 197
1753342296563 9.999999974752427e-07 198
1753342313981 9.999999974752427e-07 199
1753342331290 9.999999974752427e-07 200
1753342348853 9.999999974752427e-07 201
1753342366349 9.999999974752427e-07 202
1753342384186 9.999999974752427e-07 203
1753342401176 9.999999974752427e-07 204
1753342417972 9.999999974752427e-07 205
1753342434759 9.999999974752427e-07 206
1753342451651 9.999999974752427e-07 207
1753342468523 9.999999974752427e-07 208
1753342485387 9.999999974752427e-07 209
1753342502259 9.999999974752427e-07 210
1753342519155 9.999999974752427e-07 211
1753342536425 9.999999974752427e-07 212
1753342553448 9.999999974752427e-07 213
1753342570297 9.999999974752427e-07 214
1753342587265 9.999999974752427e-07 215
1753342604215 9.999999974752427e-07 216
1753342621447 9.999999974752427e-07 217
1753342638861 9.999999974752427e-07 218
1753342655735 9.999999974752427e-07 219
1753342672510 9.999999974752427e-07 220
1753342689249 9.999999974752427e-07 221
1753342706009 9.999999974752427e-07 222
1753342722846 9.999999974752427e-07 223
1753342739644 9.999999974752427e-07 224
1753342756371 9.999999974752427e-07 225
1753342773526 9.999999974752427e-07 226
1753342790660 9.999999974752427e-07 227
1753342807470 9.999999974752427e-07 228
1753342824246 9.999999974752427e-07 229
1753342841038 9.999999974752427e-07 230
1753342857948 9.999999974752427e-07 231
1753342874789 9.999999974752427e-07 232
1753342892312 9.999999974752427e-07 233
1753342909141 9.999999974752427e-07 234
1753342925920 9.999999974752427e-07 235
1753342942664 9.999999974752427e-07 236
1753342959487 9.999999974752427e-07 237
1753342976306 9.999999974752427e-07 238
1753342993210 9.999999974752427e-07 239
1753343010345 9.999999974752427e-07 240
1753343027181 9.999999974752427e-07 241
1753343044003 9.999999974752427e-07 242
1753343060841 9.999999974752427e-07 243
1753343077576 9.999999974752427e-07 244
1753343094343 9.999999974752427e-07 245
1753343111424 9.999999974752427e-07 246
1753343128528 9.999999974752427e-07 247
1753343145296 9.999999974752427e-07 248
1753343162831 9.999999974752427e-07 249
1753343179909 9.999999974752427e-07 250
1753343196675 9.999999974752427e-07 251
1753343213454 9.999999974752427e-07 252
1753343230241 9.999999974752427e-07 253
1753343247092 9.999999974752427e-07 254
1753343264023 9.999999974752427e-07 255
1753343280791 9.999999974752427e-07 256
1753343297572 9.999999974752427e-07 257
1753343314652 9.999999974752427e-07 258
1753343331799 9.999999974752427e-07 259
1753343348737 9.999999974752427e-07 260
1753343365614 9.999999974752427e-07 261
1753343382476 9.999999974752427e-07 262
1753343399784 9.999999974752427e-07 263
1753343417189 9.999999974752427e-07 264
1753343434089 9.999999974752427e-07 265
1753343450878 9.999999974752427e-07 266
1753343467823 9.999999974752427e-07 267
1753343485048 9.999999974752427e-07 268
1753343502003 9.999999974752427e-07 269
1753343518740 9.999999974752427e-07 270
1753343535817 9.999999974752427e-07 271
1753343553041 9.999999974752427e-07 272
1753343569882 9.999999974752427e-07 273
1753343586520 9.999999974752427e-07 274
1753343603526 9.999999974752427e-07 275
1753343620947 9.999999974752427e-07 276
1753343638334 9.999999974752427e-07 277
1753343655762 9.999999974752427e-07 278
1753343673256 9.999999974752427e-07 279
1753343691296 9.999999974752427e-07 280
1753343708800 9.999999974752427e-07 281
1753343726261 9.999999974752427e-07 282
1753343743231 9.999999974752427e-07 283
1753343760127 9.999999974752427e-07 284
1753343776898 9.999999974752427e-07 285
1753343794056 9.999999974752427e-07 286
1753343810861 9.999999974752427e-07 287
1753343827635 9.999999974752427e-07 288
1753343844334 9.999999974752427e-07 289
1753343861229 9.999999974752427e-07 290
1753343878176 9.999999974752427e-07 291
1753343895296 9.999999974752427e-07 292
1753343912380 9.999999974752427e-07 293
1753343929148 9.999999974752427e-07 294
1753343946282 9.999999974752427e-07 295
1753343962872 9.999999974752427e-07 296
1753343979391 9.999999974752427e-07 297
1753343995902 9.999999974752427e-07 298
1753344012513 9.999999974752427e-07 299
1753344029025 9.999999974752427e-07 300
