1753354566498 1.0 0
1753354586242 2.0 0
1753354606329 3.0 0
1753354625963 4.0 0
1753354646342 5.0 0
1753354666035 6.0 0
1753354685651 7.0 0
1753354705321 8.0 0
1753354724793 9.0 0
1753354744411 10.0 0
1753354763872 11.0 0
1753354783481 12.0 0
1753354802975 13.0 0
1753354822656 14.0 0
1753354842373 15.0 0
1753354862169 16.0 0
1753354881746 17.0 0
1753354901832 18.0 0
1753354921382 19.0 0
1753354941140 20.0 0
1753354960911 21.0 0
1753354980538 22.0 0
1753355000108 23.0 0
1753355020238 24.0 0
1753355039914 25.0 0
1753355059494 26.0 0
1753355079090 27.0 0
1753355098800 28.0 0
1753355118351 29.0 0
1753355138495 30.0 0
1753355158322 31.0 0
1753355178296 32.0 0
1753355198237 33.0 0
1753355217830 34.0 0
1753355237488 35.0 0
1753355257218 36.0 0
1753355277060 37.0 0
1753355296788 38.0 0
1753355336112 40.0 0
1753355355898 41.0 0
1753355375391 42.0 0
1753355395419 43.0 0
1753355415408 44.0 0
1753355454712 46.0 0
1753355474333 47.0 0
1753355531786 50.0 0
1753355551652 51.0 0
1753355571425 52.0 0
1753355670009 57.0 0
1753355806579 64.0 0
