1753354551453 0.63673 1
1753354572376 0.49557 2
1753354592035 0.42306 3
1753354612068 0.36243 4
1753354631824 0.30906 5
1753354652210 0.26288 6
1753354671893 0.22359 7
1753354691485 0.19064 8
1753354711074 0.16273 9
1753354730584 0.13825 10
1753354750171 0.11917 11
1753354769645 0.1037 12
1753354789288 0.09111 13
1753354808789 0.0808 14
1753354828531 0.07237 15
1753354848136 0.06529 16
1753354868053 0.05945 17
1753354887637 0.05455 18
1753354907635 0.05043 19
1753354927139 0.04689 20
1753354946947 0.04389 21
1753354966717 0.04127 22
1753354986402 0.03906 23
1753355005952 0.03709 24
1753355026091 0.03537 25
1753355045769 0.03388 26
1753355065371 0.03255 27
1753355084976 0.03133 28
1753355104570 0.03032 29
1753355124219 0.02941 30
1753355144381 0.02861 31
1753355164193 0.02781 32
1753355184138 0.02718 33
1753355204103 0.02662 34
1753355223632 0.02604 35
1753355243270 0.02551 36
1753355263079 0.0252 37
1753355282888 0.0246 38
1753355302566 0.0242 39
1753355322139 0.02385 40
1753355342015 0.02349 41
1753355361765 0.02315 42
1753355381242 0.0229 43
1753355401271 0.0226 44
1753355421302 0.02238 45
1753355440980 0.02214 46
1753355460637 0.02198 47
1753355480234 0.02175 48
1753355498979 0.02158 49
1753355518505 0.0214 50
1753355537583 0.02123 51
1753355557531 0.02111 52
1753355577323 0.02092 53
1753355597029 0.0208 54
1753355616634 0.02065 55
1753355636236 0.02052 56
1753355655801 0.02041 57
1753355675849 0.02033 58
1753355695506 0.02028 59
1753355715086 0.02015 60
1753355734609 0.02002 61
1753355753762 0.01991 62
1753355773318 0.01984 63
1753355793177 0.01977 64
1753355812417 0.01965 65
1753355831404 0.01958 66
1753355850736 0.01951 67
1753355870722 0.01947 68
1753355890836 0.0194 69
1753355910261 0.0194 70
1753355929813 0.01924 71
1753355949373 0.01918 72
1753355969122 0.01914 73
1753355988513 0.01899 74
1753356007854 0.01893 75
1753356027424 0.0189 76
1753356047662 0.0189 77
1753356067617 0.01884 78
1753356087535 0.01884 79
1753356107425 0.01881 80
1753356127277 0.01879 81
1753356146916 0.0188 82
1753356166714 0.01875 83
1753356186730 0.01875 84
1753356206842 0.0187 85
1753356226518 0.0187 86
1753356246405 0.01872 87
1753356266394 0.01872 88
1753356285950 0.0187 89
1753356305354 0.01872 90
1753356324962 0.0187 91
1753356344609 0.01871 92
1753356364166 0.01869 93
1753356383662 0.01871 94
1753356403639 0.0187 95
1753356423190 0.01868 96
1753356442746 0.01867 97
1753356462385 0.01869 98
1753356481979 0.01867 99
1753356502147 0.01867 100
1753356521692 0.01867 101
1753356541359 0.01866 102
1753356560456 0.01867 103
1753356579403 0.01865 104
1753356598814 0.01866 105
1753356618263 0.01868 106
1753356637624 0.01868 107
1753356657440 0.01866 108
1753356677114 0.01866 109
1753356696711 0.01867 110
1753356716688 0.01864 111
1753356736534 0.01869 112
1753356756134 0.01866 113
1753356775883 0.01868 114
1753356795676 0.01869 115
1753356815507 0.0187 116
1753356835289 0.01871 117
1753356854867 0.01864 118
1753356874604 0.01868 119
1753356894117 0.01866 120
1753356913746 0.01867 121
1753356933487 0.01867 122
1753356953122 0.01868 123
1753356972899 0.01869 124
1753356992672 0.01867 125
1753357012260 0.01867 126
1753357031993 0.01868 127
1753357051655 0.01868 128
1753357071233 0.01867 129
1753357090890 0.01868 130
1753357110259 0.01865 131
1753357130483 0.01866 132
1753357150217 0.01868 133
1753357169738 0.01867 134
1753357189479 0.01867 135
1753357209374 0.01871 136
1753357229100 0.01867 137
1753357249002 0.01866 138
1753357268928 0.01867 139
1753357288526 0.01868 140
1753357308188 0.01868 141
1753357327862 0.01867 142
1753357347582 0.01867 143
1753357367510 0.01869 144
1753357386891 0.01867 145
1753357406503 0.01867 146
1753357426346 0.01868 147
1753357446126 0.01865 148
1753357465601 0.01866 149
1753357485086 0.01867 150
1753357504921 0.01868 151
1753357524477 0.01869 152
1753357543992 0.01866 153
1753357563569 0.01869 154
1753357583381 0.01869 155
1753357602526 0.01867 156
1753357621672 0.01865 157
1753357641017 0.01867 158
1753357660637 0.01867 159
1753357679724 0.01867 160
1753357698862 0.01867 161
1753357718688 0.01867 162
1753357738364 0.01868 163
1753357758048 0.01867 164
1753357777839 0.01866 165
1753357797908 0.01869 166
1753357817691 0.01866 167
1753357837318 0.01866 168
1753357857020 0.01865 169
1753357876492 0.01867 170
1753357895927 0.01866 171
1753357915594 0.01869 172
1753357935186 0.01865 173
1753357954921 0.01867 174
1753357975212 0.01866 175
1753357994535 0.01864 176
1753358014665 0.01869 177
1753358034709 0.01864 178
1753358054716 0.01868 179
1753358074531 0.01869 180
1753358094286 0.01868 181
1753358113846 0.01868 182
1753358133400 0.01866 183
1753358153376 0.01864 184
1753358173447 0.01863 185
1753358193113 0.01868 186
1753358212742 0.01867 187
1753358232290 0.01866 188
1753358252015 0.01864 189
1753358271997 0.01864 190
1753358291548 0.01863 191
1753358311232 0.01867 192
1753358330589 0.01867 193
1753358350441 0.01866 194
1753358370024 0.01867 195
1753358389883 0.01864 196
1753358409567 0.01864 197
1753358429373 0.01865 198
1753358449131 0.01864 199
1753358468734 0.01863 200
1753358488459 0.01865 201
1753358508105 0.01864 202
1753358527331 0.01865 203
1753358546332 0.01864 204
1753358565182 0.01863 205
1753358584014 0.01864 206
1753358603174 0.01864 207
1753358622179 0.01866 208
1753358641550 0.01868 209
1753358660545 0.01865 210
1753358679913 0.01866 211
1753358699962 0.01863 212
1753358719190 0.01864 213
1753358738417 0.01867 214
1753358757314 0.01865 215
1753358776223 0.01863 216
1753358795026 0.01865 217
1753358813961 0.01864 218
1753358833641 0.01862 219
1753358853159 0.01864 220
1753358872850 0.01864 221
1753358892469 0.01864 222
1753358912126 0.01862 223
1753358932133 0.01866 224
1753358952146 0.01865 225
1753358972303 0.01865 226
1753358991987 0.01866 227
1753359011872 0.01863 228
1753359031991 0.01865 229
1753359051411 0.01865 230
1753359071019 0.01864 231
1753359090774 0.01863 232
1753359110719 0.01864 233
1753359130501 0.01865 234
1753359150229 0.01861 235
1753359169812 0.01864 236
1753359189782 0.01863 237
1753359208791 0.01862 238
1753359227872 0.01864 239
1753359247182 0.01863 240
1753359266688 0.01865 241
1753359286231 0.01863 242
1753359305304 0.01864 243
1753359324703 0.01865 244
1753359344325 0.01865 245
1753359364055 0.01862 246
1753359383642 0.01862 247
1753359403205 0.01862 248
1753359422730 0.01864 249
1753359441599 0.01868 250
1753359460877 0.01865 251
1753359480331 0.01863 252
1753359499645 0.01861 253
1753359519252 0.01863 254
1753359538432 0.01865 255
1753359557354 0.01862 256
1753359576549 0.01861 257
1753359595740 0.01862 258
1753359614644 0.01863 259
1753359634196 0.0186 260
1753359653845 0.0186 261
1753359673584 0.01863 262
1753359692737 0.0186 263
1753359712369 0.01862 264
1753359731412 0.0186 265
1753359751019 0.01866 266
1753359770574 0.01861 267
1753359790204 0.01861 268
1753359810218 0.01861 269
1753359829582 0.01859 270
1753359848642 0.0186 271
1753359867945 0.01864 272
1753359887026 0.01864 273
1753359906048 0.01863 274
1753359925842 0.01863 275
1753359945404 0.01862 276
1753359965348 0.01861 277
1753359984984 0.01863 278
1753360004172 0.0186 279
1753360023996 0.01863 280
1753360044023 0.01863 281
1753360063814 0.0186 282
1753360083352 0.01859 283
1753360103483 0.01861 284
1753360123380 0.01861 285
1753360142892 0.01862 286
1753360162494 0.0186 287
1753360182094 0.0186 288
1753360201675 0.01861 289
1753360221245 0.0186 290
1753360240786 0.01864 291
1753360260560 0.0186 292
1753360280212 0.01861 293
1753360300105 0.01859 294
1753360319600 0.01861 295
1753360339876 0.0186 296
1753360359792 0.01859 297
1753360379845 0.01859 298
1753360399801 0.01861 299
1753360419759 0.01863 300
