1753354566506 0.0010000000474974513 1
1753354586247 0.0010000000474974513 2
1753354606334 0.0010000000474974513 3
1753354625967 0.0010000000474974513 4
1753354646348 0.0010000000474974513 5
1753354666040 0.0010000000474974513 6
1753354685658 0.0010000000474974513 7
1753354705330 0.0010000000474974513 8
1753354724802 0.0010000000474974513 9
1753354744415 0.0010000000474974513 10
1753354763876 0.0010000000474974513 11
1753354783485 0.0010000000474974513 12
1753354802979 0.0010000000474974513 13
1753354822660 0.0010000000474974513 14
1753354842380 0.0010000000474974513 15
1753354862178 0.0010000000474974513 16
1753354881751 0.0010000000474974513 17
1753354901837 0.0010000000474974513 18
1753354921386 0.0010000000474974513 19
1753354941145 0.0010000000474974513 20
1753354960915 0.0010000000474974513 21
1753354980544 0.0010000000474974513 22
1753355000115 0.0010000000474974513 23
1753355020247 0.0010000000474974513 24
1753355039920 0.0010000000474974513 25
1753355059500 0.0010000000474974513 26
1753355079097 0.0010000000474974513 27
1753355098806 0.0010000000474974513 28
1753355118355 0.0010000000474974513 29
1753355138505 0.0010000000474974513 30
1753355158328 0.0010000000474974513 31
1753355178300 0.0010000000474974513 32
1753355198241 0.0010000000474974513 33
1753355217835 0.0010000000474974513 34
1753355237492 0.0010000000474974513 35
1753355257223 0.0010000000474974513 36
1753355277068 0.0010000000474974513 37
1753355296796 0.0010000000474974513 38
1753355316365 0.0010000000474974513 39
1753355336117 0.0010000000474974513 40
1753355355903 0.0010000000474974513 41
1753355375398 0.0010000000474974513 42
1753355395424 0.0010000000474974513 43
1753355415412 0.0010000000474974513 44
1753355435181 0.0010000000474974513 45
1753355454718 0.0010000000474974513 46
1753355474339 0.0010000000474974513 47
1753355493213 0.0010000000474974513 48
1753355512590 0.0010000000474974513 49
1753355531791 0.0010000000474974513 50
1753355551657 0.0010000000474974513 51
1753355571429 0.0010000000474974513 52
1753355591090 0.0010000000474974513 53
1753355610759 0.0010000000474974513 54
1753355630351 0.0010000000474974513 55
1753355649938 0.0010000000474974513 56
1753355670015 0.0010000000474974513 57
1753355689674 0.0010000000474974513 58
1753355709230 0.0010000000474974513 59
1753355728761 0.0010000000474974513 60
1753355747979 0.0010000000474974513 61
1753355767493 0.0010000000474974513 62
1753355787278 0.0010000000474974513 63
1753355806583 0.0010000000474974513 64
1753355825543 0.0010000000474974513 65
1753355844897 0.0010000000474974513 66
1753355864850 0.0010000000474974513 67
1753355885013 0.0010000000474974513 68
1753355904455 0.0010000000474974513 69
1753355923966 0.0010000000474974513 70
1753355943537 0.0010000000474974513 71
1753355963275 0.0010000000474974513 72
1753355982707 0.00020000000949949026 73
1753356002070 0.00020000000949949026 74
1753356021637 0.00020000000949949026 75
1753356041775 0.00020000000949949026 76
1753356061668 0.00020000000949949026 77
1753356081758 0.00020000000949949026 78
1753356101555 0.00020000000949949026 79
1753356121495 0.00020000000949949026 80
1753356141013 0.00020000000949949026 81
1753356160871 4.0000002627493814e-05 82
1753356180745 4.0000002627493814e-05 83
1753356200935 4.0000002627493814e-05 84
1753356220669 4.0000002627493814e-05 85
1753356240547 4.0000002627493814e-05 86
1753356260572 4.0000002627493814e-05 87
1753356280128 4.0000002627493814e-05 88
1753356299484 4.0000002627493814e-05 89
1753356319087 4.0000002627493814e-05 90
1753356338761 8.000000889296643e-06 91
1753356358299 8.000000889296643e-06 92
1753356377874 8.000000889296643e-06 93
1753356397765 8.000000889296643e-06 94
1753356417342 8.000000889296643e-06 95
1753356436855 8.000000889296643e-06 96
1753356456545 8.000000889296643e-06 97
1753356476153 8.000000889296643e-06 98
1753356496266 8.000000889296643e-06 99
1753356515797 1.6000001323845936e-06 100
1753356535468 1.6000001323845936e-06 101
1753356554671 1.6000001323845936e-06 102
1753356573625 1.6000001323845936e-06 103
1753356592989 1.6000001323845936e-06 104
1753356612399 1.6000001323845936e-06 105
1753356631853 1.6000001323845936e-06 106
1753356651594 1.6000001323845936e-06 107
1753356671288 1.6000001323845936e-06 108
1753356690807 9.999999974752427e-07 109
1753356710710 9.999999974752427e-07 110
1753356730664 9.999999974752427e-07 111
1753356750297 9.999999974752427e-07 112
1753356770008 9.999999974752427e-07 113
1753356789764 9.999999974752427e-07 114
1753356809678 9.999999974752427e-07 115
1753356829440 9.999999974752427e-07 116
1753356849049 9.999999974752427e-07 117
1753356868777 9.999999974752427e-07 118
1753356888307 9.999999974752427e-07 119
1753356907891 9.999999974752427e-07 120
1753356927573 9.999999974752427e-07 121
1753356947269 9.999999974752427e-07 122
1753356967075 9.999999974752427e-07 123
1753356986802 9.999999974752427e-07 124
1753357006429 9.999999974752427e-07 125
1753357026180 9.999999974752427e-07 126
1753357045832 9.999999974752427e-07 127
1753357065418 9.999999974752427e-07 128
1753357085013 9.999999974752427e-07 129
1753357104317 9.999999974752427e-07 130
1753357124273 9.999999974752427e-07 131
1753357144351 9.999999974752427e-07 132
1753357163935 9.999999974752427e-07 133
1753357183691 9.999999974752427e-07 134
1753357203572 9.999999974752427e-07 135
1753357223240 9.999999974752427e-07 136
1753357242827 9.999999974752427e-07 137
1753357263031 9.999999974752427e-07 138
1753357282731 9.999999974752427e-07 139
1753357302281 9.999999974752427e-07 140
1753357321996 9.999999974752427e-07 141
1753357341687 9.999999974752427e-07 142
1753357361645 9.999999974752427e-07 143
1753357381092 9.999999974752427e-07 144
1753357400669 9.999999974752427e-07 145
1753357420431 9.999999974752427e-07 146
1753357440282 9.999999974752427e-07 147
1753357459835 9.999999974752427e-07 148
1753357479229 9.999999974752427e-07 149
1753357499060 9.999999974752427e-07 150
1753357518646 9.999999974752427e-07 151
1753357538141 9.999999974752427e-07 152
1753357557770 9.999999974752427e-07 153
1753357577593 9.999999974752427e-07 154
1753357596734 9.999999974752427e-07 155
1753357615799 9.999999974752427e-07 156
1753357635087 9.999999974752427e-07 157
1753357654794 9.999999974752427e-07 158
1753357673865 9.999999974752427e-07 159
1753357692967 9.999999974752427e-07 160
1753357712761 9.999999974752427e-07 161
1753357732546 9.999999974752427e-07 162
1753357752125 9.999999974752427e-07 163
1753357771739 9.999999974752427e-07 164
1753357792039 9.999999974752427e-07 165
1753357811816 9.999999974752427e-07 166
1753357831425 9.999999974752427e-07 167
1753357851230 9.999999974752427e-07 168
1753357870758 9.999999974752427e-07 169
1753357890198 9.999999974752427e-07 170
1753357909763 9.999999974752427e-07 171
1753357929339 9.999999974752427e-07 172
1753357949024 9.999999974752427e-07 173
1753357969358 9.999999974752427e-07 174
1753357988808 9.999999974752427e-07 175
1753358008905 9.999999974752427e-07 176
1753358028953 9.999999974752427e-07 177
1753358048938 9.999999974752427e-07 178
1753358068766 9.999999974752427e-07 179
1753358088418 9.999999974752427e-07 180
1753358108025 9.999999974752427e-07 181
1753358127580 9.999999974752427e-07 182
1753358147587 9.999999974752427e-07 183
1753358167549 9.999999974752427e-07 184
1753358187253 9.999999974752427e-07 185
1753358206961 9.999999974752427e-07 186
1753358226527 9.999999974752427e-07 187
1753358246194 9.999999974752427e-07 188
1753358266188 9.999999974752427e-07 189
1753358285735 9.999999974752427e-07 190
1753358305392 9.999999974752427e-07 191
1753358324751 9.999999974752427e-07 192
1753358344549 9.999999974752427e-07 193
1753358364143 9.999999974752427e-07 194
1753358383984 9.999999974752427e-07 195
1753358403747 9.999999974752427e-07 196
1753358423501 9.999999974752427e-07 197
1753358443326 9.999999974752427e-07 198
1753358462808 9.999999974752427e-07 199
1753358482524 9.999999974752427e-07 200
1753358502224 9.999999974752427e-07 201
1753358521547 9.999999974752427e-07 202
1753358540613 9.999999974752427e-07 203
1753358559400 9.999999974752427e-07 204
1753358578264 9.999999974752427e-07 205
1753358597370 9.999999974752427e-07 206
1753358616393 9.999999974752427e-07 207
1753358635753 9.999999974752427e-07 208
1753358654745 9.999999974752427e-07 209
1753358674140 9.999999974752427e-07 210
1753358694035 9.999999974752427e-07 211
1753358713283 9.999999974752427e-07 212
1753358732563 9.999999974752427e-07 213
1753358751420 9.999999974752427e-07 214
1753358770345 9.999999974752427e-07 215
1753358789181 9.999999974752427e-07 216
1753358808076 9.999999974752427e-07 217
1753358827573 9.999999974752427e-07 218
1753358847263 9.999999974752427e-07 219
1753358866951 9.999999974752427e-07 220
1753358886717 9.999999974752427e-07 221
1753358906165 9.999999974752427e-07 222
1753358926332 9.999999974752427e-07 223
1753358946279 9.999999974752427e-07 224
1753358966570 9.999999974752427e-07 225
1753358986187 9.999999974752427e-07 226
1753359006008 9.999999974752427e-07 227
1753359026006 9.999999974752427e-07 228
1753359045629 9.999999974752427e-07 229
1753359065122 9.999999974752427e-07 230
1753359084879 9.999999974752427e-07 231
1753359104741 9.999999974752427e-07 232
1753359124692 9.999999974752427e-07 233
1753359144419 9.999999974752427e-07 234
1753359163935 9.999999974752427e-07 235
1753359183940 9.999999974752427e-07 236
1753359202936 9.999999974752427e-07 237
1753359222033 9.999999974752427e-07 238
1753359241338 9.999999974752427e-07 239
1753359260814 9.999999974752427e-07 240
1753359280432 9.999999974752427e-07 241
1753359299536 9.999999974752427e-07 242
1753359318978 9.999999974752427e-07 243
1753359338524 9.999999974752427e-07 244
1753359358275 9.999999974752427e-07 245
1753359377712 9.999999974752427e-07 246
1753359397433 9.999999974752427e-07 247
1753359416879 9.999999974752427e-07 248
1753359435775 9.999999974752427e-07 249
1753359454934 9.999999974752427e-07 250
1753359474387 9.999999974752427e-07 251
1753359493659 9.999999974752427e-07 252
1753359513305 9.999999974752427e-07 253
1753359532594 9.999999974752427e-07 254
1753359551516 9.999999974752427e-07 255
1753359570652 9.999999974752427e-07 256
1753359589870 9.999999974752427e-07 257
1753359608765 9.999999974752427e-07 258
1753359628361 9.999999974752427e-07 259
1753359647980 9.999999974752427e-07 260
1753359667632 9.999999974752427e-07 261
1753359686905 9.999999974752427e-07 262
1753359706525 9.999999974752427e-07 263
1753359725540 9.999999974752427e-07 264
1753359745116 9.999999974752427e-07 265
1753359764704 9.999999974752427e-07 266
1753359784341 9.999999974752427e-07 267
1753359804367 9.999999974752427e-07 268
1753359823708 9.999999974752427e-07 269
1753359842669 9.999999974752427e-07 270
1753359862111 9.999999974752427e-07 271
1753359881171 9.999999974752427e-07 272
1753359900239 9.999999974752427e-07 273
1753359920018 9.999999974752427e-07 274
1753359939503 9.999999974752427e-07 275
1753359959462 9.999999974752427e-07 276
1753359979091 9.999999974752427e-07 277
1753359998323 9.999999974752427e-07 278
1753360018166 9.999999974752427e-07 279
1753360038241 9.999999974752427e-07 280
1753360057944 9.999999974752427e-07 281
1753360077559 9.999999974752427e-07 282
1753360097637 9.999999974752427e-07 283
1753360117459 9.999999974752427e-07 284
1753360137060 9.999999974752427e-07 285
1753360156640 9.999999974752427e-07 286
1753360176324 9.999999974752427e-07 287
1753360195869 9.999999974752427e-07 288
1753360215432 9.999999974752427e-07 289
1753360234936 9.999999974752427e-07 290
1753360254744 9.999999974752427e-07 291
1753360274484 9.999999974752427e-07 292
1753360294316 9.999999974752427e-07 293
1753360313789 9.999999974752427e-07 294
1753360333946 9.999999974752427e-07 295
1753360353881 9.999999974752427e-07 296
1753360373925 9.999999974752427e-07 297
1753360393881 9.999999974752427e-07 298
1753360413842 9.999999974752427e-07 299
1753360433822 9.999999974752427e-07 300
