1753351599874 1.0 0
1753351613947 2.0 0
1753351629083 3.0 0
1753351643147 4.0 0
1753351657131 5.0 0
1753351671338 6.0 0
1753351685313 7.0 0
1753351699470 8.0 0
1753351713716 9.0 0
1753351727640 10.0 0
1753351741756 11.0 0
1753351755746 12.0 0
1753351769827 13.0 0
1753351783824 14.0 0
1753351797533 15.0 0
1753351811477 16.0 0
1753351825335 17.0 0
1753351839248 18.0 0
1753351853280 19.0 0
1753351867123 20.0 0
1753351881093 21.0 0
1753351894983 22.0 0
1753351909001 23.0 0
1753351923013 24.0 0
1753351936948 25.0 0
1753351950965 26.0 0
1753351964867 27.0 0
1753351992869 29.0 0
1753352006782 30.0 0
1753352020859 31.0 0
1753352034607 32.0 0
1753352048559 33.0 0
1753352062513 34.0 0
1753352076538 35.0 0
1753352090522 36.0 0
1753352104440 37.0 0
1753352118367 38.0 0
1753352132465 39.0 0
1753352146344 40.0 0
1753352160327 41.0 0
1753352174413 42.0 0
1753352188249 43.0 0
1753352202235 44.0 0
1753352229865 46.0 0
1753352243907 47.0 0
1753352258095 48.0 0
1753352286193 50.0 0
1753352300260 51.0 0
1753352313936 52.0 0
1753352328002 53.0 0
1753352342025 54.0 0
1753352355826 55.0 0
1753352369896 56.0 0
1753352397691 58.0 0
1753352411707 59.0 0
1753352425489 60.0 0
1753352439537 61.0 0
1753352453581 62.0 0
1753352481461 64.0 0
1753352495536 65.0 0
1753352509482 66.0 0
1753352537253 68.0 0
1753352579418 71.0 0
1753352621186 74.0 0
1753352635057 75.0 0
1753352663116 77.0 0
1753352733074 82.0 0
