1753351587755 0.70573 1
1753351603062 0.59744 2
1753351617021 0.55457 3
1753351632227 0.51618 4
1753351646293 0.4796 5
1753351660187 0.44588 6
1753351674475 0.41183 7
1753351688417 0.38073 8
1753351702540 0.352 9
1753351716847 0.32501 10
1753351730708 0.3001 11
1753351744851 0.27735 12
1753351758763 0.25637 13
1753351772881 0.23726 14
1753351786739 0.21969 15
1753351800476 0.20371 16
1753351814562 0.18913 17
1753351828340 0.17576 18
1753351842240 0.16247 19
1753351856308 0.14943 20
1753351870075 0.13812 21
1753351884117 0.12766 22
1753351898031 0.11853 23
1753351912000 0.11058 24
1753351926085 0.10328 25
1753351939946 0.09658 26
1753351954052 0.09038 27
1753351967907 0.08474 28
1753351981907 0.07174 29
1753351995972 0.06654 30
1753352009774 0.06278 31
1753352023844 0.05956 32
1753352037698 0.05671 33
1753352051605 0.05405 34
1753352065515 0.05179 35
1753352079619 0.04963 36
1753352093508 0.04765 37
1753352107450 0.04581 38
1753352121414 0.04426 39
1753352135559 0.04272 40
1753352149403 0.04135 41
1753352163358 0.04012 42
1753352177438 0.03888 43
1753352191351 0.03788 44
1753352205183 0.03677 45
1753352218990 0.03589 46
1753352232956 0.03499 47
1753352247127 0.03411 48
1753352261180 0.03337 49
1753352275206 0.03266 50
1753352289229 0.03198 51
1753352303176 0.03139 52
1753352317033 0.03078 53
1753352331007 0.03025 54
1753352345043 0.02969 55
1753352358922 0.02921 56
1753352372962 0.02876 57
1753352386911 0.02836 58
1753352400775 0.02793 59
1753352414718 0.02751 60
1753352428551 0.02717 61
1753352442590 0.02689 62
1753352456648 0.02654 63
1753352470462 0.0262 64
1753352484534 0.02589 65
1753352498597 0.02559 66
1753352512498 0.02533 67
1753352526359 0.02511 68
1753352540349 0.02484 69
1753352554474 0.02462 70
1753352568411 0.02447 71
1753352582456 0.02416 72
1753352596422 0.02401 73
1753352610289 0.02381 74
1753352624266 0.02359 75
1753352638108 0.02339 76
1753352652120 0.02325 77
1753352666174 0.0231 78
1753352679972 0.02292 79
1753352693911 0.02279 80
1753352708229 0.02263 81
1753352722039 0.02246 82
1753352736074 0.02235 83
1753352750059 0.02222 84
1753352763991 0.0221 85
1753352778101 0.02195 86
1753352792035 0.02184 87
1753352806312 0.02171 88
1753352820110 0.0216 89
1753352833970 0.02152 90
1753352847657 0.02145 91
1753352861627 0.02128 92
1753352875923 0.02119 93
1753352889776 0.02113 94
1753352903662 0.02112 95
1753352917727 0.0211 96
1753352931590 0.02104 97
1753352945661 0.02102 98
1753352959500 0.02102 99
1753352973581 0.021 100
1753352987477 0.02095 101
1753353001252 0.02092 102
1753353015208 0.02089 103
1753353029055 0.02089 104
1753353043067 0.02092 105
1753353057134 0.0209 106
1753353071021 0.02088 107
1753353085030 0.02086 108
1753353098885 0.02083 109
1753353112996 0.02087 110
1753353126989 0.02085 111
1753353140844 0.02089 112
1753353154902 0.02087 113
1753353169010 0.02088 114
1753353182742 0.02085 115
1753353196616 0.02084 116
1753353210472 0.02083 117
1753353224440 0.02087 118
1753353238514 0.02083 119
1753353252445 0.02088 120
1753353266598 0.02085 121
1753353280647 0.02083 122
1753353294601 0.02086 123
1753353308371 0.02084 124
1753353322384 0.02081 125
1753353336408 0.02083 126
1753353350183 0.02082 127
1753353364288 0.02083 128
1753353378492 0.02086 129
1753353392445 0.02082 130
1753353406421 0.02085 131
1753353420265 0.02084 132
1753353434336 0.02082 133
1753353448314 0.02084 134
1753353462297 0.02082 135
1753353476323 0.02084 136
1753353490595 0.02084 137
1753353504580 0.02084 138
1753353518529 0.02086 139
1753353532563 0.02083 140
1753353546758 0.02083 141
1753353560624 0.02083 142
1753353574841 0.02085 143
1753353589077 0.02082 144
1753353602847 0.02084 145
1753353616789 0.02085 146
1753353630755 0.02084 147
1753353644754 0.02083 148
1753353658777 0.02083 149
1753353672744 0.02082 150
1753353686663 0.02085 151
1753353700642 0.02083 152
1753353714454 0.02086 153
1753353728195 0.02083 154
1753353742140 0.02085 155
1753353756403 0.02082 156
1753353770348 0.02084 157
1753353784596 0.02084 158
1753353798697 0.02085 159
1753353812534 0.02081 160
1753353826470 0.02086 161
1753353840445 0.02084 162
1753353854380 0.02081 163
1753353868433 0.02083 164
1753353882394 0.02084 165
1753353896243 0.02082 166
1753353910252 0.02084 167
1753353924114 0.02085 168
1753353938026 0.02082 169
1753353952106 0.02086 170
1753353966503 0.02085 171
1753353980377 0.02082 172
1753353994391 0.02083 173
1753354008489 0.0208 174
1753354022187 0.02082 175
1753354036129 0.02085 176
1753354049910 0.02082 177
1753354063865 0.02085 178
1753354078199 0.02084 179
1753354092175 0.02083 180
1753354106013 0.02084 181
1753354120123 0.02081 182
1753354134032 0.02084 183
1753354147768 0.02085 184
1753354161668 0.02082 185
1753354175864 0.02083 186
1753354189702 0.02082 187
1753354203692 0.02081 188
1753354217751 0.0208 189
1753354231511 0.02081 190
1753354245469 0.02083 191
1753354259372 0.02085 192
1753354273277 0.02079 193
1753354287417 0.02082 194
1753354301280 0.02086 195
1753354315304 0.02083 196
1753354329406 0.02082 197
1753354343279 0.02084 198
1753354357135 0.02085 199
1753354371144 0.02084 200
1753354385192 0.02082 201
1753354398917 0.0208 202
1753354412887 0.02084 203
1753354426978 0.02081 204
1753354440753 0.02083 205
1753354454464 0.02081 206
1753354468182 0.02084 207
1753354482164 0.02078 208
1753354496206 0.02085 209
1753354509991 0.02081 210
1753354524060 0.02082 211
1753354538157 0.02081 212
1753354552025 0.02084 213
1753354565795 0.02083 214
1753354579873 0.02085 215
1753354594058 0.02082 216
1753354608022 0.02082 217
1753354622035 0.02082 218
1753354636244 0.02079 219
1753354650062 0.02083 220
1753354663910 0.02083 221
1753354678040 0.02083 222
1753354691959 0.02079 223
1753354706039 0.02078 224
1753354719847 0.0208 225
1753354733826 0.02082 226
1753354747920 0.02079 227
1753354761650 0.02081 228
1753354775728 0.0208 229
1753354789731 0.02085 230
1753354803827 0.02081 231
1753354817644 0.0208 232
1753354831555 0.02083 233
1753354845613 0.02082 234
1753354859805 0.02079 235
1753354873682 0.02081 236
1753354887533 0.02081 237
1753354901603 0.0208 238
1753354915441 0.02078 239
1753354929175 0.0208 240
1753354943130 0.02081 241
1753354956881 0.02077 242
1753354970896 0.02083 243
1753354984729 0.02082 244
1753354998639 0.02075 245
1753355012606 0.02079 246
1753355026338 0.02076 247
1753355040523 0.0208 248
1753355054453 0.0208 249
1753355068461 0.02082 250
1753355082603 0.02079 251
1753355096511 0.02077 252
1753355110559 0.0208 253
1753355124370 0.02079 254
1753355138217 0.02082 255
1753355152327 0.02076 256
1753355166209 0.02075 257
1753355180196 0.0208 258
1753355194008 0.0208 259
1753355207970 0.02081 260
1753355221823 0.02079 261
1753355235576 0.02079 262
1753355249555 0.02081 263
1753355263476 0.02076 264
1753355277481 0.02082 265
1753355291430 0.02077 266
1753355305336 0.02078 267
1753355319306 0.02075 268
1753355333037 0.02082 269
1753355346856 0.02078 270
1753355360844 0.02077 271
1753355374790 0.02076 272
1753355388775 0.02079 273
1753355402722 0.02078 274
1753355416774 0.02079 275
1753355430609 0.02077 276
1753355444378 0.02078 277
1753355458290 0.02082 278
1753355472192 0.02079 279
1753355486239 0.02073 280
1753355500186 0.02077 281
1753355514085 0.02079 282
1753355528359 0.02076 283
1753355542392 0.02076 284
1753355556339 0.02081 285
1753355570400 0.02076 286
1753355584358 0.02074 287
1753355598386 0.02075 288
1753355612331 0.02075 289
1753355626536 0.02078 290
1753355640436 0.02076 291
1753355654703 0.02077 292
1753355668698 0.02079 293
1753355682726 0.02075 294
1753355697005 0.02079 295
1753355710846 0.02075 296
1753355725064 0.02078 297
1753355739308 0.02078 298
1753355753143 0.02079 299
1753355767277 0.02078 300
