1753351599879 0.0010000000474974513 1
1753351613951 0.0010000000474974513 2
1753351629087 0.0010000000474974513 3
1753351643152 0.0010000000474974513 4
1753351657135 0.0010000000474974513 5
1753351671342 0.0010000000474974513 6
1753351685317 0.0010000000474974513 7
1753351699474 0.0010000000474974513 8
1753351713720 0.0010000000474974513 9
1753351727644 0.0010000000474974513 10
1753351741760 0.0010000000474974513 11
1753351755750 0.0010000000474974513 12
1753351769832 0.0010000000474974513 13
1753351783828 0.0010000000474974513 14
1753351797537 0.0010000000474974513 15
1753351811481 0.0010000000474974513 16
1753351825339 0.0010000000474974513 17
1753351839252 0.0010000000474974513 18
1753351853284 0.0010000000474974513 19
1753351867131 0.0010000000474974513 20
1753351881097 0.0010000000474974513 21
1753351894987 0.0010000000474974513 22
1753351909005 0.0010000000474974513 23
1753351923018 0.0010000000474974513 24
1753351936952 0.0010000000474974513 25
1753351950970 0.0010000000474974513 26
1753351964871 0.0010000000474974513 27
1753351978918 0.0010000000474974513 28
1753351992873 0.0010000000474974513 29
1753352006786 0.0010000000474974513 30
1753352020864 0.0010000000474974513 31
1753352034612 0.0010000000474974513 32
1753352048563 0.0010000000474974513 33
1753352062518 0.0010000000474974513 34
1753352076542 0.0010000000474974513 35
1753352090526 0.0010000000474974513 36
1753352104444 0.0010000000474974513 37
1753352118371 0.0010000000474974513 38
1753352132469 0.0010000000474974513 39
1753352146348 0.0010000000474974513 40
1753352160332 0.0010000000474974513 41
1753352174417 0.0010000000474974513 42
1753352188253 0.0010000000474974513 43
1753352202239 0.0010000000474974513 44
1753352215943 0.0010000000474974513 45
1753352229869 0.0010000000474974513 46
1753352243911 0.0010000000474974513 47
1753352258100 0.0010000000474974513 48
1753352272184 0.0010000000474974513 49
1753352286197 0.0010000000474974513 50
1753352300264 0.0010000000474974513 51
1753352313940 0.0010000000474974513 52
1753352328006 0.0010000000474974513 53
1753352342029 0.0010000000474974513 54
1753352355830 0.0010000000474974513 55
1753352369903 0.0010000000474974513 56
1753352383914 0.0010000000474974513 57
1753352397695 0.0010000000474974513 58
1753352411711 0.0010000000474974513 59
1753352425493 0.0010000000474974513 60
1753352439542 0.0010000000474974513 61
1753352453585 0.0010000000474974513 62
1753352467492 0.0010000000474974513 63
1753352481465 0.0010000000474974513 64
1753352495540 0.0010000000474974513 65
1753352509486 0.0010000000474974513 66
1753352523212 0.0010000000474974513 67
1753352537258 0.0010000000474974513 68
1753352551321 0.0010000000474974513 69
1753352565328 0.0010000000474974513 70
1753352579422 0.0010000000474974513 71
1753352593428 0.0010000000474974513 72
1753352607148 0.0010000000474974513 73
1753352621191 0.0010000000474974513 74
1753352635061 0.0010000000474974513 75
1753352649050 0.0010000000474974513 76
1753352663121 0.0010000000474974513 77
1753352677031 0.0010000000474974513 78
1753352690951 0.0010000000474974513 79
1753352705161 0.0010000000474974513 80
1753352719053 0.0010000000474974513 81
1753352733078 0.0010000000474974513 82
1753352747004 0.0010000000474974513 83
1753352761029 0.0010000000474974513 84
1753352775020 0.0010000000474974513 85
1753352788954 0.0010000000474974513 86
1753352803001 0.0010000000474974513 87
1753352817047 0.0010000000474974513 88
1753352831029 0.0010000000474974513 89
1753352844739 0.0010000000474974513 90
1753352858593 0.00020000000949949026 91
1753352872845 0.00020000000949949026 92
1753352886655 0.00020000000949949026 93
1753352900658 0.00020000000949949026 94
1753352914657 0.00020000000949949026 95
1753352928555 0.00020000000949949026 96
1753352942575 0.00020000000949949026 97
1753352956434 0.00020000000949949026 98
1753352970524 0.00020000000949949026 99
1753352984440 4.0000002627493814e-05 100
1753352998208 4.0000002627493814e-05 101
1753353012226 4.0000002627493814e-05 102
1753353025952 4.0000002627493814e-05 103
1753353040093 4.0000002627493814e-05 104
1753353054072 4.0000002627493814e-05 105
1753353067876 4.0000002627493814e-05 106
1753353081977 4.0000002627493814e-05 107
1753353095842 4.0000002627493814e-05 108
1753353109904 8.000000889296643e-06 109
1753353123971 8.000000889296643e-06 110
1753353137746 8.000000889296643e-06 111
1753353151901 8.000000889296643e-06 112
1753353165956 8.000000889296643e-06 113
1753353179817 8.000000889296643e-06 114
1753353193607 8.000000889296643e-06 115
1753353207375 8.000000889296643e-06 116
1753353221453 8.000000889296643e-06 117
1753353235405 1.6000001323845936e-06 118
1753353249394 1.6000001323845936e-06 119
1753353263609 1.6000001323845936e-06 120
1753353277562 1.6000001323845936e-06 121
1753353291573 1.6000001323845936e-06 122
1753353305360 1.6000001323845936e-06 123
1753353319309 1.6000001323845936e-06 124
1753353333340 1.6000001323845936e-06 125
1753353347160 1.6000001323845936e-06 126
1753353361175 9.999999974752427e-07 127
1753353375272 9.999999974752427e-07 128
1753353389268 9.999999974752427e-07 129
1753353403340 9.999999974752427e-07 130
1753353417180 9.999999974752427e-07 131
1753353431215 9.999999974752427e-07 132
1753353445323 9.999999974752427e-07 133
1753353459221 9.999999974752427e-07 134
1753353473284 9.999999974752427e-07 135
1753353487571 9.999999974752427e-07 136
1753353501476 9.999999974752427e-07 137
1753353515401 9.999999974752427e-07 138
1753353529544 9.999999974752427e-07 139
1753353543701 9.999999974752427e-07 140
1753353557606 9.999999974752427e-07 141
1753353571736 9.999999974752427e-07 142
1753353585942 9.999999974752427e-07 143
1753353599876 9.999999974752427e-07 144
1753353613755 9.999999974752427e-07 145
1753353627639 9.999999974752427e-07 146
1753353641784 9.999999974752427e-07 147
1753353655745 9.999999974752427e-07 148
1753353669658 9.999999974752427e-07 149
1753353683670 9.999999974752427e-07 150
1753353697657 9.999999974752427e-07 151
1753353711483 9.999999974752427e-07 152
1753353725203 9.999999974752427e-07 153
1753353739051 9.999999974752427e-07 154
1753353753330 9.999999974752427e-07 155
1753353767379 9.999999974752427e-07 156
1753353781303 9.999999974752427e-07 157
1753353795681 9.999999974752427e-07 158
1753353809611 9.999999974752427e-07 159
1753353823372 9.999999974752427e-07 160
1753353837394 9.999999974752427e-07 161
1753353851416 9.999999974752427e-07 162
1753353865373 9.999999974752427e-07 163
1753353879342 9.999999974752427e-07 164
1753353893308 9.999999974752427e-07 165
1753353907233 9.999999974752427e-07 166
1753353921152 9.999999974752427e-07 167
1753353934957 9.999999974752427e-07 168
1753353948895 9.999999974752427e-07 169
1753353963155 9.999999974752427e-07 170
1753353977299 9.999999974752427e-07 171
1753353991352 9.999999974752427e-07 172
1753354005385 9.999999974752427e-07 173
1753354019250 9.999999974752427e-07 174
1753354033055 9.999999974752427e-07 175
1753354046889 9.999999974752427e-07 176
1753354060843 9.999999974752427e-07 177
1753354075087 9.999999974752427e-07 178
1753354089124 9.999999974752427e-07 179
1753354103047 9.999999974752427e-07 180
1753354117018 9.999999974752427e-07 181
1753354131024 9.999999974752427e-07 182
1753354144794 9.999999974752427e-07 183
1753354158606 9.999999974752427e-07 184
1753354172783 9.999999974752427e-07 185
1753354186623 9.999999974752427e-07 186
1753354200610 9.999999974752427e-07 187
1753354214698 9.999999974752427e-07 188
1753354228483 9.999999974752427e-07 189
1753354242379 9.999999974752427e-07 190
1753354256228 9.999999974752427e-07 191
1753354270223 9.999999974752427e-07 192
1753354284409 9.999999974752427e-07 193
1753354298239 9.999999974752427e-07 194
1753354312270 9.999999974752427e-07 195
1753354326425 9.999999974752427e-07 196
1753354340263 9.999999974752427e-07 197
1753354354179 9.999999974752427e-07 198
1753354368070 9.999999974752427e-07 199
1753354382148 9.999999974752427e-07 200
1753354395942 9.999999974752427e-07 201
1753354409794 9.999999974752427e-07 202
1753354423895 9.999999974752427e-07 203
1753354437747 9.999999974752427e-07 204
1753354451522 9.999999974752427e-07 205
1753354465240 9.999999974752427e-07 206
1753354479083 9.999999974752427e-07 207
1753354493161 9.999999974752427e-07 208
1753354506956 9.999999974752427e-07 209
1753354520879 9.999999974752427e-07 210
1753354535186 9.999999974752427e-07 211
1753354548955 9.999999974752427e-07 212
1753354562825 9.999999974752427e-07 213
1753354576813 9.999999974752427e-07 214
1753354590962 9.999999974752427e-07 215
1753354604841 9.999999974752427e-07 216
1753354618982 9.999999974752427e-07 217
1753354633151 9.999999974752427e-07 218
1753354647014 9.999999974752427e-07 219
1753354660939 9.999999974752427e-07 220
1753354675009 9.999999974752427e-07 221
1753354688914 9.999999974752427e-07 222
1753354703016 9.999999974752427e-07 223
1753354716838 9.999999974752427e-07 224
1753354730801 9.999999974752427e-07 225
1753354744971 9.999999974752427e-07 226
1753354758653 9.999999974752427e-07 227
1753354772686 9.999999974752427e-07 228
1753354786613 9.999999974752427e-07 229
1753354800803 9.999999974752427e-07 230
1753354814581 9.999999974752427e-07 231
1753354828491 9.999999974752427e-07 232
1753354842632 9.999999974752427e-07 233
1753354856710 9.999999974752427e-07 234
1753354870618 9.999999974752427e-07 235
1753354884585 9.999999974752427e-07 236
1753354898544 9.999999974752427e-07 237
1753354912334 9.999999974752427e-07 238
1753354926184 9.999999974752427e-07 239
1753354940161 9.999999974752427e-07 240
1753354953962 9.999999974752427e-07 241
1753354967898 9.999999974752427e-07 242
1753354981787 9.999999974752427e-07 243
1753354995736 9.999999974752427e-07 244
1753355009649 9.999999974752427e-07 245
1753355023361 9.999999974752427e-07 246
1753355037343 9.999999974752427e-07 247
1753355051390 9.999999974752427e-07 248
1753355065429 9.999999974752427e-07 249
1753355079374 9.999999974752427e-07 250
1753355093478 9.999999974752427e-07 251
1753355107534 9.999999974752427e-07 252
1753355121308 9.999999974752427e-07 253
1753355135105 9.999999974752427e-07 254
1753355149240 9.999999974752427e-07 255
1753355163202 9.999999974752427e-07 256
1753355177150 9.999999974752427e-07 257
1753355191079 9.999999974752427e-07 258
1753355204907 9.999999974752427e-07 259
1753355218728 9.999999974752427e-07 260
1753355232570 9.999999974752427e-07 261
1753355246495 9.999999974752427e-07 262
1753355260393 9.999999974752427e-07 263
1753355274480 9.999999974752427e-07 264
1753355288254 9.999999974752427e-07 265
1753355302315 9.999999974752427e-07 266
1753355316274 9.999999974752427e-07 267
1753355330061 9.999999974752427e-07 268
1753355343802 9.999999974752427e-07 269
1753355357792 9.999999974752427e-07 270
1753355371781 9.999999974752427e-07 271
1753355385744 9.999999974752427e-07 272
1753355399624 9.999999974752427e-07 273
1753355413737 9.999999974752427e-07 274
1753355427502 9.999999974752427e-07 275
1753355441352 9.999999974752427e-07 276
1753355455267 9.999999974752427e-07 277
1753355469161 9.999999974752427e-07 278
1753355483173 9.999999974752427e-07 279
1753355497008 9.999999974752427e-07 280
1753355511058 9.999999974752427e-07 281
1753355525293 9.999999974752427e-07 282
1753355539410 9.999999974752427e-07 283
1753355553246 9.999999974752427e-07 284
1753355567354 9.999999974752427e-07 285
1753355581270 9.999999974752427e-07 286
1753355595404 9.999999974752427e-07 287
1753355609252 9.999999974752427e-07 288
1753355623530 9.999999974752427e-07 289
1753355637344 9.999999974752427e-07 290
1753355651263 9.999999974752427e-07 291
1753355665710 9.999999974752427e-07 292
1753355679715 9.999999974752427e-07 293
1753355693867 9.999999974752427e-07 294
1753355707889 9.999999974752427e-07 295
1753355721972 9.999999974752427e-07 296
1753355736201 9.999999974752427e-07 297
1753355750080 9.999999974752427e-07 298
1753355764237 9.999999974752427e-07 299
1753355778194 9.999999974752427e-07 300
