1751307741464 1.0 0
1751307767808 2.0 0
1751307793118 3.0 0
1751307818631 4.0 0
1751307844866 5.0 0
1751307871749 6.0 0
1751307897800 7.0 0
1751307922748 8.0 0
1751307947417 9.0 0
1751307972344 10.0 0
1751307997920 11.0 0
1751308024638 12.0 0
1751308051220 13.0 0
1751308076435 14.0 0
1751308101243 15.0 0
1751308126664 16.0 0
1751308152274 17.0 0
1751308179361 18.0 0
1751308206776 19.0 0
1751308231903 20.0 0
1751308256916 21.0 0
1751308282166 22.0 0
1751308307740 23.0 0
1751308334042 24.0 0
1751308360911 25.0 0
1751308386120 26.0 0
1751308410765 27.0 0
1751308435488 28.0 0
1751308460559 29.0 0
1751308486904 30.0 0
1751308513956 31.0 0
1751308540118 32.0 0
1751308565656 33.0 0
1751308591885 34.0 0
1751308644674 36.0 0
1751308697085 38.0 0
1751308723520 39.0 0
1751308748527 40.0 0
1751308773351 41.0 0
1751308801937 42.0 0
1751308831215 43.0 0
1751308894029 45.0 0
