1751307726866 0.6472 1
1751307762706 0.53829 2
1751307788111 0.46725 3
1751307813611 0.40862 4
1751307839378 0.35648 5
1751307866308 0.31005 6
1751307892824 0.26941 7
1751307917824 0.23459 8
1751307942622 0.20441 9
1751307967391 0.17896 10
1751307992763 0.15746 11
1751308019320 0.13914 12
1751308046228 0.12388 13
1751308071436 0.11083 14
1751308096356 0.09992 15
1751308121628 0.09059 16
1751308147161 0.08248 17
1751308173720 0.07563 18
1751308201219 0.06993 19
1751308226831 0.06483 20
1751308251935 0.06032 21
1751308277055 0.05649 22
1751308302400 0.05328 23
1751308328691 0.05014 24
1751308355618 0.04759 25
1751308381138 0.04521 26
1751308405872 0.04326 27
1751308430549 0.04141 28
1751308455668 0.03951 29
1751308481545 0.03709 30
1751308508321 0.03499 31
1751308534996 0.03361 32
1751308560311 0.03256 33
1751308586687 0.03174 34
1751308612630 0.0307 35
1751308639270 0.02981 36
1751308665920 0.02918 37
1751308691773 0.02835 38
1751308718596 0.02787 39
1751308743478 0.0274 40
1751308768265 0.02685 41
1751308795254 0.02649 42
1751308825753 0.02586 43
1751308852802 0.02562 44
1751308888494 0.02526 45
