1753259490531 1.0 0
1753259523669 2.0 0
1753259555912 3.0 0
1753259587836 4.0 0
1753259619951 5.0 0
1753259652497 6.0 0
1753259684733 7.0 0
1753259716881 8.0 0
1753259749748 9.0 0
1753259782171 10.0 0
1753259814362 11.0 0
1753259846654 12.0 0
1753259879143 13.0 0
1753259911432 14.0 0
1753259943654 15.0 0
1753259976150 16.0 0
1753260008378 17.0 0
1753260040835 18.0 0
1753260073323 19.0 0
1753260106705 20.0 0
1753260139422 21.0 0
1753260171653 22.0 0
1753260204705 23.0 0
1753260238435 24.0 0
1753260271441 25.0 0
1753260304538 26.0 0
1753260337805 27.0 0
1753260371888 28.0 0
1753260404877 29.0 0
1753260438686 30.0 0
1753260504759 32.0 0
1753260538319 33.0 0
1753260571307 34.0 0
1753260604970 35.0 0
1753260638811 36.0 0
1753260671114 37.0 0
1753260704084 38.0 0
1753260737450 39.0 0
1753260770561 40.0 0
1753260803494 41.0 0
1753260869174 43.0 0
1753261133661 51.0 0
