1753259472355 0.56418 1
1753259505978 0.44336 2
1753259538891 0.38347 3
1753259571181 0.33155 4
1753259603179 0.2858 5
1753259635264 0.24608 6
1753259667849 0.21197 7
1753259700031 0.18282 8
1753259732216 0.15854 9
1753259765016 0.1378 10
1753259797410 0.12016 11
1753259829658 0.10565 12
1753259861913 0.09312 13
1753259894452 0.08249 14
1753259926696 0.07304 15
1753259958910 0.05567 16
1753259991496 0.0492 17
1753260023693 0.04537 18
1753260056508 0.04222 19
1753260088779 0.03963 20
1753260121966 0.03731 21
1753260154869 0.03539 22
1753260187016 0.03373 23
1753260220249 0.03233 24
1753260253825 0.03107 25
1753260286943 0.02997 26
1753260319854 0.02896 27
1753260353421 0.02811 28
1753260387263 0.02731 29
1753260420516 0.02664 30
1753260454211 0.02599 31
1753260487135 0.02547 32
1753260520365 0.02499 33
1753260553725 0.0245 34
1753260586837 0.02406 35
1753260620293 0.02372 36
1753260654399 0.02335 37
1753260686696 0.02307 38
1753260719482 0.02276 39
1753260752951 0.02249 40
1753260786112 0.02221 41
1753260818896 0.02201 42
1753260852038 0.02178 43
1753260884730 0.02159 44
1753260917975 0.02135 45
1753260951014 0.02123 46
1753260983450 0.0211 47
1753261016861 0.02091 48
1753261050742 0.02078 49
1753261083682 0.02066 50
1753261116596 0.02049 51
1753261149300 0.02039 52
1753261182376 0.02026 53
1753261215860 0.02012 54
1753261248747 0.02004 55
1753261281970 0.01994 56
1753261315510 0.01987 57
1753261347852 0.01979 58
1753261380681 0.01972 59
1753261413545 0.01967 60
1753261446810 0.01958 61
1753261479870 0.01952 62
1753261511995 0.01943 63
1753261544649 0.01938 64
1753261577737 0.01933 65
1753261610375 0.01926 66
1753261643868 0.01917 67
1753261677421 0.01916 68
1753261710168 0.01907 69
1753261742991 0.01905 70
1753261775988 0.01897 71
1753261808927 0.01897 72
1753261841837 0.01887 73
1753261874905 0.01882 74
1753261907597 0.01881 75
1753261940278 0.01876 76
1753261973105 0.01875 77
1753262006177 0.01872 78
1753262039370 0.01865 79
1753262072078 0.01865 80
1753262105001 0.01858 81
1753262139798 0.01857 82
1753262172621 0.01854 83
1753262204803 0.01852 84
1753262237734 0.01844 85
1753262270118 0.01842 86
1753262303278 0.01837 87
1753262335612 0.01831 88
1753262368329 0.01833 89
1753262401300 0.01831 90
1753262434190 0.01827 91
1753262467359 0.01827 92
1753262500232 0.01823 93
1753262532710 0.01822 94
1753262565246 0.01818 95
1753262598059 0.01817 96
1753262631108 0.01816 97
1753262663236 0.0181 98
1753262696348 0.0181 99
1753262729678 0.01807 100
1753262762495 0.01804 101
1753262795390 0.01801 102
1753262828426 0.01799 103
1753262861184 0.01799 104
1753262894011 0.01798 105
1753262925978 0.01794 106
1753262958697 0.01795 107
1753262991624 0.01788 108
1753263024232 0.01789 109
1753263057139 0.01787 110
1753263089659 0.01781 111
1753263122296 0.01785 112
1753263155113 0.01785 113
1753263187902 0.01778 114
1753263221099 0.01783 115
1753263254018 0.01776 116
1753263286924 0.01776 117
1753263319013 0.01774 118
1753263351956 0.01771 119
1753263384866 0.01772 120
1753263417581 0.01767 121
1753263450708 0.01768 122
1753263483150 0.01763 123
1753263516043 0.01769 124
1753263549018 0.01767 125
1753263581846 0.01764 126
1753263614238 0.01763 127
1753263646234 0.01763 128
1753263679127 0.01758 129
1753263712349 0.01754 130
1753263745276 0.01761 131
1753263778300 0.01756 132
1753263811322 0.01755 133
1753263844653 0.01753 134
1753263877298 0.01749 135
1753263910130 0.01749 136
1753263943484 0.01752 137
1753263976508 0.01744 138
1753264009971 0.01748 139
1753264042520 0.01751 140
1753264075257 0.01744 141
1753264108822 0.01745 142
1753264142359 0.01742 143
1753264175403 0.01742 144
1753264208715 0.0174 145
1753264242131 0.01744 146
1753264274736 0.01736 147
1753264307996 0.01738 148
1753264341112 0.01736 149
1753264374782 0.0174 150
1753264408604 0.01737 151
1753264441805 0.0174 152
1753264475662 0.01734 153
1753264509335 0.01735 154
1753264542644 0.01735 155
1753264575939 0.01727 156
1753264608716 0.01731 157
1753264642006 0.0173 158
1753264675029 0.01729 159
1753264708392 0.01726 160
1753264740880 0.01727 161
1753264774334 0.01728 162
1753264807504 0.01726 163
1753264840901 0.01728 164
1753264874077 0.01723 165
1753264907783 0.0172 166
1753264941067 0.0172 167
1753264974380 0.01722 168
1753265007978 0.01721 169
1753265041198 0.01717 170
1753265074098 0.0172 171
1753265107547 0.01718 172
1753265141190 0.01718 173
1753265174596 0.01719 174
1753265207143 0.01716 175
1753265240799 0.01716 176
1753265274834 0.01714 177
1753265307936 0.01719 178
1753265340705 0.01709 179
1753265374125 0.01716 180
1753265407796 0.01714 181
1753265440621 0.0171 182
1753265473784 0.01711 183
1753265506726 0.01713 184
1753265539685 0.01708 185
1753265572205 0.01711 186
1753265605239 0.01709 187
1753265638141 0.01711 188
1753265670668 0.01701 189
1753265703605 0.01707 190
1753265736244 0.01707 191
1753265769111 0.01705 192
1753265802879 0.01705 193
1753265836254 0.01706 194
1753265868442 0.01705 195
1753265901961 0.01703 196
1753265934882 0.01705 197
1753265968266 0.01706 198
1753266001547 0.01703 199
1753266034785 0.01703 200
1753266067476 0.01701 201
1753266101023 0.017 202
1753266133881 0.01702 203
1753266166392 0.01704 204
1753266199469 0.017 205
1753266232820 0.01699 206
1753266266776 0.01702 207
1753266299187 0.01697 208
1753266332408 0.017 209
1753266365658 0.01695 210
1753266399848 0.01697 211
1753266433978 0.01692 212
1753266467860 0.01694 213
1753266501377 0.01696 214
1753266535167 0.01697 215
1753266568951 0.01693 216
1753266602338 0.01692 217
1753266635163 0.01694 218
1753266669630 0.01696 219
1753266703353 0.01691 220
1753266736586 0.01692 221
1753266770550 0.01693 222
1753266804012 0.01693 223
1753266838014 0.01691 224
1753266871834 0.01692 225
1753266905105 0.01691 226
1753266938794 0.01689 227
1753266972085 0.01688 228
1753267005176 0.01689 229
1753267038946 0.01689 230
1753267072683 0.01685 231
1753267106277 0.0169 232
1753267140352 0.01689 233
1753267173726 0.01689 234
1753267207556 0.01687 235
1753267240811 0.01687 236
1753267273678 0.01687 237
1753267306341 0.01686 238
1753267339819 0.01686 239
1753267373831 0.01683 240
1753267407400 0.01689 241
1753267440845 0.01689 242
1753267474735 0.01685 243
1753267508220 0.01683 244
1753267541108 0.01685 245
1753267574435 0.01683 246
1753267608032 0.01689 247
1753267641160 0.01684 248
1753267674570 0.0168 249
1753267707193 0.0168 250
1753267740097 0.01683 251
1753267773065 0.01686 252
1753267806674 0.01683 253
1753267840461 0.01684 254
1753267874009 0.01683 255
1753267908148 0.0168 256
1753267941926 0.01682 257
1753267975407 0.01679 258
1753268009182 0.01676 259
1753268042550 0.01678 260
1753268075497 0.01681 261
1753268108873 0.01679 262
1753268142314 0.01677 263
1753268175785 0.01677 264
1753268209272 0.0168 265
1753268242683 0.01678 266
1753268275929 0.01678 267
1753268309004 0.01676 268
1753268342028 0.01675 269
1753268375341 0.01674 270
1753268408235 0.01679 271
1753268441734 0.01677 272
1753268475123 0.01676 273
1753268507669 0.01673 274
1753268540747 0.01677 275
1753268573908 0.01677 276
1753268607118 0.01672 277
1753268639160 0.01676 278
1753268672263 0.01676 279
1753268705709 0.01674 280
1753268738804 0.01675 281
1753268771799 0.01675 282
1753268805075 0.01672 283
1753268838302 0.01675 284
1753268870521 0.01672 285
1753268903558 0.01675 286
1753268937270 0.0167 287
1753268969930 0.01671 288
1753269003164 0.01671 289
1753269036525 0.01672 290
1753269069468 0.01669 291
1753269102357 0.01668 292
1753269135212 0.01674 293
1753269168227 0.0167 294
1753269200915 0.0167 295
1753269233850 0.01671 296
1753269266652 0.01667 297
1753269300460 0.01665 298
1753269333211 0.01668 299
1753269366940 0.01673 300
