1752941653724 0.47435 1
1752941683932 0.25566 2
1752941709009 0.13985 3
1752941734045 0.08491 4
1752941760877 0.05836 5
1752941786123 0.04448 6
1752941811659 0.03652 7
1752941837618 0.03166 8
1752941863321 0.02844 9
1752941889078 0.02626 10
1752941914377 0.02465 11
1752941940510 0.0235 12
1752941965814 0.0226 13
1752941991282 0.02191 14
1752942017375 0.02136 15
1752942043146 0.02088 16
1752942069065 0.02052 17
1752942095446 0.02019 18
1752942121074 0.01994 19
1752942146727 0.0197 20
1752942172133 0.01953 21
1752942197994 0.01936 22
1752942223634 0.0192 23
1752942249152 0.01908 24
1752942274938 0.01895 25
1752942300520 0.01886 26
1752942326021 0.01878 27
1752942351699 0.0187 28
1752942377561 0.01861 29
1752942403006 0.01853 30
1752942428688 0.01849 31
1752942454381 0.01842 32
1752942480267 0.01839 33
1752942506089 0.01834 34
1752942531507 0.0183 35
1752942557076 0.01824 36
1752942582716 0.01822 37
1752942608490 0.01819 38
1752942634096 0.01814 39
1752942659352 0.01812 40
1752942684687 0.01808 41
1752942710682 0.01808 42
1752942735991 0.01806 43
1752942761648 0.01803 44
1752942787466 0.018 45
1752942812878 0.01798 46
1752942838653 0.01797 47
1752942864144 0.01795 48
1752942889758 0.01792 49
1752942915624 0.01789 50
1752942941181 0.01789 51
1752942966561 0.0179 52
1752942992335 0.01786 53
1752943018393 0.01784 54
1752943043736 0.01784 55
1752943070144 0.01782 56
1752943095961 0.0178 57
1752943122103 0.01779 58
1752943147915 0.01778 59
1752943173206 0.01777 60
1752943198627 0.01775 61
1752943224794 0.01774 62
1752943250098 0.01775 63
1752943275766 0.01773 64
1752943301594 0.01772 65
1752943326745 0.0177 66
1752943352646 0.0177 67
1752943378942 0.01769 68
1752943404955 0.01768 69
1752943430616 0.01767 70
1752943456414 0.01766 71
1752943481919 0.01765 72
1752943507378 0.01766 73
1752943533127 0.01764 74
1752943558788 0.01762 75
1752943584176 0.01762 76
1752943610230 0.01761 77
1752943635637 0.01761 78
1752943661375 0.01759 79
1752943687220 0.0176 80
1752943712560 0.01758 81
1752943738446 0.0176 82
1752943764125 0.01758 83
1752943789953 0.01758 84
1752943815637 0.01756 85
1752943840869 0.01755 86
1752943866595 0.01755 87
1752943892531 0.01754 88
1752943918304 0.01753 89
1752943943893 0.01753 90
1752943969980 0.01752 91
1752943995385 0.01751 92
1752944020722 0.01751 93
1752944046359 0.01751 94
1752944071907 0.0175 95
1752944097127 0.01751 96
1752944122838 0.0175 97
1752944148623 0.01749 98
1752944174166 0.01748 99
1752944199871 0.01748 100
1752944225258 0.01746 101
1752944251268 0.01746 102
1752944276405 0.01746 103
1752944302241 0.01744 104
1752944327333 0.01744 105
1752944352664 0.01743 106
1752944378304 0.01743 107
1752944404074 0.01744 108
1752944429964 0.01741 109
1752944455529 0.01743 110
1752944481257 0.01742 111
1752944507194 0.01741 112
1752944533838 0.01741 113
1752944560047 0.0174 114
1752944585438 0.0174 115
1752944610966 0.0174 116
1752944636259 0.01738 117
1752944661910 0.01739 118
1752944687402 0.01739 119
1752944712656 0.01737 120
1752944738218 0.01737 121
1752944763875 0.01738 122
1752944789396 0.01736 123
1752944815051 0.01735 124
1752944840494 0.01736 125
1752944865889 0.01736 126
1752944891814 0.01735 127
1752944917271 0.01734 128
1752944942893 0.01734 129
1752944968494 0.01733 130
1752944994023 0.01734 131
1752945019463 0.01732 132
1752945044804 0.01732 133
