1751483552815 1.0 0
1751483567550 2.0 0
1751483582183 3.0 0
1751483596945 4.0 0
1751483611544 5.0 0
1751483626354 6.0 0
1751483641100 7.0 0
1751483655657 8.0 0
1751483670355 9.0 0
1751483684804 10.0 0
1751483699331 11.0 0
1751483713556 12.0 0
1751483728190 13.0 0
1751483743159 14.0 0
1751483757759 15.0 0
1751483772586 16.0 0
1751483787738 17.0 0
1751483802379 18.0 0
1751483816710 19.0 0
1751483831862 20.0 0
1751483846493 21.0 0
1751483861370 22.0 0
1751483876219 23.0 0
1751483890839 24.0 0
1751483905285 25.0 0
1751483919745 26.0 0
1751483934197 27.0 0
1751483948523 28.0 0
1751483962702 29.0 0
1751483977012 30.0 0
1751483991346 31.0 0
1751484006027 32.0 0
1751484020711 33.0 0
1751484035021 34.0 0
1751484049323 35.0 0
1751484063667 36.0 0
1751484077969 37.0 0
1751484092441 38.0 0
1751484121101 40.0 0
1751484135504 41.0 0
1751484149738 42.0 0
1751484164233 43.0 0
1751484178680 44.0 0
1751484193206 45.0 0
1751484207765 46.0 0
1751484222285 47.0 0
1751484236830 48.0 0
1751484265715 50.0 0
1751484280056 51.0 0
1751484294416 52.0 0
1751484308726 53.0 0
1751484337588 55.0 0
1751484366810 57.0 0
1751484395154 59.0 0
1751484424395 61.0 0
1751484438843 62.0 0
1751484453443 63.0 0
1751484482743 65.0 0
1751484511463 67.0 0
1751484540842 69.0 0
1751484569745 71.0 0
1751484584237 72.0 0
1751484628008 75.0 0
1751484642673 76.0 0
1751484657198 77.0 0
1751484671818 78.0 0
1751484729986 82.0 0
1751484802867 87.0 0
1751484817217 88.0 0
1751484831725 89.0 0
1751484888992 93.0 0
1751484903215 94.0 0
1751484932223 96.0 0
1751484946739 97.0 0
1751484960959 98.0 0
1751485004323 101.0 0
1751485018661 102.0 0
1751485033029 103.0 0
1751485105110 108.0 0
1751485133441 110.0 0
1751485147782 111.0 0
