1751483544863 0.78653 1
1751483563967 0.68405 2
1751483578648 0.63352 3
1751483593324 0.58467 4
1751483608053 0.53668 5
1751483622712 0.48577 6
1751483637506 0.43636 7
1751483652088 0.39018 8
1751483666798 0.34878 9
1751483681268 0.31188 10
1751483695730 0.27917 11
1751483710122 0.25021 12
1751483724715 0.22489 13
1751483739559 0.20279 14
1751483754322 0.18348 15
1751483768965 0.16651 16
1751483784062 0.15175 17
1751483798924 0.13864 18
1751483813245 0.12692 19
1751483828188 0.11673 20
1751483843012 0.10775 21
1751483857836 0.09995 22
1751483872640 0.09295 23
1751483887311 0.0859 24
1751483901800 0.07995 25
1751483916173 0.07534 26
1751483930744 0.07125 27
1751483944982 0.06784 28
1751483959312 0.06446 29
1751483973549 0.06175 30
1751483987916 0.05935 31
1751484002156 0.05711 32
1751484017182 0.05526 33
1751484031593 0.05341 34
1751484045844 0.05153 35
1751484060242 0.04995 36
1751484074552 0.04865 37
1751484088887 0.04758 38
1751484103388 0.04645 39
1751484117681 0.04532 40
1751484132014 0.04441 41
1751484146287 0.04338 42
1751484160658 0.04254 43
1751484175196 0.04206 44
1751484189703 0.04122 45
1751484204223 0.04047 46
1751484218742 0.03996 47
1751484233287 0.03925 48
1751484247885 0.03875 49
1751484262218 0.03822 50
1751484276625 0.03791 51
1751484290952 0.03725 52
1751484305240 0.03694 53
1751484319658 0.03655 54
1751484334114 0.03612 55
1751484348556 0.03588 56
1751484363288 0.03551 57
1751484377325 0.03501 58
1751484391580 0.0347 59
1751484406186 0.03448 60
1751484420910 0.03426 61
1751484435294 0.03391 62
1751484449930 0.03358 63
1751484464707 0.03343 64
1751484479204 0.03323 65
1751484493696 0.03302 66
1751484507957 0.03272 67
1751484522686 0.03262 68
1751484537299 0.03255 69
1751484551871 0.03226 70
1751484566267 0.0321 71
1751484580692 0.03179 72
1751484595341 0.03158 73
1751484609793 0.03149 74
1751484624411 0.03131 75
1751484639169 0.03116 76
1751484653688 0.03115 77
1751484668312 0.03081 78
1751484682821 0.03061 79
1751484697275 0.0304 80
1751484711943 0.03052 81
1751484726482 0.03025 82
1751484741043 0.0302 83
1751484755572 0.03 84
1751484770095 0.02999 85
1751484784877 0.0298 86
1751484799465 0.02962 87
1751484813704 0.02949 88
1751484828207 0.02945 89
1751484842580 0.0294 90
1751484857011 0.02912 91
1751484871214 0.02905 92
1751484885548 0.02901 93
1751484899700 0.02886 94
1751484914171 0.02887 95
1751484928773 0.02886 96
1751484943217 0.02873 97
1751484957442 0.02867 98
1751484972000 0.02842 99
1751484986429 0.02841 100
1751485000845 0.02824 101
1751485015227 0.02809 102
1751485029482 0.02808 103
1751485044061 0.02809 104
1751485058308 0.02787 105
1751485072900 0.02799 106
1751485087319 0.028 107
1751485101657 0.02761 108
1751485115604 0.02746 109
1751485129921 0.02738 110
1751485144336 0.0274 111
1751485158480 0.02722 112
1751485172679 0.02726 113
1751485186873 0.0272 114
1751485201035 0.02705 115
1751485215155 0.02707 116
1751485229354 0.02688 117
1751485243638 0.0269 118
1751485257920 0.02666 119
1751485272272 0.02689 120
1751485286489 0.02683 121
