1752858021069 1.0 0
1752858060685 2.0 0
1752858100016 3.0 0
1752858140257 4.0 0
1752858180403 5.0 0
1752858221315 6.0 0
1752858262035 7.0 0
1752858302703 8.0 0
1752858344956 9.0 0
1752858385763 10.0 0
1752858427525 11.0 0
1752858468793 12.0 0
1752858509965 13.0 0
1752858551312 14.0 0
1752858592833 15.0 0
1752858634606 16.0 0
1752858676657 17.0 0
1752858718585 18.0 0
1752858760317 19.0 0
1752858801436 20.0 0
1752858843134 21.0 0
1752858884992 22.0 0
1752858967881 24.0 0
1752859051270 26.0 0
1752859092936 27.0 0
1752859259478 31.0 0
1752859468462 36.0 0
1752859510644 37.0 0
1752859636214 40.0 0
