1752857996365 0.53065 1
1752858036871 0.36908 2
1752858076604 0.26179 3
1752858115969 0.18507 4
1752858156623 0.1343 5
1752858197284 0.10154 6
1752858238418 0.08008 7
1752858279271 0.06573 8
1752858320326 0.05588 9
1752858362268 0.04892 10
1752858403441 0.04384 11
1752858445343 0.04008 12
1752858486284 0.0372 13
1752858527440 0.03496 14
1752858568935 0.03321 15
1752858610717 0.03181 16
1752858652601 0.03065 17
1752858694713 0.02972 18
1752858736548 0.02892 19
1752858778169 0.02826 20
1752858819400 0.02772 21
1752858861149 0.02721 22
1752858903026 0.02679 23
1752858944470 0.02641 24
1752858985962 0.02607 25
1752859027855 0.02579 26
1752859069203 0.02554 27
1752859110936 0.0253 28
1752859152558 0.02508 29
1752859193899 0.02489 30
1752859235864 0.02472 31
1752859277503 0.02453 32
1752859319348 0.02437 33
1752859361567 0.02424 34
1752859403076 0.02412 35
1752859444657 0.02397 36
1752859486406 0.02388 37
1752859528609 0.02377 38
1752859570786 0.02365 39
1752859612045 0.02356 40
1752859654109 0.02345 41
1752859696020 0.02335 42
1752859737292 0.02325 43
1752859779537 0.02319 44
1752859820995 0.02308 45
1752859862784 0.02303 46
1752859905243 0.02295 47
1752859946896 0.02287 48
1752859988985 0.02278 49
1752860030722 0.02272 50
