1753356352671 1.0 0
1753356386212 2.0 0
1753356418174 3.0 0
1753356451443 4.0 0
1753356484712 5.0 0
1753356516927 6.0 0
1753356549255 7.0 0
1753356581612 8.0 0
1753356613608 9.0 0
1753356645270 10.0 0
1753356676998 11.0 0
1753356709016 12.0 0
1753356740740 13.0 0
1753356772814 14.0 0
1753356805562 15.0 0
1753356837710 16.0 0
1753356869995 17.0 0
1753356901742 18.0 0
1753356933570 19.0 0
1753356965493 20.0 0
1753356997299 21.0 0
1753357029787 22.0 0
1753357061862 23.0 0
1753357094037 24.0 0
1753357126722 25.0 0
1753357222688 28.0 0
1753357414161 34.0 0
1753357543902 38.0 0
