1753356334814 0.36904 1
1753356368009 0.27021 2
1753356401487 0.20349 3
1753356433482 0.14987 4
1753356466737 0.11257 5
1753356500068 0.08723 6
1753356532218 0.06986 7
1753356564448 0.05783 8
1753356596919 0.04929 9
1753356628872 0.04309 10
1753356660526 0.03847 11
1753356692316 0.03504 12
1753356724244 0.03235 13
1753356755980 0.03027 14
1753356788029 0.02855 15
1753356820759 0.02722 16
1753356852909 0.02611 17
1753356885203 0.02517 18
1753356917086 0.0244 19
1753356948920 0.02374 20
1753356980844 0.02311 21
1753357012622 0.02255 22
1753357045230 0.0221 23
1753357077180 0.02181 24
1753357109418 0.0215 25
1753357142070 0.02117 26
1753357174192 0.021 27
1753357206084 0.02077 28
1753357237987 0.02057 29
1753357270125 0.02038 30
1753357302051 0.02024 31
1753357333976 0.02007 32
1753357365778 0.01997 33
1753357397609 0.01979 34
1753357429365 0.01971 35
1753357461698 0.01958 36
1753357494522 0.01948 37
1753357526927 0.01936 38
1753357559131 0.01928 39
1753357591147 0.01921 40
1753357623761 0.01921 41
1753357655641 0.01908 42
1753357687664 0.01898 43
1753357720099 0.01898 44
1753357752217 0.01886 45
1753357784068 0.01881 46
1753357815880 0.01876 47
1753357847976 0.01856 48
1753357879873 0.01847 49
1753357911454 0.01846 50
1753357943250 0.01847 51
1753357976022 0.01839 52
1753358008795 0.01835 53
1753358040614 0.01835 54
1753358072474 0.01837 55
1753358104188 0.01832 56
1753358135782 0.01827 57
1753358167365 0.01826 58
1753358199419 0.01825 59
1753358231206 0.01825 60
1753358263002 0.01824 61
1753358294662 0.01823 62
1753358327161 0.01822 63
1753358359046 0.01822 64
1753358391463 0.01823 65
1753358423648 0.01819 66
1753358455718 0.01822 67
1753358487594 0.0182 68
1753358519905 0.01818 69
1753358551905 0.01821 70
1753358584417 0.0182 71
1753358616943 0.01818 72
1753358649387 0.0182 73
1753358682347 0.01819 74
1753358714789 0.0182 75
1753358747043 0.01817 76
1753358779710 0.0182 77
1753358811840 0.01819 78
1753358843944 0.01818 79
1753358875985 0.0182 80
1753358908132 0.01819 81
1753358940379 0.01819 82
1753358972244 0.01818 83
1753359004328 0.01819 84
1753359036186 0.01816 85
1753359068227 0.0182 86
1753359100728 0.01817 87
1753359132935 0.0182 88
1753359164879 0.0182 89
1753359197013 0.01819 90
1753359229139 0.01818 91
1753359261196 0.01818 92
1753359292839 0.01818 93
1753359325363 0.01818 94
1753359357395 0.01817 95
1753359390300 0.01819 96
1753359422497 0.01816 97
1753359454876 0.01816 98
1753359487514 0.01821 99
1753359519540 0.01819 100
1753359551593 0.01818 101
1753359583835 0.01819 102
1753359616551 0.01817 103
1753359648543 0.01817 104
1753359680430 0.01818 105
1753359712635 0.0182 106
1753359744792 0.01816 107
1753359777633 0.0182 108
1753359810397 0.01818 109
1753359842229 0.01817 110
1753359874315 0.01819 111
1753359906015 0.01821 112
1753359937911 0.01818 113
1753359970513 0.01816 114
1753360002520 0.01817 115
1753360034386 0.01819 116
1753360066684 0.0182 117
1753360098768 0.01817 118
1753360130817 0.01818 119
1753360163014 0.01815 120
1753360194907 0.01819 121
1753360227251 0.01818 122
1753360259670 0.01818 123
1753360291670 0.01815 124
1753360323712 0.0182 125
1753360355818 0.01816 126
1753360387680 0.01818 127
1753360419506 0.01816 128
1753360451787 0.01816 129
1753360484007 0.01816 130
1753360516246 0.01817 131
1753360548179 0.01817 132
1753360580356 0.01814 133
1753360612526 0.01816 134
1753360644415 0.01817 135
1753360676314 0.01818 136
1753360708444 0.01817 137
1753360740636 0.01817 138
1753360772913 0.01815 139
1753360804842 0.01819 140
1753360837396 0.01817 141
1753360869676 0.01817 142
1753360901658 0.01819 143
1753360933632 0.01815 144
1753360965729 0.01818 145
1753360998075 0.01815 146
1753361030055 0.01815 147
1753361061960 0.01817 148
1753361094208 0.01816 149
1753361126311 0.01818 150
1753361158411 0.01817 151
1753361190432 0.01819 152
1753361222630 0.0182 153
1753361255367 0.01817 154
1753361287687 0.01822 155
1753361319810 0.01815 156
1753361351940 0.01814 157
1753361384193 0.01813 158
1753361416166 0.01815 159
1753361448766 0.01817 160
1753361481292 0.01815 161
1753361513776 0.01815 162
1753361546281 0.01814 163
1753361579083 0.01815 164
1753361611341 0.01817 165
1753361643262 0.01814 166
1753361675330 0.01815 167
1753361707083 0.01812 168
1753361739260 0.01818 169
1753361771220 0.01815 170
1753361803101 0.01817 171
1753361835721 0.01813 172
1753361868339 0.01814 173
1753361900868 0.01815 174
1753361932838 0.01816 175
1753361965408 0.01814 176
1753361997433 0.01814 177
1753362029732 0.01817 178
1753362062682 0.01817 179
1753362095354 0.01814 180
1753362127418 0.01815 181
1753362160072 0.01817 182
1753362192736 0.01817 183
1753362224559 0.0182 184
1753362256605 0.01814 185
1753362288272 0.01814 186
1753362320246 0.01814 187
1753362353077 0.01814 188
1753362385056 0.01813 189
1753362416971 0.01813 190
1753362449018 0.01817 191
1753362480955 0.01816 192
1753362512614 0.01813 193
1753362544886 0.01815 194
1753362577002 0.01812 195
1753362608572 0.01817 196
1753362640692 0.01816 197
1753362672292 0.01816 198
1753362704733 0.01811 199
1753362736796 0.01814 200
1753362768780 0.01818 201
1753362800930 0.01814 202
1753362833658 0.01815 203
1753362865818 0.01811 204
1753362897822 0.01812 205
1753362929359 0.01812 206
1753362961314 0.01817 207
1753362993337 0.01814 208
1753363025285 0.01816 209
1753363056900 0.01815 210
1753363088691 0.01815 211
1753363120781 0.01816 212
1753363153348 0.01813 213
1753363186370 0.01813 214
1753363218647 0.01812 215
1753363250430 0.01814 216
1753363282405 0.01811 217
1753363315180 0.01814 218
1753363347611 0.01814 219
1753363379532 0.01813 220
1753363411451 0.01813 221
1753363443630 0.01811 222
1753363475643 0.01814 223
1753363507913 0.01815 224
1753363540018 0.01809 225
1753363571950 0.01811 226
1753363604210 0.01814 227
1753363636533 0.01812 228
1753363668514 0.01814 229
1753363701403 0.01816 230
1753363733673 0.01811 231
1753363766074 0.01814 232
1753363798157 0.01813 233
1753363830538 0.01813 234
1753363863027 0.01815 235
1753363895678 0.01811 236
1753363927834 0.01813 237
1753363960039 0.01813 238
1753363992152 0.01812 239
1753364024217 0.01813 240
1753364056242 0.0181 241
1753364088266 0.01812 242
1753364120154 0.01813 243
1753364152051 0.0181 244
1753364184302 0.01812 245
1753364216314 0.01812 246
1753364248285 0.01815 247
1753364280465 0.01814 248
1753364312608 0.01811 249
1753364345216 0.01814 250
1753364377418 0.01814 251
1753364409401 0.01813 252
1753364441692 0.01813 253
1753364473931 0.01812 254
1753364505749 0.01811 255
1753364538169 0.0181 256
1753364570303 0.01811 257
1753364602265 0.01811 258
1753364634753 0.01812 259
1753364666694 0.01812 260
1753364698892 0.01814 261
1753364730920 0.01811 262
1753364762892 0.01812 263
1753364795058 0.0181 264
1753364827132 0.01809 265
1753364859295 0.01814 266
1753364891598 0.0181 267
1753364923608 0.01811 268
1753364955621 0.01811 269
1753364987984 0.01812 270
1753365020450 0.01813 271
1753365052446 0.01812 272
1753365084277 0.01809 273
1753365116549 0.01815 274
1753365148590 0.0181 275
1753365180768 0.0181 276
1753365212693 0.01808 277
1753365244943 0.01811 278
1753365276886 0.01809 279
1753365308779 0.01812 280
1753365340702 0.01808 281
1753365373650 0.01809 282
1753365405726 0.01808 283
1753365437747 0.01808 284
1753365469728 0.01807 285
1753365501894 0.01814 286
1753365533663 0.01808 287
1753365565553 0.01811 288
1753365597590 0.01809 289
1753365630160 0.01808 290
1753365662136 0.0181 291
1753365693997 0.0181 292
1753365726785 0.01809 293
1753365758954 0.01812 294
1753365791414 0.01811 295
1753365823244 0.01809 296
1753365855947 0.01808 297
1753365888550 0.01808 298
1753365920242 0.0181 299
1753365952579 0.0181 300
