1753356352687 0.0010000000474974513 1
1753356386219 0.0010000000474974513 2
1753356418180 0.0010000000474974513 3
1753356451449 0.0010000000474974513 4
1753356484719 0.0010000000474974513 5
1753356516936 0.0010000000474974513 6
1753356549261 0.0010000000474974513 7
1753356581618 0.0010000000474974513 8
1753356613617 0.0010000000474974513 9
1753356645276 0.0010000000474974513 10
1753356677007 0.0010000000474974513 11
1753356709022 0.0010000000474974513 12
1753356740745 0.0010000000474974513 13
1753356772819 0.0010000000474974513 14
1753356805570 0.0010000000474974513 15
1753356837717 0.0010000000474974513 16
1753356870001 0.0010000000474974513 17
1753356901748 0.0010000000474974513 18
1753356933575 0.0010000000474974513 19
1753356965500 0.0010000000474974513 20
1753356997304 0.0010000000474974513 21
1753357029792 0.0010000000474974513 22
1753357061868 0.0010000000474974513 23
1753357094043 0.0010000000474974513 24
1753357126729 0.0010000000474974513 25
1753357158849 0.0010000000474974513 26
1753357190778 0.0010000000474974513 27
1753357222693 0.0010000000474974513 28
1753357254874 0.0010000000474974513 29
1753357286769 0.0010000000474974513 30
1753357318654 0.0010000000474974513 31
1753357350489 0.0010000000474974513 32
1753357382359 0.0010000000474974513 33
1753357414170 0.0010000000474974513 34
1753357446509 0.0010000000474974513 35
1753357479249 0.0010000000474974513 36
1753357511702 0.0010000000474974513 37
1753357543911 0.0010000000474974513 38
1753357575912 0.0010000000474974513 39
1753357608490 0.0010000000474974513 40
1753357640328 0.0010000000474974513 41
1753357672421 0.0010000000474974513 42
1753357704900 0.0010000000474974513 43
1753357736879 0.0010000000474974513 44
1753357768859 0.0010000000474974513 45
1753357800638 0.0010000000474974513 46
1753357832726 0.00020000000949949026 47
1753357864647 0.00020000000949949026 48
1753357896227 0.00020000000949949026 49
1753357927791 0.00020000000949949026 50
1753357960528 0.00020000000949949026 51
1753357993582 0.00020000000949949026 52
1753358025232 0.00020000000949949026 53
1753358057262 0.00020000000949949026 54
1753358088893 0.00020000000949949026 55
1753358120558 4.0000002627493814e-05 56
1753358152142 4.0000002627493814e-05 57
1753358184146 4.0000002627493814e-05 58
1753358215889 4.0000002627493814e-05 59
1753358247542 4.0000002627493814e-05 60
1753358279423 4.0000002627493814e-05 61
1753358311909 4.0000002627493814e-05 62
1753358343853 4.0000002627493814e-05 63
1753358376097 4.0000002627493814e-05 64
1753358408421 8.000000889296643e-06 65
1753358440099 8.000000889296643e-06 66
1753358472353 8.000000889296643e-06 67
1753358504537 8.000000889296643e-06 68
1753358536666 8.000000889296643e-06 69
1753358569143 8.000000889296643e-06 70
1753358601597 8.000000889296643e-06 71
1753358634198 8.000000889296643e-06 72
1753358666865 8.000000889296643e-06 73
1753358699570 1.6000001323845936e-06 74
1753358731775 1.6000001323845936e-06 75
1753358764454 1.6000001323845936e-06 76
1753358796386 1.6000001323845936e-06 77
1753358828711 1.6000001323845936e-06 78
1753358860723 1.6000001323845936e-06 79
1753358892628 1.6000001323845936e-06 80
1753358925017 1.6000001323845936e-06 81
1753358957037 1.6000001323845936e-06 82
1753358989106 9.999999974752427e-07 83
1753359020970 9.999999974752427e-07 84
1753359052866 9.999999974752427e-07 85
1753359085511 9.999999974752427e-07 86
1753359117720 9.999999974752427e-07 87
1753359149579 9.999999974752427e-07 88
1753359181336 9.999999974752427e-07 89
1753359213904 9.999999974752427e-07 90
1753359245881 9.999999974752427e-07 91
1753359277609 9.999999974752427e-07 92
1753359309689 9.999999974752427e-07 93
1753359342016 9.999999974752427e-07 94
1753359374698 9.999999974752427e-07 95
1753359406912 9.999999974752427e-07 96
1753359439683 9.999999974752427e-07 97
1753359472329 9.999999974752427e-07 98
1753359504329 9.999999974752427e-07 99
1753359536169 9.999999974752427e-07 100
1753359568535 9.999999974752427e-07 101
1753359601309 9.999999974752427e-07 102
1753359633154 9.999999974752427e-07 103
1753359665220 9.999999974752427e-07 104
1753359697415 9.999999974752427e-07 105
1753359729284 9.999999974752427e-07 106
1753359762388 9.999999974752427e-07 107
1753359795126 9.999999974752427e-07 108
1753359827010 9.999999974752427e-07 109
1753359858888 9.999999974752427e-07 110
1753359890777 9.999999974752427e-07 111
1753359922663 9.999999974752427e-07 112
1753359955138 9.999999974752427e-07 113
1753359987192 9.999999974752427e-07 114
1753360019039 9.999999974752427e-07 115
1753360051328 9.999999974752427e-07 116
1753360083516 9.999999974752427e-07 117
1753360115599 9.999999974752427e-07 118
1753360147687 9.999999974752427e-07 119
1753360179619 9.999999974752427e-07 120
1753360211537 9.999999974752427e-07 121
1753360244179 9.999999974752427e-07 122
1753360276352 9.999999974752427e-07 123
1753360308347 9.999999974752427e-07 124
1753360340406 9.999999974752427e-07 125
1753360372396 9.999999974752427e-07 126
1753360404282 9.999999974752427e-07 127
1753360436398 9.999999974752427e-07 128
1753360468756 9.999999974752427e-07 129
1753360500877 9.999999974752427e-07 130
1753360532791 9.999999974752427e-07 131
1753360564815 9.999999974752427e-07 132
1753360597233 9.999999974752427e-07 133
1753360629110 9.999999974752427e-07 134
1753360660979 9.999999974752427e-07 135
1753360693002 9.999999974752427e-07 136
1753360725182 9.999999974752427e-07 137
1753360757587 9.999999974752427e-07 138
1753360789518 9.999999974752427e-07 139
1753360822199 9.999999974752427e-07 140
1753360854483 9.999999974752427e-07 141
1753360886352 9.999999974752427e-07 142
1753360918354 9.999999974752427e-07 143
1753360950290 9.999999974752427e-07 144
1753360982825 9.999999974752427e-07 145
1753361014750 9.999999974752427e-07 146
1753361046465 9.999999974752427e-07 147
1753361078980 9.999999974752427e-07 148
1753361110914 9.999999974752427e-07 149
1753361143207 9.999999974752427e-07 150
1753361175069 9.999999974752427e-07 151
1753361207272 9.999999974752427e-07 152
1753361240020 9.999999974752427e-07 153
1753361272358 9.999999974752427e-07 154
1753361304325 9.999999974752427e-07 155
1753361336661 9.999999974752427e-07 156
1753361368818 9.999999974752427e-07 157
1753361400966 9.999999974752427e-07 158
1753361433545 9.999999974752427e-07 159
1753361465951 9.999999974752427e-07 160
1753361498555 9.999999974752427e-07 161
1753361531049 9.999999974752427e-07 162
1753361563867 9.999999974752427e-07 163
1753361596105 9.999999974752427e-07 164
1753361627906 9.999999974752427e-07 165
1753361659975 9.999999974752427e-07 166
1753361691744 9.999999974752427e-07 167
1753361723919 9.999999974752427e-07 168
1753361755897 9.999999974752427e-07 169
1753361787800 9.999999974752427e-07 170
1753361820412 9.999999974752427e-07 171
1753361853000 9.999999974752427e-07 172
1753361885669 9.999999974752427e-07 173
1753361917651 9.999999974752427e-07 174
1753361950146 9.999999974752427e-07 175
1753361982132 9.999999974752427e-07 176
1753362014460 9.999999974752427e-07 177
1753362047322 9.999999974752427e-07 178
1753362080116 9.999999974752427e-07 179
1753362112153 9.999999974752427e-07 180
1753362144844 9.999999974752427e-07 181
1753362177490 9.999999974752427e-07 182
1753362209303 9.999999974752427e-07 183
1753362241358 9.999999974752427e-07 184
1753362272985 9.999999974752427e-07 185
1753362304926 9.999999974752427e-07 186
1753362337858 9.999999974752427e-07 187
1753362369649 9.999999974752427e-07 188
1753362401625 9.999999974752427e-07 189
1753362433820 9.999999974752427e-07 190
1753362465569 9.999999974752427e-07 191
1753362497394 9.999999974752427e-07 192
1753362529523 9.999999974752427e-07 193
1753362561465 9.999999974752427e-07 194
1753362593273 9.999999974752427e-07 195
1753362625414 9.999999974752427e-07 196
1753362657099 9.999999974752427e-07 197
1753362689329 9.999999974752427e-07 198
1753362721491 9.999999974752427e-07 199
1753362753376 9.999999974752427e-07 200
1753362785356 9.999999974752427e-07 201
1753362818377 9.999999974752427e-07 202
1753362850287 9.999999974752427e-07 203
1753362882546 9.999999974752427e-07 204
1753362914093 9.999999974752427e-07 205
1753362945934 9.999999974752427e-07 206
1753362977959 9.999999974752427e-07 207
1753363009910 9.999999974752427e-07 208
1753363041552 9.999999974752427e-07 209
1753363073499 9.999999974752427e-07 210
1753363105532 9.999999974752427e-07 211
1753363138013 9.999999974752427e-07 212
1753363170811 9.999999974752427e-07 213
1753363203051 9.999999974752427e-07 214
1753363235239 9.999999974752427e-07 215
1753363267026 9.999999974752427e-07 216
1753363299802 9.999999974752427e-07 217
1753363332399 9.999999974752427e-07 218
1753363364325 9.999999974752427e-07 219
1753363396158 9.999999974752427e-07 220
1753363428410 9.999999974752427e-07 221
1753363460430 9.999999974752427e-07 222
1753363492514 9.999999974752427e-07 223
1753363524795 9.999999974752427e-07 224
1753363556715 9.999999974752427e-07 225
1753363588850 9.999999974752427e-07 226
1753363620989 9.999999974752427e-07 227
1753363653277 9.999999974752427e-07 228
1753363685977 9.999999974752427e-07 229
1753363718447 9.999999974752427e-07 230
1753363750650 9.999999974752427e-07 231
1753363782829 9.999999974752427e-07 232
1753363815175 9.999999974752427e-07 233
1753363847785 9.999999974752427e-07 234
1753363880388 9.999999974752427e-07 235
1753363912590 9.999999974752427e-07 236
1753363944488 9.999999974752427e-07 237
1753363976883 9.999999974752427e-07 238
1753364008754 9.999999974752427e-07 239
1753364040820 9.999999974752427e-07 240
1753364073069 9.999999974752427e-07 241
1753364104957 9.999999974752427e-07 242
1753364136749 9.999999974752427e-07 243
1753364169034 9.999999974752427e-07 244
1753364201035 9.999999974752427e-07 245
1753364233047 9.999999974752427e-07 246
1753364265280 9.999999974752427e-07 247
1753364297185 9.999999974752427e-07 248
1753364329807 9.999999974752427e-07 249
1753364362196 9.999999974752427e-07 250
1753364394034 9.999999974752427e-07 251
1753364425993 9.999999974752427e-07 252
1753364458659 9.999999974752427e-07 253
1753364490521 9.999999974752427e-07 254
1753364522566 9.999999974752427e-07 255
1753364554823 9.999999974752427e-07 256
1753364586890 9.999999974752427e-07 257
1753364619437 9.999999974752427e-07 258
1753364651368 9.999999974752427e-07 259
1753364683416 9.999999974752427e-07 260
1753364715544 9.999999974752427e-07 261
1753364747529 9.999999974752427e-07 262
1753364779769 9.999999974752427e-07 263
1753364811769 9.999999974752427e-07 264
1753364843820 9.999999974752427e-07 265
1753364876271 9.999999974752427e-07 266
1753364907982 9.999999974752427e-07 267
1753364940266 9.999999974752427e-07 268
1753364972583 9.999999974752427e-07 269
1753365004854 9.999999974752427e-07 270
1753365037109 9.999999974752427e-07 271
1753365069078 9.999999974752427e-07 272
1753365101152 9.999999974752427e-07 273
1753365133218 9.999999974752427e-07 274
1753365165315 9.999999974752427e-07 275
1753365197378 9.999999974752427e-07 276
1753365229307 9.999999974752427e-07 277
1753365261501 9.999999974752427e-07 278
1753365293451 9.999999974752427e-07 279
1753365325399 9.999999974752427e-07 280
1753365358447 9.999999974752427e-07 281
1753365390385 9.999999974752427e-07 282
1753365422451 9.999999974752427e-07 283
1753365454473 9.999999974752427e-07 284
1753365486648 9.999999974752427e-07 285
1753365518468 9.999999974752427e-07 286
1753365550287 9.999999974752427e-07 287
1753365582285 9.999999974752427e-07 288
1753365614901 9.999999974752427e-07 289
1753365646852 9.999999974752427e-07 290
1753365678742 9.999999974752427e-07 291
1753365711556 9.999999974752427e-07 292
1753365743641 9.999999974752427e-07 293
1753365776221 9.999999974752427e-07 294
1753365807998 9.999999974752427e-07 295
1753365840563 9.999999974752427e-07 296
1753365873240 9.999999974752427e-07 297
1753365904975 9.999999974752427e-07 298
1753365937300 9.999999974752427e-07 299
1753365969877 9.999999974752427e-07 300
