1753130585957 1.0 0
1753130620494 2.0 0
1753130654854 3.0 0
1753130690023 4.0 0
1753130725001 5.0 0
1753130759607 6.0 0
1753130794054 7.0 0
1753130828746 8.0 0
1753130863584 9.0 0
1753130897645 10.0 0
1753130932380 11.0 0
1753130966969 12.0 0
1753131001839 13.0 0
1753131036354 14.0 0
1753131071318 15.0 0
1753131107077 16.0 0
1753131141364 17.0 0
1753131175979 18.0 0
1753131210741 19.0 0
1753131245162 20.0 0
1753131280076 21.0 0
1753131314508 22.0 0
1753131349121 23.0 0
1753131384445 24.0 0
1753131418975 25.0 0
1753131454148 26.0 0
1753131488619 27.0 0
1753131523238 28.0 0
1753131558445 29.0 0
1753131593031 30.0 0
1753131628086 31.0 0
1753131662565 32.0 0
1753131696956 33.0 0
1753131731901 34.0 0
1753131766295 35.0 0
1753131801063 36.0 0
1753131835969 37.0 0
1753131870549 38.0 0
1753131904775 39.0 0
1753131939678 40.0 0
1753131974757 41.0 0
1753132044416 43.0 0
1753132078877 44.0 0
1753132113671 45.0 0
1753132287054 50.0 0
1753132321681 51.0 0
1753132530700 57.0 0
1753132739522 63.0 0
1753132774702 64.0 0
1753132878381 67.0 0
1753132983237 70.0 0
1753135002378 128.0 0
