1753130561895 0.61641 1
1753130596742 0.54174 2
1753130631109 0.50817 3
1753130665808 0.47597 4
1753130700831 0.4436 5
1753130735764 0.41295 6
1753130770347 0.38287 7
1753130804852 0.35224 8
1753130839564 0.32288 9
1753130874419 0.2953 10
1753130908354 0.26989 11
1753130943193 0.24659 12
1753130977805 0.21942 13
1753131012698 0.18364 14
1753131047301 0.15146 15
1753131082209 0.12679 16
1753131117979 0.10771 17
1753131152006 0.09285 18
1753131186817 0.0808 19
1753131221494 0.07097 20
1753131256031 0.06303 21
1753131290668 0.05664 22
1753131325312 0.05157 23
1753131359947 0.04747 24
1753131395164 0.0441 25
1753131429807 0.04152 26
1753131464920 0.03883 27
1753131499286 0.03686 28
1753131534060 0.03511 29
1753131569312 0.03349 30
1753131603896 0.03222 31
1753131638659 0.03112 32
1753131673445 0.02996 33
1753131707821 0.02916 34
1753131742799 0.02835 35
1753131777149 0.02763 36
1753131811914 0.02692 37
1753131846860 0.02645 38
1753131881396 0.02594 39
1753131915502 0.02546 40
1753131950650 0.02501 41
1753131985661 0.02459 42
1753132020289 0.02431 43
1753132055236 0.02399 44
1753132089887 0.02367 45
1753132124542 0.0234 46
1753132159334 0.02305 47
1753132193693 0.02282 48
1753132228166 0.02274 49
1753132263210 0.02244 50
1753132297908 0.02234 51
1753132332511 0.0221 52
1753132366957 0.02202 53
1753132401650 0.02178 54
1753132436800 0.02144 55
1753132472009 0.0217 56
1753132506660 0.02126 57
1753132541942 0.02113 58
1753132576534 0.02092 59
1753132611146 0.0208 60
1753132645828 0.02076 61
1753132680515 0.02064 62
1753132715493 0.02055 63
1753132750250 0.02045 64
1753132785617 0.02045 65
1753132820049 0.02034 66
1753132854646 0.02026 67
1753132889234 0.02007 68
1753132924386 0.02015 69
1753132959140 0.02 70
1753132994122 0.01997 71
1753133028619 0.01994 72
1753133063779 0.01979 73
1753133098905 0.01971 74
1753133133788 0.01971 75
1753133168296 0.0196 76
1753133203168 0.0195 77
1753133238176 0.0195 78
1753133273176 0.01943 79
1753133308241 0.01943 80
1753133342895 0.01939 81
1753133377251 0.01935 82
1753133412273 0.01928 83
1753133447402 0.01929 84
1753133481806 0.01927 85
1753133516792 0.01922 86
1753133551587 0.01921 87
1753133586467 0.01908 88
1753133621389 0.01906 89
1753133655896 0.01903 90
1753133690286 0.01911 91
1753133725017 0.01895 92
1753133759776 0.01894 93
1753133794888 0.01898 94
1753133830029 0.01899 95
1753133864985 0.01886 96
1753133899935 0.01899 97
1753133934719 0.01892 98
1753133969155 0.01895 99
1753134003856 0.01873 100
1753134039491 0.0187 101
1753134074042 0.01864 102
1753134109038 0.01865 103
1753134143920 0.0187 104
1753134178855 0.01862 105
1753134213543 0.0186 106
1753134248786 0.01859 107
1753134283937 0.01859 108
1753134318554 0.01851 109
1753134353187 0.01847 110
1753134387624 0.01851 111
1753134422878 0.01858 112
1753134457685 0.01855 113
1753134492513 0.0185 114
1753134526859 0.01847 115
1753134561460 0.01892 116
1753134596227 0.0186 117
1753134630955 0.01847 118
1753134665553 0.01835 119
1753134700054 0.01837 120
1753134734853 0.01846 121
1753134769770 0.01844 122
1753134804734 0.01832 123
1753134839147 0.01828 124
1753134873360 0.01833 125
1753134908421 0.01825 126
1753134942703 0.01835 127
1753134977288 0.01852 128
1753135013205 0.01832 129
1753135047676 0.01839 130
1753135082075 0.01829 131
1753135117064 0.01821 132
1753135151588 0.01822 133
1753135186246 0.01828 134
1753135220529 0.01859 135
1753135255321 0.01823 136
1753135290126 0.01821 137
1753135325101 0.01826 138
1753135360290 0.01817 139
1753135395422 0.01818 140
1753135430003 0.01812 141
1753135464931 0.01828 142
1753135499775 0.01831 143
1753135534628 0.01811 144
1753135569070 0.01812 145
1753135603870 0.01804 146
1753135638789 0.01813 147
1753135673753 0.01818 148
1753135708271 0.01814 149
1753135742485 0.01803 150
1753135776967 0.0183 151
1753135811729 0.01819 152
1753135846609 0.01799 153
1753135881942 0.0181 154
1753135916787 0.01804 155
1753135951656 0.01798 156
1753135986281 0.01802 157
1753136021170 0.01829 158
1753136055969 0.01822 159
1753136090669 0.01804 160
1753136125722 0.01803 161
1753136160160 0.01812 162
1753136194806 0.01826 163
1753136229470 0.01813 164
1753136264374 0.01803 165
1753136299480 0.01796 166
1753136334343 0.01821 167
1753136368944 0.018 168
1753136403436 0.01801 169
1753136438269 0.01787 170
1753136473019 0.0178 171
1753136508730 0.01784 172
1753136543670 0.01789 173
1753136578391 0.01778 174
1753136613077 0.01783 175
1753136647819 0.01806 176
1753136682106 0.01788 177
1753136717253 0.01788 178
1753136752122 0.01857 179
1753136786852 0.0181 180
1753136821306 0.01799 181
1753136856520 0.01791 182
1753136891525 0.01793 183
1753136926277 0.01783 184
1753136961319 0.01786 185
1753136996013 0.01798 186
1753137030673 0.01787 187
1753137066093 0.01818 188
1753137100901 0.01791 189
1753137135891 0.01778 190
1753137171048 0.01801 191
1753137205425 0.01807 192
1753137240421 0.01783 193
1753137275350 0.01797 194
1753137310086 0.01785 195
1753137344649 0.01785 196
1753137379179 0.01799 197
1753137414583 0.01771 198
1753137449111 0.0177 199
1753137484226 0.01776 200
1753137518710 0.01769 201
1753137553536 0.01789 202
1753137588498 0.01802 203
1753137623770 0.01791 204
1753137658741 0.0178 205
1753137694142 0.01774 206
1753137728449 0.01764 207
1753137763067 0.01766 208
1753137797717 0.0177 209
1753137832486 0.01764 210
1753137867240 0.01765 211
1753137902050 0.01765 212
1753137936887 0.01773 213
1753137971886 0.01785 214
1753138006444 0.0177 215
1753138041156 0.01782 216
1753138076329 0.01767 217
1753138111351 0.01768 218
1753138146301 0.01771 219
1753138181404 0.01774 220
1753138215823 0.01763 221
1753138251120 0.01765 222
1753138285595 0.0177 223
1753138320250 0.0176 224
1753138354949 0.01758 225
1753138389353 0.0178 226
1753138424058 0.01765 227
1753138459392 0.01781 228
1753138494127 0.01762 229
1753138528414 0.01758 230
1753138563391 0.01767 231
1753138597718 0.0176 232
1753138632526 0.01762 233
1753138666842 0.0175 234
1753138701352 0.01753 235
1753138736188 0.01762 236
1753138770828 0.01774 237
1753138805324 0.01759 238
1753138839791 0.01756 239
1753138874027 0.01758 240
1753138908614 0.0179 241
1753138943271 0.01757 242
1753138978291 0.01755 243
1753139013075 0.01757 244
1753139047931 0.01775 245
1753139082834 0.0176 246
1753139118241 0.01771 247
1753139153204 0.0175 248
1753139187887 0.01774 249
1753139222531 0.01765 250
1753139257063 0.01759 251
1753139291838 0.0176 252
1753139326625 0.01757 253
1753139361365 0.01763 254
1753139396014 0.01761 255
1753139430539 0.01795 256
1753139465444 0.01756 257
1753139500581 0.01762 258
1753139535244 0.01759 259
1753139569853 0.01762 260
1753139604783 0.01753 261
1753139639522 0.01757 262
1753139674762 0.01754 263
1753139709452 0.0176 264
1753139744213 0.01803 265
1753139779648 0.01765 266
1753139814172 0.01754 267
1753139848582 0.01762 268
1753139882867 0.01777 269
1753139917178 0.01784 270
1753139951961 0.01757 271
1753139986706 0.01756 272
1753140021809 0.01772 273
1753140056764 0.01757 274
1753140091519 0.0175 275
1753140126380 0.01769 276
1753140160913 0.01746 277
1753140195850 0.01743 278
1753140230537 0.0175 279
1753140265611 0.01747 280
1753140300053 0.01752 281
1753140334626 0.01749 282
1753140369328 0.01753 283
1753140403890 0.01748 284
1753140438835 0.01752 285
1753140473880 0.01762 286
1753140508444 0.01752 287
1753140543703 0.01738 288
1753140579017 0.01741 289
1753140614112 0.0174 290
1753140648815 0.01739 291
1753140683888 0.01748 292
1753140718683 0.01746 293
1753140753411 0.01736 294
1753140788102 0.01756 295
1753140823220 0.01739 296
1753140857836 0.01731 297
1753140892705 0.01731 298
1753140927137 0.01728 299
1753140961938 0.01726 300
