1753398637495 1.0 0
1753398655657 2.0 0
1753398673789 3.0 0
1753398692381 4.0 0
1753398710129 5.0 0
1753398728759 6.0 0
1753398747198 7.0 0
1753398765266 8.0 0
1753398783671 9.0 0
1753398801854 10.0 0
1753398819965 11.0 0
1753398837889 12.0 0
1753398855705 13.0 0
1753398874136 14.0 0
1753398892189 15.0 0
1753398910081 16.0 0
1753398927813 17.0 0
1753398945881 18.0 0
1753398964551 19.0 0
1753398982654 20.0 0
1753399000617 21.0 0
1753399018568 22.0 0
1753399036248 23.0 0
1753399054298 24.0 0
1753399072350 25.0 0
1753399090760 26.0 0
1753399108928 27.0 0
1753399126921 28.0 0
1753399144916 29.0 0
1753399162890 30.0 0
1753399181129 31.0 0
1753399199639 32.0 0
1753399217184 33.0 0
1753399253436 35.0 0
1753399271516 36.0 0
1753399289977 37.0 0
1753399308010 38.0 0
1753399326127 39.0 0
1753399343986 40.0 0
1753399362285 41.0 0
1753399380085 42.0 0
1753399397743 43.0 0
1753399433965 45.0 0
1753399452099 46.0 0
1753399470333 47.0 0
1753399488224 48.0 0
1753399542204 51.0 0
1753399559916 52.0 0
1753399577955 53.0 0
1753399632347 56.0 0
1753399650633 57.0 0
1753399668621 58.0 0
1753399686893 59.0 0
1753399723425 61.0 0
1753399741455 62.0 0
1753399849938 68.0 0
1753399904506 71.0 0
1753400031547 78.0 0
