1753398622890 0.64153 1
1753398641492 0.4994 2
1753398659686 0.44333 3
1753398677847 0.40259 4
1753398696454 0.36493 5
1753398714086 0.32473 6
1753398732726 0.28489 7
1753398751180 0.24959 8
1753398769520 0.21877 9
1753398787606 0.1921 10
1753398805814 0.16928 11
1753398823896 0.14983 12
1753398841831 0.13325 13
1753398859651 0.11922 14
1753398878065 0.10714 15
1753398896085 0.0969 16
1753398913960 0.0882 17
1753398931711 0.08063 18
1753398949874 0.07413 19
1753398968414 0.06857 20
1753398986584 0.06378 21
1753399004508 0.05949 22
1753399022493 0.05579 23
1753399040220 0.05251 24
1753399058248 0.04967 25
1753399076375 0.04706 26
1753399094762 0.04478 27
1753399112948 0.04277 28
1753399130852 0.04099 29
1753399148758 0.03938 30
1753399166804 0.03789 31
1753399184958 0.03657 32
1753399203514 0.03537 33
1753399221109 0.03361 34
1753399239385 0.03199 35
1753399257323 0.03098 36
1753399275481 0.03021 37
1753399293851 0.02946 38
1753399312025 0.02882 39
1753399329987 0.0282 40
1753399347929 0.02764 41
1753399366157 0.02712 42
1753399383963 0.02667 43
1753399401748 0.02624 44
1753399419860 0.02587 45
1753399437885 0.02542 46
1753399456103 0.02508 47
1753399474660 0.02481 48
1753399492150 0.02441 49
1753399510164 0.02408 50
1753399527878 0.02388 51
1753399546089 0.02359 52
1753399563909 0.02335 53
1753399581939 0.02314 54
1753399600064 0.0229 55
1753399617840 0.02274 56
1753399636343 0.02255 57
1753399654532 0.02236 58
1753399672541 0.02219 59
1753399690794 0.022 60
1753399709001 0.02182 61
1753399727315 0.02174 62
1753399745341 0.02157 63
1753399763125 0.02141 64
1753399781213 0.02132 65
1753399799218 0.02117 66
1753399817136 0.02107 67
1753399835540 0.02093 68
1753399853811 0.02088 69
1753399872180 0.02072 70
1753399890089 0.02069 71
1753399908449 0.02054 72
1753399926884 0.02049 73
1753399944771 0.02036 74
1753399963086 0.02025 75
1753399981468 0.02021 76
1753399999463 0.02011 77
1753400017514 0.02006 78
1753400035462 0.01999 79
1753400053890 0.01988 80
1753400072567 0.01984 81
1753400090038 0.0198 82
1753400108017 0.01975 83
1753400126071 0.01967 84
1753400143985 0.01963 85
1753400162075 0.01958 86
1753400180566 0.01948 87
1753400199078 0.01934 88
1753400216826 0.01923 89
1753400234354 0.01922 90
1753400252417 0.01919 91
1753400270823 0.01914 92
1753400288872 0.01912 93
1753400307080 0.01911 94
1753400324730 0.01914 95
1753400342790 0.01912 96
1753400360644 0.01903 97
1753400378629 0.01902 98
1753400397002 0.01908 99
1753400415295 0.01898 100
1753400433685 0.01901 101
1753400451725 0.019 102
1753400469813 0.01902 103
1753400487841 0.01901 104
1753400505814 0.01895 105
1753400523774 0.01901 106
1753400541441 0.01898 107
1753400559401 0.01897 108
1753400577303 0.01897 109
1753400595093 0.01898 110
1753400612979 0.01899 111
1753400631179 0.01895 112
1753400649021 0.01895 113
1753400667016 0.01899 114
1753400684950 0.01899 115
1753400703322 0.01899 116
1753400721491 0.01895 117
1753400739030 0.01898 118
1753400757400 0.01899 119
1753400775632 0.01898 120
1753400794342 0.01896 121
1753400811953 0.01895 122
1753400828975 0.019 123
1753400847160 0.019 124
1753400865418 0.01896 125
1753400883376 0.01897 126
1753400901094 0.01894 127
1753400918813 0.01897 128
1753400936798 0.01901 129
1753400955100 0.01895 130
1753400973124 0.01896 131
1753400990900 0.01896 132
1753401008496 0.01897 133
1753401026207 0.01896 134
1753401044182 0.01896 135
1753401062677 0.01897 136
1753401080600 0.01897 137
1753401098627 0.01897 138
1753401116693 0.01897 139
1753401134725 0.01897 140
1753401152794 0.01896 141
1753401170740 0.01897 142
1753401189276 0.01895 143
1753401207357 0.01897 144
1753401225227 0.01899 145
1753401243177 0.01899 146
1753401261409 0.01901 147
1753401279389 0.01898 148
1753401297680 0.019 149
1753401315639 0.019 150
1753401333280 0.01897 151
1753401351659 0.01896 152
1753401369708 0.01898 153
1753401388105 0.01895 154
1753401406336 0.01897 155
1753401424433 0.01897 156
1753401442552 0.01897 157
1753401461034 0.01895 158
1753401479403 0.019 159
1753401497414 0.01896 160
1753401515645 0.01897 161
1753401533781 0.019 162
1753401551503 0.01893 163
1753401569309 0.01893 164
1753401586770 0.01895 165
1753401604951 0.019 166
1753401622770 0.01895 167
1753401640616 0.01896 168
1753401658920 0.01896 169
1753401677440 0.01895 170
1753401695787 0.01896 171
1753401713798 0.01895 172
1753401731635 0.01899 173
1753401750045 0.01897 174
1753401768676 0.01895 175
1753401787054 0.01896 176
1753401805078 0.01896 177
1753401822866 0.01898 178
1753401841071 0.01897 179
1753401859266 0.01898 180
1753401877651 0.01897 181
1753401895560 0.019 182
1753401913782 0.01897 183
1753401932084 0.01896 184
1753401950280 0.01899 185
1753401968325 0.01898 186
1753401986591 0.01898 187
1753402004497 0.01895 188
1753402022231 0.01894 189
1753402040508 0.01893 190
1753402058257 0.01897 191
1753402076396 0.01895 192
1753402093857 0.01897 193
1753402111344 0.01897 194
1753402129418 0.01896 195
1753402146673 0.01895 196
1753402164582 0.01894 197
1753402182404 0.01895 198
1753402200176 0.01898 199
1753402217945 0.01896 200
1753402235840 0.01898 201
1753402254090 0.01898 202
1753402272107 0.01896 203
1753402290264 0.01898 204
1753402308152 0.01898 205
1753402326569 0.01898 206
1753402344490 0.01893 207
1753402362625 0.01892 208
1753402380338 0.01896 209
1753402398224 0.01895 210
1753402416079 0.01897 211
1753402434183 0.01896 212
1753402452043 0.01896 213
1753402470253 0.01899 214
1753402488193 0.01896 215
1753402505941 0.01895 216
1753402524015 0.01897 217
1753402542061 0.01895 218
1753402560206 0.01895 219
1753402578568 0.01898 220
1753402596713 0.01895 221
1753402615500 0.01894 222
1753402633181 0.01899 223
1753402650804 0.01898 224
1753402668885 0.01894 225
1753402687593 0.01896 226
1753402705947 0.01894 227
1753402723577 0.01893 228
1753402741851 0.01899 229
1753402759782 0.01897 230
1753402778036 0.01892 231
1753402795882 0.01895 232
1753402813703 0.01895 233
1753402831784 0.01894 234
1753402849879 0.01893 235
1753402867914 0.01896 236
1753402886473 0.01895 237
1753402904240 0.01896 238
1753402921777 0.01892 239
1753402939555 0.01895 240
1753402956987 0.01894 241
1753402974984 0.01895 242
1753402993151 0.01894 243
1753403011096 0.01897 244
1753403029458 0.01895 245
1753403047661 0.01892 246
1753403065946 0.01894 247
1753403083983 0.01894 248
1753403101707 0.01898 249
1753403119843 0.01893 250
1753403138104 0.01894 251
1753403156265 0.01896 252
1753403174409 0.01895 253
1753403192210 0.01894 254
1753403209712 0.01897 255
1753403227339 0.01898 256
1753403244940 0.01894 257
1753403262456 0.01891 258
1753403279901 0.01896 259
1753403298017 0.01895 260
1753403316500 0.01894 261
1753403334547 0.01896 262
1753403353027 0.01898 263
1753403371062 0.01893 264
1753403388833 0.01893 265
1753403406824 0.01895 266
1753403424763 0.01894 267
1753403442566 0.01892 268
1753403460841 0.01894 269
1753403479029 0.01894 270
1753403497315 0.01892 271
1753403514680 0.01891 272
1753403532804 0.01895 273
1753403550670 0.01893 274
1753403568884 0.01893 275
1753403587349 0.01891 276
1753403605552 0.01894 277
1753403623278 0.01892 278
1753403641585 0.01891 279
1753403660067 0.01895 280
1753403677730 0.01897 281
1753403696102 0.0189 282
1753403714049 0.01892 283
1753403731871 0.01894 284
1753403750316 0.01893 285
1753403768822 0.01893 286
1753403786757 0.01894 287
1753403804416 0.01895 288
1753403822774 0.01893 289
1753403840794 0.01892 290
1753403859082 0.01894 291
1753403877004 0.01893 292
1753403895236 0.01898 293
1753403913052 0.01892 294
1753403931020 0.01895 295
1753403949222 0.01893 296
1753403967032 0.01891 297
1753403984851 0.01896 298
1753404002591 0.01893 299
1753404020269 0.01896 300
