1753398637504 0.0010000000474974513 1
1753398655663 0.0010000000474974513 2
1753398673793 0.0010000000474974513 3
1753398692390 0.0010000000474974513 4
1753398710133 0.0010000000474974513 5
1753398728764 0.0010000000474974513 6
1753398747202 0.0010000000474974513 7
1753398765270 0.0010000000474974513 8
1753398783678 0.0010000000474974513 9
1753398801860 0.0010000000474974513 10
1753398819986 0.0010000000474974513 11
1753398837893 0.0010000000474974513 12
1753398855711 0.0010000000474974513 13
1753398874141 0.0010000000474974513 14
1753398892193 0.0010000000474974513 15
1753398910086 0.0010000000474974513 16
1753398927820 0.0010000000474974513 17
1753398945889 0.0010000000474974513 18
1753398964558 0.0010000000474974513 19
1753398982659 0.0010000000474974513 20
1753399000621 0.0010000000474974513 21
1753399018580 0.0010000000474974513 22
1753399036252 0.0010000000474974513 23
1753399054303 0.0010000000474974513 24
1753399072354 0.0010000000474974513 25
1753399090767 0.0010000000474974513 26
1753399108941 0.0010000000474974513 27
1753399126926 0.0010000000474974513 28
1753399144923 0.0010000000474974513 29
1753399162895 0.0010000000474974513 30
1753399181134 0.0010000000474974513 31
1753399199643 0.0010000000474974513 32
1753399217189 0.0010000000474974513 33
1753399235361 0.0010000000474974513 34
1753399253446 0.0010000000474974513 35
1753399271523 0.0010000000474974513 36
1753399289984 0.0010000000474974513 37
1753399308015 0.0010000000474974513 38
1753399326136 0.0010000000474974513 39
1753399343990 0.0010000000474974513 40
1753399362289 0.0010000000474974513 41
1753399380089 0.0010000000474974513 42
1753399397748 0.0010000000474974513 43
1753399415951 0.0010000000474974513 44
1753399433971 0.0010000000474974513 45
1753399452105 0.0010000000474974513 46
1753399470338 0.0010000000474974513 47
1753399488229 0.0010000000474974513 48
1753399506201 0.0010000000474974513 49
1753399523922 0.0010000000474974513 50
1753399542209 0.0010000000474974513 51
1753399559922 0.0010000000474974513 52
1753399577962 0.0010000000474974513 53
1753399596164 0.0010000000474974513 54
1753399613931 0.0010000000474974513 55
1753399632351 0.0010000000474974513 56
1753399650637 0.0010000000474974513 57
1753399668630 0.0010000000474974513 58
1753399686901 0.0010000000474974513 59
1753399705089 0.0010000000474974513 60
1753399723431 0.0010000000474974513 61
1753399741462 0.0010000000474974513 62
1753399759119 0.0010000000474974513 63
1753399777274 0.0010000000474974513 64
1753399795310 0.0010000000474974513 65
1753399813143 0.0010000000474974513 66
1753399831599 0.0010000000474974513 67
1753399849942 0.0010000000474974513 68
1753399868315 0.0010000000474974513 69
1753399886180 0.0010000000474974513 70
1753399904514 0.0010000000474974513 71
1753399923008 0.0010000000474974513 72
1753399940890 0.0010000000474974513 73
1753399959174 0.0010000000474974513 74
1753399977553 0.0010000000474974513 75
1753399995468 0.0010000000474974513 76
1753400013553 0.0010000000474974513 77
1753400031554 0.0010000000474974513 78
1753400049996 0.0010000000474974513 79
1753400068588 0.0010000000474974513 80
1753400086078 0.0010000000474974513 81
1753400104010 0.0010000000474974513 82
1753400122092 0.0010000000474974513 83
1753400139971 0.0010000000474974513 84
1753400158161 0.0010000000474974513 85
1753400176580 0.0010000000474974513 86
1753400195179 0.00020000000949949026 87
1753400212836 0.00020000000949949026 88
1753400230475 0.00020000000949949026 89
1753400248400 0.00020000000949949026 90
1753400266851 0.00020000000949949026 91
1753400284981 0.00020000000949949026 92
1753400303045 0.00020000000949949026 93
1753400320859 0.00020000000949949026 94
1753400338831 0.00020000000949949026 95
1753400356688 4.0000002627493814e-05 96
1753400374695 4.0000002627493814e-05 97
1753400393137 4.0000002627493814e-05 98
1753400411341 4.0000002627493814e-05 99
1753400429706 4.0000002627493814e-05 100
1753400447809 4.0000002627493814e-05 101
1753400465813 4.0000002627493814e-05 102
1753400483853 4.0000002627493814e-05 103
1753400501800 4.0000002627493814e-05 104
1753400519743 8.000000889296643e-06 105
1753400537514 8.000000889296643e-06 106
1753400555460 8.000000889296643e-06 107
1753400573353 8.000000889296643e-06 108
1753400591214 8.000000889296643e-06 109
1753400609004 8.000000889296643e-06 110
1753400627247 8.000000889296643e-06 111
1753400645110 8.000000889296643e-06 112
1753400663116 8.000000889296643e-06 113
1753400680949 1.6000001323845936e-06 114
1753400699333 1.6000001323845936e-06 115
1753400717529 1.6000001323845936e-06 116
1753400735001 1.6000001323845936e-06 117
1753400753435 1.6000001323845936e-06 118
1753400771646 1.6000001323845936e-06 119
1753400790366 1.6000001323845936e-06 120
1753400807946 1.6000001323845936e-06 121
1753400825042 1.6000001323845936e-06 122
1753400843188 9.999999974752427e-07 123
1753400861449 9.999999974752427e-07 124
1753400879427 9.999999974752427e-07 125
1753400897167 9.999999974752427e-07 126
1753400914859 9.999999974752427e-07 127
1753400932535 9.999999974752427e-07 128
1753400951107 9.999999974752427e-07 129
1753400969106 9.999999974752427e-07 130
1753400986940 9.999999974752427e-07 131
1753401004538 9.999999974752427e-07 132
1753401022229 9.999999974752427e-07 133
1753401040261 9.999999974752427e-07 134
1753401058754 9.999999974752427e-07 135
1753401076610 9.999999974752427e-07 136
1753401094627 9.999999974752427e-07 137
1753401112745 9.999999974752427e-07 138
1753401130737 9.999999974752427e-07 139
1753401148830 9.999999974752427e-07 140
1753401166755 9.999999974752427e-07 141
1753401185331 9.999999974752427e-07 142
1753401203386 9.999999974752427e-07 143
1753401221343 9.999999974752427e-07 144
1753401239221 9.999999974752427e-07 145
1753401257422 9.999999974752427e-07 146
1753401275491 9.999999974752427e-07 147
1753401293726 9.999999974752427e-07 148
1753401311680 9.999999974752427e-07 149
1753401329354 9.999999974752427e-07 150
1753401347734 9.999999974752427e-07 151
1753401365715 9.999999974752427e-07 152
1753401384170 9.999999974752427e-07 153
1753401402375 9.999999974752427e-07 154
1753401420521 9.999999974752427e-07 155
1753401438633 9.999999974752427e-07 156
1753401457030 9.999999974752427e-07 157
1753401475401 9.999999974752427e-07 158
1753401493475 9.999999974752427e-07 159
1753401511656 9.999999974752427e-07 160
1753401529844 9.999999974752427e-07 161
1753401547537 9.999999974752427e-07 162
1753401565312 9.999999974752427e-07 163
1753401582795 9.999999974752427e-07 164
1753401600982 9.999999974752427e-07 165
1753401618810 9.999999974752427e-07 166
1753401636652 9.999999974752427e-07 167
1753401655008 9.999999974752427e-07 168
1753401673166 9.999999974752427e-07 169
1753401691808 9.999999974752427e-07 170
1753401709832 9.999999974752427e-07 171
1753401727679 9.999999974752427e-07 172
1753401746078 9.999999974752427e-07 173
1753401764693 9.999999974752427e-07 174
1753401783039 9.999999974752427e-07 175
1753401801115 9.999999974752427e-07 176
1753401818899 9.999999974752427e-07 177
1753401837112 9.999999974752427e-07 178
1753401855292 9.999999974752427e-07 179
1753401873664 9.999999974752427e-07 180
1753401891582 9.999999974752427e-07 181
1753401909798 9.999999974752427e-07 182
1753401928102 9.999999974752427e-07 183
1753401946349 9.999999974752427e-07 184
1753401964348 9.999999974752427e-07 185
1753401982611 9.999999974752427e-07 186
1753402000574 9.999999974752427e-07 187
1753402018340 9.999999974752427e-07 188
1753402036521 9.999999974752427e-07 189
1753402054267 9.999999974752427e-07 190
1753402072518 9.999999974752427e-07 191
1753402089961 9.999999974752427e-07 192
1753402107456 9.999999974752427e-07 193
1753402125534 9.999999974752427e-07 194
1753402142760 9.999999974752427e-07 195
1753402160623 9.999999974752427e-07 196
1753402178508 9.999999974752427e-07 197
1753402196264 9.999999974752427e-07 198
1753402213985 9.999999974752427e-07 199
1753402231854 9.999999974752427e-07 200
1753402250070 9.999999974752427e-07 201
1753402268148 9.999999974752427e-07 202
1753402286319 9.999999974752427e-07 203
1753402304175 9.999999974752427e-07 204
1753402322654 9.999999974752427e-07 205
1753402340547 9.999999974752427e-07 206
1753402358734 9.999999974752427e-07 207
1753402376375 9.999999974752427e-07 208
1753402394324 9.999999974752427e-07 209
1753402412143 9.999999974752427e-07 210
1753402430203 9.999999974752427e-07 211
1753402448092 9.999999974752427e-07 212
1753402466341 9.999999974752427e-07 213
1753402484306 9.999999974752427e-07 214
1753402502021 9.999999974752427e-07 215
1753402520033 9.999999974752427e-07 216
1753402538057 9.999999974752427e-07 217
1753402556225 9.999999974752427e-07 218
1753402574571 9.999999974752427e-07 219
1753402592720 9.999999974752427e-07 220
1753402611555 9.999999974752427e-07 221
1753402629251 9.999999974752427e-07 222
1753402646851 9.999999974752427e-07 223
1753402664959 9.999999974752427e-07 224
1753402683606 9.999999974752427e-07 225
1753402702009 9.999999974752427e-07 226
1753402719667 9.999999974752427e-07 227
1753402737877 9.999999974752427e-07 228
1753402755774 9.999999974752427e-07 229
1753402774071 9.999999974752427e-07 230
1753402791896 9.999999974752427e-07 231
1753402809755 9.999999974752427e-07 232
1753402827891 9.999999974752427e-07 233
1753402845931 9.999999974752427e-07 234
1753402864002 9.999999974752427e-07 235
1753402882455 9.999999974752427e-07 236
1753402900255 9.999999974752427e-07 237
1753402917852 9.999999974752427e-07 238
1753402935596 9.999999974752427e-07 239
1753402953081 9.999999974752427e-07 240
1753402971104 9.999999974752427e-07 241
1753402989298 9.999999974752427e-07 242
1753403007131 9.999999974752427e-07 243
1753403025539 9.999999974752427e-07 244
1753403043705 9.999999974752427e-07 245
1753403061951 9.999999974752427e-07 246
1753403080074 9.999999974752427e-07 247
1753403097721 9.999999974752427e-07 248
1753403115847 9.999999974752427e-07 249
1753403134157 9.999999974752427e-07 250
1753403152373 9.999999974752427e-07 251
1753403170402 9.999999974752427e-07 252
1753403188248 9.999999974752427e-07 253
1753403205798 9.999999974752427e-07 254
1753403223344 9.999999974752427e-07 255
1753403240938 9.999999974752427e-07 256
1753403258514 9.999999974752427e-07 257
1753403275973 9.999999974752427e-07 258
1753403294042 9.999999974752427e-07 259
1753403312556 9.999999974752427e-07 260
1753403330596 9.999999974752427e-07 261
1753403349057 9.999999974752427e-07 262
1753403367074 9.999999974752427e-07 263
1753403384848 9.999999974752427e-07 264
1753403402834 9.999999974752427e-07 265
1753403420786 9.999999974752427e-07 266
1753403438580 9.999999974752427e-07 267
1753403456904 9.999999974752427e-07 268
1753403475093 9.999999974752427e-07 269
1753403493386 9.999999974752427e-07 270
1753403510733 9.999999974752427e-07 271
1753403528853 9.999999974752427e-07 272
1753403546713 9.999999974752427e-07 273
1753403565026 9.999999974752427e-07 274
1753403583341 9.999999974752427e-07 275
1753403601624 9.999999974752427e-07 276
1753403619359 9.999999974752427e-07 277
1753403637626 9.999999974752427e-07 278
1753403656074 9.999999974752427e-07 279
1753403673796 9.999999974752427e-07 280
1753403692175 9.999999974752427e-07 281
1753403710117 9.999999974752427e-07 282
1753403727896 9.999999974752427e-07 283
1753403746354 9.999999974752427e-07 284
1753403764866 9.999999974752427e-07 285
1753403782761 9.999999974752427e-07 286
1753403800526 9.999999974752427e-07 287
1753403818779 9.999999974752427e-07 288
1753403836827 9.999999974752427e-07 289
1753403855200 9.999999974752427e-07 290
1753403873079 9.999999974752427e-07 291
1753403891299 9.999999974752427e-07 292
1753403909041 9.999999974752427e-07 293
1753403927029 9.999999974752427e-07 294
1753403945246 9.999999974752427e-07 295
1753403963038 9.999999974752427e-07 296
1753403980949 9.999999974752427e-07 297
1753403998675 9.999999974752427e-07 298
1753404016374 9.999999974752427e-07 299
1753404034439 9.999999974752427e-07 300
