1752950387061 1.0 0
1752950404632 2.0 0
1752950422130 3.0 0
1752950439571 4.0 0
1752950456906 5.0 0
1752950474359 6.0 0
1752950492459 7.0 0
1752950510529 8.0 0
1752950527955 9.0 0
1752950545617 10.0 0
1752950563323 11.0 0
1752950580897 12.0 0
1752950598453 13.0 0
1752950616351 14.0 0
1752950633919 15.0 0
1752950651469 16.0 0
1752950669477 17.0 0
1752950686893 18.0 0
1752950704334 19.0 0
1752950721688 20.0 0
1752950738998 21.0 0
1752950773674 23.0 0
1752950843233 27.0 0
1752950860641 28.0 0
1752950947525 33.0 0
1752951016449 37.0 0
1752951033740 38.0 0
1752951086050 41.0 0
1752951121075 43.0 0
