1752950374510 0.42492 1
1752950392843 0.28945 2
1752950410379 0.20962 3
1752950427890 0.15451 4
1752950445300 0.11623 5
1752950462679 0.09044 6
1752950480015 0.07284 7
1752950498245 0.0605 8
1752950516212 0.05165 9
1752950533644 0.04524 10
1752950551267 0.04038 11
1752950569126 0.03672 12
1752950586715 0.03385 13
1752950604190 0.03159 14
1752950622148 0.02978 15
1752950639678 0.02831 16
1752950657257 0.02712 17
1752950675298 0.02608 18
1752950692721 0.02522 19
1752950710112 0.02447 20
1752950727416 0.02386 21
1752950744813 0.02333 22
1752950762089 0.02287 23
1752950779383 0.02243 24
1752950796739 0.02205 25
1752950814092 0.02175 26
1752950831555 0.02145 27
1752950849004 0.02121 28
1752950866441 0.02095 29
1752950883687 0.02075 30
1752950900936 0.02055 31
1752950918165 0.02037 32
1752950935783 0.02021 33
1752950953182 0.02008 34
1752950970334 0.01993 35
1752950987694 0.0198 36
1752951004935 0.01971 37
1752951022178 0.01959 38
1752951039476 0.01948 39
1752951056782 0.0194 40
1752951074032 0.01933 41
1752951091812 0.01924 42
1752951109170 0.01916 43
1752951126804 0.01908 44
1752951144092 0.01903 45
1752951161406 0.01898 46
1752951178582 0.01887 47
1752951195768 0.01882 48
1752951213138 0.01877 49
1752951230336 0.01874 50
1752951247654 0.01871 51
1752951264889 0.01864 52
1752951282203 0.01859 53
1752951299381 0.01854 54
1752951316586 0.01853 55
1752951333809 0.01847 56
1752951351450 0.01844 57
1752951368679 0.01842 58
1752951385982 0.01839 59
1752951403834 0.01836 60
1752951421446 0.01833 61
1752951439020 0.01829 62
1752951456665 0.01827 63
1752951474713 0.01823 64
1752951492265 0.01821 65
1752951509805 0.0182 66
1752951527664 0.01818 67
1752951545301 0.01818 68
1752951562957 0.01811 69
1752951580789 0.01812 70
1752951598370 0.01809 71
1752951615941 0.01807 72
1752951633719 0.01805 73
1752951651326 0.01802 74
1752951668935 0.01802 75
1752951686784 0.018 76
1752951704451 0.018 77
1752951722009 0.01798 78
1752951739643 0.01794 79
1752951757177 0.01792 80
1752951774711 0.01792 81
1752951792605 0.0179 82
1752951810226 0.0179 83
1752951827817 0.01787 84
1752951845379 0.01788 85
1752951862903 0.01785 86
1752951880216 0.01783 87
1752951897904 0.01784 88
1752951915380 0.01781 89
1752951932776 0.0178 90
1752951950811 0.01778 91
1752951968199 0.01777 92
1752951985978 0.01775 93
1752952003368 0.01776 94
1752952020751 0.01773 95
1752952038245 0.01774 96
1752952055679 0.01771 97
1752952073209 0.01771 98
1752952090683 0.01772 99
1752952108156 0.01768 100
1752952125650 0.01767 101
1752952143068 0.0177 102
1752952160534 0.01767 103
1752952177932 0.01767 104
1752952195420 0.01764 105
1752952213230 0.01764 106
1752952230731 0.01764 107
1752952248348 0.01762 108
1752952265825 0.01762 109
1752952283265 0.01761 110
1752952300956 0.01757 111
1752952318457 0.01759 112
1752952335965 0.01756 113
1752952353297 0.01755 114
1752952370753 0.01756 115
1752952388558 0.01756 116
1752952405957 0.01754 117
1752952423414 0.01752 118
1752952440812 0.01752 119
1752952458183 0.01751 120
1752952475887 0.01751 121
1752952493372 0.01751 122
1752952510753 0.01751 123
1752952528156 0.01748 124
1752952545603 0.01748 125
1752952563061 0.01747 126
1752952580520 0.01746 127
1752952597941 0.01747 128
1752952615317 0.01746 129
1752952632731 0.01744 130
1752952650602 0.01744 131
1752952668040 0.01746 132
1752952685561 0.01746 133
1752952702964 0.01741 134
1752952720428 0.01741 135
1752952737832 0.01742 136
1752952755546 0.0174 137
1752952772924 0.01741 138
1752952790416 0.01738 139
1752952808234 0.01739 140
1752952825629 0.01738 141
1752952843259 0.01739 142
1752952860615 0.01737 143
1752952878012 0.01737 144
1752952895365 0.01736 145
1752952912801 0.01736 146
1752952930272 0.01735 147
1752952947626 0.01735 148
1752952964960 0.01733 149
1752952982420 0.01733 150
1752952999618 0.01734 151
1752953017100 0.01733 152
1752953034474 0.01733 153
1752953051862 0.01732 154
1752953069278 0.0173 155
1752953086850 0.01733 156
1752953104456 0.01731 157
1752953121788 0.0173 158
1752953139200 0.01728 159
1752953156534 0.01729 160
1752953173795 0.01729 161
1752953191538 0.01728 162
1752953209034 0.01726 163
1752953226411 0.01726 164
1752953244108 0.01725 165
1752953261434 0.01725 166
1752953278749 0.01725 167
1752953296099 0.01728 168
1752953313417 0.01725 169
1752953330978 0.01723 170
1752953348448 0.01725 171
1752953365837 0.01724 172
1752953383244 0.01724 173
1752953400855 0.01723 174
1752953418258 0.01723 175
1752953435654 0.01722 176
1752953453146 0.0172 177
1752953470565 0.01721 178
1752953487935 0.01721 179
1752953505570 0.0172 180
1752953523010 0.0172 181
1752953540388 0.01722 182
1752953557665 0.01721 183
1752953575092 0.01719 184
1752953592460 0.01718 185
1752953609796 0.01718 186
1752953627203 0.01714 187
1752953644607 0.01718 188
1752953662489 0.01718 189
1752953680006 0.01716 190
1752953697239 0.01718 191
1752953714477 0.01716 192
1752953731640 0.01715 193
1752953749039 0.01714 194
1752953766381 0.01714 195
1752953783740 0.01715 196
1752953801125 0.01714 197
1752953818668 0.01712 198
1752953836173 0.01713 199
1752953853517 0.01715 200
1752953870855 0.01711 201
1752953888186 0.01713 202
1752953905596 0.01713 203
1752953923324 0.01714 204
1752953941044 0.01711 205
1752953958315 0.0171 206
1752953975636 0.0171 207
1752953992958 0.01712 208
1752954010287 0.0171 209
1752954027638 0.0171 210
1752954045044 0.0171 211
1752954062391 0.01708 212
1752954079645 0.01709 213
1752954097524 0.01709 214
1752954114773 0.01708 215
1752954132048 0.01708 216
1752954149348 0.01708 217
1752954166558 0.01707 218
1752954183865 0.01707 219
1752954201336 0.01709 220
1752954218747 0.01708 221
1752954236135 0.01707 222
1752954253464 0.01707 223
1752954270787 0.01708 224
1752954288109 0.01706 225
1752954305443 0.01706 226
1752954322845 0.01702 227
1752954340127 0.01705 228
1752954357876 0.01706 229
1752954375235 0.01704 230
1752954392646 0.01706 231
1752954409895 0.01704 232
1752954427244 0.01703 233
1752954444561 0.01702 234
1752954461816 0.01702 235
1752954479189 0.01702 236
1752954496470 0.01702 237
1752954513837 0.01703 238
1752954531396 0.01701 239
1752954548802 0.01701 240
1752954566112 0.01702 241
1752954583426 0.01701 242
1752954600587 0.01701 243
1752954617782 0.01701 244
1752954635101 0.01701 245
1752954652448 0.017 246
1752954669806 0.01699 247
1752954687152 0.01699 248
1752954704435 0.017 249
1752954721906 0.01699 250
1752954739157 0.01699 251
1752954756460 0.017 252
1752954773859 0.01699 253
1752954791542 0.017 254
1752954808875 0.017 255
1752954826106 0.01698 256
1752954843413 0.01697 257
1752954860755 0.01697 258
1752954878135 0.01699 259
1752954895501 0.01696 260
1752954912809 0.01697 261
1752954930172 0.01696 262
1752954947877 0.01697 263
1752954965181 0.01692 264
1752954982473 0.01696 265
1752955000181 0.01696 266
1752955017409 0.01696 267
1752955034779 0.01696 268
1752955052149 0.01696 269
1752955069429 0.01695 270
1752955086780 0.01696 271
1752955104153 0.01693 272
1752955121430 0.01694 273
1752955138685 0.01694 274
1752955156001 0.01696 275
1752955173282 0.01693 276
1752955190507 0.01694 277
1752955208196 0.01693 278
1752955225429 0.01692 279
1752955242624 0.0169 280
1752955259869 0.01693 281
1752955277093 0.01693 282
1752955294418 0.01693 283
1752955311675 0.01691 284
1752955328855 0.01691 285
1752955345972 0.0169 286
1752955363233 0.0169 287
1752955380865 0.01693 288
1752955398378 0.01691 289
1752955415534 0.01691 290
1752955433137 0.01692 291
1752955450329 0.0169 292
1752955467540 0.01691 293
1752955485023 0.01689 294
1752955502196 0.01691 295
1752955519373 0.01689 296
1752955536781 0.01691 297
1752955553986 0.01688 298
1752955571260 0.0169 299
1752955588556 0.0169 300
