1753361491199 1.0 0
1753361510919 2.0 0
1753361529563 3.0 0
1753361548438 4.0 0
1753361567357 5.0 0
1753361585786 6.0 0
1753361605365 7.0 0
1753361624290 8.0 0
1753361643004 9.0 0
1753361661503 10.0 0
1753361680328 11.0 0
1753361699062 12.0 0
1753361717595 13.0 0
1753361736804 14.0 0
1753361755555 15.0 0
1753361793081 17.0 0
1753361812065 18.0 0
1753361830869 19.0 0
1753361849802 20.0 0
1753361868490 21.0 0
1753361887401 22.0 0
1753361906258 23.0 0
1753361924925 24.0 0
1753361943587 25.0 0
1753361962224 26.0 0
1753361980607 27.0 0
1753361999670 28.0 0
1753362018402 29.0 0
1753362037356 30.0 0
1753362056056 31.0 0
1753362074549 32.0 0
1753362093657 33.0 0
1753362112289 34.0 0
1753362130998 35.0 0
1753362149982 36.0 0
1753362168885 37.0 0
1753362187695 38.0 0
1753362206526 39.0 0
1753362224574 40.0 0
1753362243326 41.0 0
1753362262110 42.0 0
1753362280978 43.0 0
1753362300343 44.0 0
1753362319218 45.0 0
1753362337889 46.0 0
1753362357261 47.0 0
1753362375985 48.0 0
1753362394464 49.0 0
1753362413425 50.0 0
1753362431898 51.0 0
1753362450715 52.0 0
1753362469508 53.0 0
1753362506828 55.0 0
1753362525390 56.0 0
1753362544080 57.0 0
1753362562710 58.0 0
1753362581567 59.0 0
1753362600309 60.0 0
1753362619240 61.0 0
1753362638170 62.0 0
1753362656952 63.0 0
1753362675462 64.0 0
1753362694111 65.0 0
1753362712848 66.0 0
1753362732009 67.0 0
1753362750779 68.0 0
1753362769239 69.0 0
1753362788004 70.0 0
1753362825417 72.0 0
1753362844393 73.0 0
1753362863044 74.0 0
1753362900685 76.0 0
1753362919491 77.0 0
1753362938042 78.0 0
