1753361476965 0.85115 1
1753361496019 0.75909 2
1753361515796 0.70359 3
1753361534408 0.65119 4
1753361553216 0.59938 5
1753361572048 0.54456 6
1753361590567 0.49493 7
1753361610051 0.44909 8
1753361629037 0.40692 9
1753361647710 0.36831 10
1753361666149 0.33389 11
1753361685123 0.30149 12
1753361703794 0.27298 13
1753361722317 0.24739 14
1753361741521 0.22449 15
1753361760343 0.20418 16
1753361779047 0.18751 17
1753361797846 0.17029 18
1753361816808 0.15569 19
1753361835574 0.1421 20
1753361854502 0.129 21
1753361873303 0.11777 22
1753361892161 0.10819 23
1753361910935 0.09967 24
1753361929666 0.09208 25
1753361948293 0.08528 26
1753361967005 0.07919 27
1753361985345 0.07386 28
1753362004431 0.06926 29
1753362023099 0.06551 30
1753362042083 0.06138 31
1753362060731 0.0578 32
1753362079238 0.05471 33
1753362098428 0.052 34
1753362117086 0.04955 35
1753362135715 0.04728 36
1753362154689 0.04529 37
1753362173674 0.04341 38
1753362192452 0.04174 39
1753362211245 0.04023 40
1753362229291 0.03881 41
1753362248073 0.0375 42
1753362266761 0.03633 43
1753362285726 0.03526 44
1753362305122 0.03431 45
1753362323940 0.03339 46
1753362342823 0.03254 47
1753362362049 0.03176 48
1753362380644 0.0311 49
1753362399137 0.03041 50
1753362418121 0.02976 51
1753362436545 0.0292 52
1753362455378 0.0287 53
1753362474193 0.02818 54
1753362492812 0.02776 55
1753362511605 0.02726 56
1753362530074 0.02687 57
1753362548787 0.02647 58
1753362567449 0.02613 59
1753362586304 0.02577 60
1753362605041 0.02547 61
1753362623890 0.02519 62
1753362642855 0.02484 63
1753362661602 0.02461 64
1753362680152 0.02431 65
1753362698797 0.02402 66
1753362717536 0.02368 67
1753362736723 0.02333 68
1753362755480 0.02299 69
1753362774029 0.02269 70
1753362792780 0.02236 71
1753362811660 0.02202 72
1753362830110 0.02173 73
1753362849100 0.02153 74
1753362867788 0.02139 75
1753362886426 0.02121 76
1753362905501 0.0211 77
1753362924217 0.021 78
1753362942710 0.02093 79
1753362961358 0.02082 80
1753362980164 0.02071 81
1753362998859 0.02066 82
1753363017681 0.02055 83
1753363036227 0.02051 84
1753363054969 0.02043 85
1753363073791 0.02034 86
1753363092803 0.02032 87
1753363111700 0.02014 88
1753363130900 0.02009 89
1753363150155 0.02005 90
1753363168762 0.02003 91
1753363187570 0.02004 92
1753363206469 0.01997 93
1753363225065 0.01996 94
1753363243698 0.01995 95
1753363262362 0.01994 96
1753363281598 0.01992 97
1753363300254 0.0199 98
1753363319007 0.01989 99
1753363337874 0.01987 100
1753363356939 0.01985 101
1753363375792 0.01983 102
1753363394590 0.0199 103
1753363413007 0.01986 104
1753363431899 0.01983 105
1753363450563 0.01985 106
1753363469399 0.01986 107
1753363488363 0.01982 108
1753363506988 0.01984 109
1753363525876 0.01984 110
1753363544410 0.01983 111
1753363563411 0.01982 112
1753363582278 0.01983 113
1753363601409 0.01987 114
1753363620251 0.01982 115
1753363639058 0.01985 116
1753363657863 0.01983 117
1753363676781 0.01986 118
1753363695305 0.01982 119
1753363714349 0.01985 120
1753363732823 0.01987 121
1753363751606 0.01985 122
1753363770819 0.01984 123
1753363789614 0.01986 124
1753363808156 0.01984 125
1753363826635 0.01982 126
1753363845566 0.01984 127
1753363864635 0.01983 128
1753363883492 0.01982 129
1753363902419 0.01985 130
1753363920961 0.01984 131
1753363939569 0.01984 132
1753363958354 0.01985 133
1753363976773 0.01982 134
1753363995506 0.01983 135
1753364014412 0.01984 136
1753364033236 0.01983 137
1753364051852 0.01987 138
1753364070419 0.01983 139
1753364089487 0.01982 140
1753364108030 0.01984 141
1753364126831 0.01982 142
1753364145507 0.01982 143
1753364164101 0.01981 144
1753364183159 0.0198 145
1753364201835 0.01984 146
1753364220633 0.01982 147
1753364239546 0.01983 148
1753364258601 0.01981 149
1753364277052 0.01983 150
1753364295980 0.01983 151
1753364314869 0.01985 152
1753364333273 0.01982 153
1753364352056 0.01985 154
1753364370882 0.01983 155
1753364389682 0.01984 156
1753364408698 0.01984 157
1753364427333 0.01982 158
1753364446202 0.01982 159
1753364464917 0.01982 160
1753364484056 0.01982 161
1753364502806 0.01983 162
1753364521677 0.01981 163
1753364540919 0.01982 164
1753364559536 0.01984 165
1753364577966 0.01982 166
1753364596800 0.01983 167
1753364615440 0.01984 168
1753364634603 0.01981 169
1753364653147 0.01983 170
1753364672389 0.01981 171
1753364691240 0.01981 172
1753364710318 0.01982 173
1753364728833 0.01981 174
1753364747594 0.01983 175
1753364766795 0.01981 176
1753364785280 0.01982 177
1753364803796 0.01981 178
1753364822284 0.01984 179
1753364840927 0.01983 180
1753364859809 0.01982 181
1753364878653 0.01984 182
1753364897233 0.01982 183
1753364915984 0.01981 184
1753364934578 0.0198 185
1753364953793 0.01983 186
1753364972775 0.01981 187
1753364991482 0.01983 188
1753365010115 0.01983 189
1753365028828 0.01979 190
1753365047694 0.01983 191
1753365066463 0.01986 192
1753365085651 0.01984 193
1753365104343 0.01983 194
1753365122756 0.01982 195
1753365141868 0.01982 196
1753365160910 0.01982 197
1753365180096 0.01981 198
1753365199010 0.01982 199
1753365217582 0.0198 200
1753365236172 0.01981 201
1753365255028 0.01983 202
1753365273550 0.0198 203
1753365292314 0.0198 204
1753365311014 0.01981 205
1753365329722 0.01982 206
1753365348711 0.01979 207
1753365367472 0.01981 208
1753365386381 0.01984 209
1753365405467 0.01981 210
1753365424261 0.01983 211
1753365442839 0.01984 212
1753365461903 0.01981 213
1753365480855 0.01981 214
1753365499243 0.01981 215
1753365518402 0.01981 216
1753365537173 0.01982 217
1753365556162 0.01979 218
1753365574924 0.01981 219
1753365593728 0.0198 220
1753365612586 0.0198 221
1753365631092 0.01983 222
1753365649792 0.01982 223
1753365668584 0.0198 224
1753365687310 0.01982 225
1753365705515 0.01983 226
1753365724109 0.0198 227
1753365742944 0.01979 228
1753365761465 0.01979 229
1753365780132 0.01982 230
1753365798926 0.0198 231
1753365817742 0.0198 232
1753365836748 0.0198 233
1753365855484 0.01982 234
1753365874247 0.0198 235
1753365892839 0.01981 236
1753365911160 0.01978 237
1753365929431 0.01978 238
1753365947976 0.01979 239
1753365966519 0.01978 240
1753365985178 0.01981 241
1753366003914 0.01982 242
1753366022768 0.0198 243
1753366041433 0.01984 244
1753366059944 0.01983 245
1753366078634 0.01981 246
1753366097649 0.01983 247
1753366116882 0.0198 248
1753366135643 0.01982 249
1753366154076 0.01978 250
1753366172396 0.01979 251
1753366191028 0.01982 252
1753366209531 0.01979 253
1753366228966 0.01979 254
1753366247820 0.01981 255
1753366266814 0.01978 256
1753366285417 0.01982 257
1753366304430 0.01979 258
1753366323308 0.01978 259
1753366341576 0.01976 260
1753366360173 0.0198 261
1753366378975 0.01981 262
1753366397596 0.0198 263
1753366416327 0.01978 264
1753366435053 0.01979 265
1753366453617 0.01978 266
1753366472189 0.01981 267
1753366491015 0.0198 268
1753366509738 0.01977 269
1753366528536 0.01977 270
1753366547084 0.0198 271
1753366565507 0.01979 272
1753366584254 0.01978 273
1753366603387 0.01979 274
1753366622340 0.01982 275
1753366641358 0.01977 276
1753366660098 0.01976 277
1753366678784 0.01979 278
1753366697518 0.01977 279
1753366716058 0.0198 280
1753366734476 0.01975 281
1753366753357 0.01978 282
1753366771970 0.01977 283
1753366790912 0.01979 284
1753366809999 0.01978 285
1753366828699 0.01981 286
1753366847501 0.01978 287
1753366866299 0.01977 288
1753366884754 0.01977 289
1753366903398 0.01977 290
1753366922110 0.01977 291
1753366940694 0.01977 292
1753366959269 0.01977 293
1753366978157 0.01979 294
1753366996949 0.01975 295
1753367015337 0.01979 296
1753367034081 0.01975 297
1753367052884 0.01975 298
1753367071209 0.01977 299
1753367090300 0.01978 300
