1753361491205 0.0010000000474974513 1
1753361510923 0.0010000000474974513 2
1753361529567 0.0010000000474974513 3
1753361548445 0.0010000000474974513 4
1753361567363 0.0010000000474974513 5
1753361585790 0.0010000000474974513 6
1753361605373 0.0010000000474974513 7
1753361624298 0.0010000000474974513 8
1753361643010 0.0010000000474974513 9
1753361661508 0.0010000000474974513 10
1753361680334 0.0010000000474974513 11
1753361699068 0.0010000000474974513 12
1753361717601 0.0010000000474974513 13
1753361736809 0.0010000000474974513 14
1753361755563 0.0010000000474974513 15
1753361774291 0.0010000000474974513 16
1753361793088 0.0010000000474974513 17
1753361812069 0.0010000000474974513 18
1753361830873 0.0010000000474974513 19
1753361849806 0.0010000000474974513 20
1753361868494 0.0010000000474974513 21
1753361887406 0.0010000000474974513 22
1753361906265 0.0010000000474974513 23
1753361924933 0.0010000000474974513 24
1753361943594 0.0010000000474974513 25
1753361962228 0.0010000000474974513 26
1753361980611 0.0010000000474974513 27
1753361999673 0.0010000000474974513 28
1753362018406 0.0010000000474974513 29
1753362037360 0.0010000000474974513 30
1753362056062 0.0010000000474974513 31
1753362074555 0.0010000000474974513 32
1753362093678 0.0010000000474974513 33
1753362112293 0.0010000000474974513 34
1753362131003 0.0010000000474974513 35
1753362149986 0.0010000000474974513 36
1753362168889 0.0010000000474974513 37
1753362187699 0.0010000000474974513 38
1753362206539 0.0010000000474974513 39
1753362224582 0.0010000000474974513 40
1753362243330 0.0010000000474974513 41
1753362262114 0.0010000000474974513 42
1753362280982 0.0010000000474974513 43
1753362300351 0.0010000000474974513 44
1753362319223 0.0010000000474974513 45
1753362337893 0.0010000000474974513 46
1753362357271 0.0010000000474974513 47
1753362375991 0.0010000000474974513 48
1753362394469 0.0010000000474974513 49
1753362413431 0.0010000000474974513 50
1753362431903 0.0010000000474974513 51
1753362450720 0.0010000000474974513 52
1753362469512 0.0010000000474974513 53
1753362488129 0.0010000000474974513 54
1753362506834 0.0010000000474974513 55
1753362525401 0.0010000000474974513 56
1753362544083 0.0010000000474974513 57
1753362562715 0.0010000000474974513 58
1753362581571 0.0010000000474974513 59
1753362600313 0.0010000000474974513 60
1753362619244 0.0010000000474974513 61
1753362638175 0.0010000000474974513 62
1753362656959 0.0010000000474974513 63
1753362675469 0.0010000000474974513 64
1753362694115 0.0010000000474974513 65
1753362712852 0.0010000000474974513 66
1753362732012 0.0010000000474974513 67
1753362750783 0.0010000000474974513 68
1753362769245 0.0010000000474974513 69
1753362788008 0.0010000000474974513 70
1753362806953 0.0010000000474974513 71
1753362825423 0.0010000000474974513 72
1753362844398 0.0010000000474974513 73
1753362863048 0.0010000000474974513 74
1753362881689 0.0010000000474974513 75
1753362900689 0.0010000000474974513 76
1753362919495 0.0010000000474974513 77
1753362938046 0.0010000000474974513 78
1753362956586 0.0010000000474974513 79
1753362975405 0.0010000000474974513 80
1753362994097 0.0010000000474974513 81
1753363012943 0.0010000000474974513 82
1753363031475 0.0010000000474974513 83
1753363050249 0.0010000000474974513 84
1753363069061 0.0010000000474974513 85
1753363088034 0.0010000000474974513 86
1753363106959 0.00020000000949949026 87
1753363126172 0.00020000000949949026 88
1753363145385 0.00020000000949949026 89
1753363164027 0.00020000000949949026 90
1753363182840 0.00020000000949949026 91
1753363201777 0.00020000000949949026 92
1753363220367 0.00020000000949949026 93
1753363239033 0.00020000000949949026 94
1753363257547 0.00020000000949949026 95
1753363276848 4.0000002627493814e-05 96
1753363295507 4.0000002627493814e-05 97
1753363314216 4.0000002627493814e-05 98
1753363333130 4.0000002627493814e-05 99
1753363352128 4.0000002627493814e-05 100
1753363371067 4.0000002627493814e-05 101
1753363389890 4.0000002627493814e-05 102
1753363408265 4.0000002627493814e-05 103
1753363427130 4.0000002627493814e-05 104
1753363445841 8.000000889296643e-06 105
1753363464738 8.000000889296643e-06 106
1753363483600 8.000000889296643e-06 107
1753363502281 8.000000889296643e-06 108
1753363521097 8.000000889296643e-06 109
1753363539693 8.000000889296643e-06 110
1753363558736 8.000000889296643e-06 111
1753363577538 8.000000889296643e-06 112
1753363596414 8.000000889296643e-06 113
1753363615500 1.6000001323845936e-06 114
1753363634405 1.6000001323845936e-06 115
1753363653084 1.6000001323845936e-06 116
1753363672085 1.6000001323845936e-06 117
1753363690530 1.6000001323845936e-06 118
1753363709565 1.6000001323845936e-06 119
1753363728072 1.6000001323845936e-06 120
1753363746884 1.6000001323845936e-06 121
1753363766047 1.6000001323845936e-06 122
1753363784860 9.999999974752427e-07 123
1753363803409 9.999999974752427e-07 124
1753363821882 9.999999974752427e-07 125
1753363840870 9.999999974752427e-07 126
1753363859940 9.999999974752427e-07 127
1753363878720 9.999999974752427e-07 128
1753363897665 9.999999974752427e-07 129
1753363916182 9.999999974752427e-07 130
1753363934804 9.999999974752427e-07 131
1753363953604 9.999999974752427e-07 132
1753363972033 9.999999974752427e-07 133
1753363990795 9.999999974752427e-07 134
1753364009702 9.999999974752427e-07 135
1753364028496 9.999999974752427e-07 136
1753364047147 9.999999974752427e-07 137
1753364065688 9.999999974752427e-07 138
1753364084794 9.999999974752427e-07 139
1753364103284 9.999999974752427e-07 140
1753364122081 9.999999974752427e-07 141
1753364140788 9.999999974752427e-07 142
1753364159321 9.999999974752427e-07 143
1753364178421 9.999999974752427e-07 144
1753364197083 9.999999974752427e-07 145
1753364215957 9.999999974752427e-07 146
1753364234788 9.999999974752427e-07 147
1753364253939 9.999999974752427e-07 148
1753364272324 9.999999974752427e-07 149
1753364291289 9.999999974752427e-07 150
1753364310170 9.999999974752427e-07 151
1753364328540 9.999999974752427e-07 152
1753364347390 9.999999974752427e-07 153
1753364366152 9.999999974752427e-07 154
1753364384892 9.999999974752427e-07 155
1753364404008 9.999999974752427e-07 156
1753364422559 9.999999974752427e-07 157
1753364441513 9.999999974752427e-07 158
1753364460195 9.999999974752427e-07 159
1753364479356 9.999999974752427e-07 160
1753364498083 9.999999974752427e-07 161
1753364516984 9.999999974752427e-07 162
1753364536172 9.999999974752427e-07 163
1753364554790 9.999999974752427e-07 164
1753364573196 9.999999974752427e-07 165
1753364592039 9.999999974752427e-07 166
1753364610699 9.999999974752427e-07 167
1753364629817 9.999999974752427e-07 168
1753364648361 9.999999974752427e-07 169
1753364667577 9.999999974752427e-07 170
1753364686476 9.999999974752427e-07 171
1753364705553 9.999999974752427e-07 172
1753364724103 9.999999974752427e-07 173
1753364742860 9.999999974752427e-07 174
1753364762047 9.999999974752427e-07 175
1753364780471 9.999999974752427e-07 176
1753364799078 9.999999974752427e-07 177
1753364817623 9.999999974752427e-07 178
1753364836205 9.999999974752427e-07 179
1753364855057 9.999999974752427e-07 180
1753364873883 9.999999974752427e-07 181
1753364892482 9.999999974752427e-07 182
1753364911221 9.999999974752427e-07 183
1753364929839 9.999999974752427e-07 184
1753364949061 9.999999974752427e-07 185
1753364967992 9.999999974752427e-07 186
1753364986732 9.999999974752427e-07 187
1753365005392 9.999999974752427e-07 188
1753365024085 9.999999974752427e-07 189
1753365043027 9.999999974752427e-07 190
1753365061725 9.999999974752427e-07 191
1753365080923 9.999999974752427e-07 192
1753365099541 9.999999974752427e-07 193
1753365118070 9.999999974752427e-07 194
1753365137133 9.999999974752427e-07 195
1753365156121 9.999999974752427e-07 196
1753365175330 9.999999974752427e-07 197
1753365194266 9.999999974752427e-07 198
1753365212818 9.999999974752427e-07 199
1753365231384 9.999999974752427e-07 200
1753365250253 9.999999974752427e-07 201
1753365268806 9.999999974752427e-07 202
1753365287588 9.999999974752427e-07 203
1753365306238 9.999999974752427e-07 204
1753365325047 9.999999974752427e-07 205
1753365343914 9.999999974752427e-07 206
1753365362699 9.999999974752427e-07 207
1753365381376 9.999999974752427e-07 208
1753365400685 9.999999974752427e-07 209
1753365419485 9.999999974752427e-07 210
1753365438090 9.999999974752427e-07 211
1753365457197 9.999999974752427e-07 212
1753365476067 9.999999974752427e-07 213
1753365494480 9.999999974752427e-07 214
1753365513671 9.999999974752427e-07 215
1753365532425 9.999999974752427e-07 216
1753365551499 9.999999974752427e-07 217
1753365570087 9.999999974752427e-07 218
1753365588961 9.999999974752427e-07 219
1753365607767 9.999999974752427e-07 220
1753365626331 9.999999974752427e-07 221
1753365645050 9.999999974752427e-07 222
1753365663878 9.999999974752427e-07 223
1753365682576 9.999999974752427e-07 224
1753365700742 9.999999974752427e-07 225
1753365719358 9.999999974752427e-07 226
1753365738214 9.999999974752427e-07 227
1753365756686 9.999999974752427e-07 228
1753365775343 9.999999974752427e-07 229
1753365794120 9.999999974752427e-07 230
1753365813067 9.999999974752427e-07 231
1753365832058 9.999999974752427e-07 232
1753365850718 9.999999974752427e-07 233
1753365869574 9.999999974752427e-07 234
1753365888066 9.999999974752427e-07 235
1753365906432 9.999999974752427e-07 236
1753365924779 9.999999974752427e-07 237
1753365943316 9.999999974752427e-07 238
1753365961856 9.999999974752427e-07 239
1753365980389 9.999999974752427e-07 240
1753365999155 9.999999974752427e-07 241
1753366018035 9.999999974752427e-07 242
1753366036694 9.999999974752427e-07 243
1753366055243 9.999999974752427e-07 244
1753366074010 9.999999974752427e-07 245
1753366092955 9.999999974752427e-07 246
1753366111846 9.999999974752427e-07 247
1753366130907 9.999999974752427e-07 248
1753366149321 9.999999974752427e-07 249
1753366167649 9.999999974752427e-07 250
1753366186325 9.999999974752427e-07 251
1753366204827 9.999999974752427e-07 252
1753366224195 9.999999974752427e-07 253
1753366243140 9.999999974752427e-07 254
1753366262112 9.999999974752427e-07 255
1753366280692 9.999999974752427e-07 256
1753366299717 9.999999974752427e-07 257
1753366318626 9.999999974752427e-07 258
1753366336866 9.999999974752427e-07 259
1753366355470 9.999999974752427e-07 260
1753366374311 9.999999974752427e-07 261
1753366392825 9.999999974752427e-07 262
1753366411598 9.999999974752427e-07 263
1753366430371 9.999999974752427e-07 264
1753366448880 9.999999974752427e-07 265
1753366467443 9.999999974752427e-07 266
1753366486269 9.999999974752427e-07 267
1753366505016 9.999999974752427e-07 268
1753366523863 9.999999974752427e-07 269
1753366542439 9.999999974752427e-07 270
1753366560813 9.999999974752427e-07 271
1753366579538 9.999999974752427e-07 272
1753366598657 9.999999974752427e-07 273
1753366617555 9.999999974752427e-07 274
1753366636279 9.999999974752427e-07 275
1753366655333 9.999999974752427e-07 276
1753366673995 9.999999974752427e-07 277
1753366692775 9.999999974752427e-07 278
1753366711426 9.999999974752427e-07 279
1753366729813 9.999999974752427e-07 280
1753366748613 9.999999974752427e-07 281
1753366767295 9.999999974752427e-07 282
1753366786128 9.999999974752427e-07 283
1753366805211 9.999999974752427e-07 284
1753366824072 9.999999974752427e-07 285
1753366842548 9.999999974752427e-07 286
1753366861619 9.999999974752427e-07 287
1753366880089 9.999999974752427e-07 288
1753366898676 9.999999974752427e-07 289
1753366917353 9.999999974752427e-07 290
1753366935996 9.999999974752427e-07 291
1753366954564 9.999999974752427e-07 292
1753366973423 9.999999974752427e-07 293
1753366992175 9.999999974752427e-07 294
1753367010582 9.999999974752427e-07 295
1753367029257 9.999999974752427e-07 296
1753367048161 9.999999974752427e-07 297
1753367066461 9.999999974752427e-07 298
1753367085504 9.999999974752427e-07 299
1753367104487 9.999999974752427e-07 300
