1753367215512 1.0 0
1753367233527 2.0 0
1753367251133 3.0 0
1753367268678 4.0 0
1753367286111 5.0 0
1753367304443 6.0 0
1753367322984 7.0 0
1753367340286 8.0 0
1753367357959 9.0 0
1753367376313 10.0 0
1753367395033 11.0 0
1753367413497 12.0 0
1753367431190 13.0 0
1753367449515 14.0 0
1753367467358 15.0 0
1753367484972 16.0 0
1753367503078 17.0 0
1753367520704 18.0 0
1753367538457 19.0 0
1753367555697 20.0 0
1753367572954 21.0 0
1753367590493 22.0 0
1753367608198 23.0 0
1753367625841 24.0 0
1753367644218 25.0 0
1753367662232 26.0 0
1753367679866 27.0 0
1753367698143 28.0 0
1753367716595 29.0 0
1753367735211 30.0 0
1753367753241 31.0 0
1753367771304 32.0 0
1753367789463 33.0 0
1753367807598 34.0 0
1753367844060 36.0 0
1753367862783 37.0 0
1753367881184 38.0 0
1753367898971 39.0 0
1753367934819 41.0 0
1753367953316 42.0 0
1753367989185 44.0 0
1753368025558 46.0 0
1753368061487 48.0 0
1753368079501 49.0 0
1753368169033 54.0 0
1753368222891 57.0 0
1753368259715 59.0 0
1753368314504 62.0 0
1753368385743 66.0 0
1753368494081 72.0 0
