1753367201545 0.55354 1
1753367219625 0.45925 2
1753367237466 0.39584 3
1753367255079 0.34642 4
1753367272601 0.30295 5
1753367290105 0.26405 6
1753367308393 0.22996 7
1753367327010 0.20048 8
1753367344315 0.17511 9
1753367361948 0.15359 10
1753367380312 0.13528 11
1753367399038 0.11982 12
1753367417498 0.10679 13
1753367435201 0.09576 14
1753367453453 0.08649 15
1753367471351 0.07856 16
1753367488949 0.07177 17
1753367507036 0.06602 18
1753367524720 0.06107 19
1753367542373 0.05681 20
1753367559713 0.05309 21
1753367576976 0.04991 22
1753367594528 0.04703 23
1753367612187 0.04464 24
1753367629834 0.04238 25
1753367648150 0.04051 26
1753367666082 0.03873 27
1753367683704 0.03715 28
1753367702010 0.03575 29
1753367720425 0.03451 30
1753367739099 0.03341 31
1753367757091 0.03247 32
1753367775256 0.03154 33
1753367793443 0.03062 34
1753367811597 0.02991 35
1753367830041 0.02928 36
1753367848004 0.02857 37
1753367866638 0.02801 38
1753367885170 0.02749 39
1753367902892 0.02695 40
1753367921079 0.02652 41
1753367938782 0.0261 42
1753367957215 0.0257 43
1753367975191 0.02526 44
1753367993162 0.02493 45
1753368011586 0.02467 46
1753368029555 0.02433 47
1753368047533 0.02408 48
1753368065482 0.02374 49
1753368083484 0.02355 50
1753368101418 0.02328 51
1753368119064 0.02304 52
1753368137109 0.02288 53
1753368155350 0.02269 54
1753368172950 0.02245 55
1753368190490 0.0223 56
1753368208960 0.02214 57
1753368226904 0.02201 58
1753368245485 0.02187 59
1753368263697 0.02169 60
1753368282021 0.02155 61
1753368300060 0.02142 62
1753368318463 0.02124 63
1753368336768 0.02115 64
1753368354495 0.02106 65
1753368371871 0.02096 66
1753368389670 0.02085 67
1753368407534 0.02075 68
1753368425385 0.02068 69
1753368443458 0.0205 70
1753368461581 0.0204 71
1753368479735 0.02036 72
1753368498060 0.02031 73
1753368516016 0.02023 74
1753368533601 0.02013 75
1753368551923 0.02009 76
1753368569962 0.01999 77
1753368587966 0.01986 78
1753368606176 0.01982 79
1753368624713 0.01982 80
1753368642701 0.01971 81
1753368660618 0.0195 82
1753368678540 0.01945 83
1753368696438 0.01943 84
1753368714810 0.0194 85
1753368732599 0.01939 86
1753368751508 0.01932 87
1753368769760 0.01929 88
1753368787412 0.01928 89
1753368805224 0.01929 90
1753368823392 0.01921 91
1753368841615 0.01927 92
1753368860021 0.01925 93
1753368878606 0.0192 94
1753368897039 0.01919 95
1753368914832 0.0192 96
1753368932426 0.01918 97
1753368950050 0.01919 98
1753368968041 0.0192 99
1753368985675 0.01917 100
1753369003478 0.01921 101
1753369022092 0.01917 102
1753369039760 0.01918 103
1753369057997 0.01914 104
1753369076229 0.01917 105
1753369094315 0.01918 106
1753369112457 0.01919 107
1753369130698 0.01917 108
1753369148524 0.01914 109
1753369166062 0.01915 110
1753369183861 0.01917 111
1753369202385 0.01917 112
1753369220121 0.01915 113
1753369238747 0.01916 114
1753369256371 0.01913 115
1753369273998 0.01911 116
1753369292093 0.0192 117
1753369310405 0.01918 118
1753369328854 0.01914 119
1753369346867 0.01914 120
1753369364690 0.01914 121
1753369383041 0.01917 122
1753369401395 0.01914 123
1753369418964 0.01913 124
1753369437127 0.01914 125
1753369455245 0.01911 126
1753369473330 0.01918 127
1753369491332 0.01911 128
1753369509320 0.01916 129
1753369527626 0.01916 130
1753369545619 0.01914 131
1753369563883 0.01918 132
1753369582232 0.01912 133
1753369600630 0.01913 134
1753369619219 0.01914 135
1753369637832 0.01914 136
1753369656179 0.01911 137
1753369674307 0.01918 138
1753369692226 0.01914 139
1753369710709 0.01917 140
1753369729092 0.01916 141
1753369747644 0.01915 142
1753369765694 0.01913 143
1753369783802 0.01916 144
1753369801452 0.01915 145
1753369819920 0.01916 146
1753369838431 0.01916 147
1753369856908 0.01915 148
1753369875267 0.01914 149
1753369893061 0.01915 150
1753369911718 0.01916 151
1753369930273 0.01913 152
1753369948206 0.01915 153
1753369966348 0.01913 154
1753369983937 0.01916 155
1753370001826 0.01915 156
1753370019462 0.01912 157
1753370037413 0.01916 158
1753370055756 0.01917 159
1753370073330 0.01915 160
1753370091477 0.01913 161
1753370109783 0.01916 162
1753370128016 0.01915 163
1753370146351 0.01914 164
1753370164463 0.01914 165
1753370182747 0.01918 166
1753370200617 0.01915 167
1753370218852 0.01913 168
1753370236545 0.01915 169
1753370254768 0.01917 170
1753370272686 0.01914 171
1753370290854 0.01916 172
1753370309199 0.01907 173
1753370327601 0.01912 174
1753370345543 0.01915 175
1753370363441 0.01914 176
1753370381418 0.01911 177
1753370399565 0.01917 178
1753370417493 0.01914 179
1753370435820 0.01912 180
1753370454095 0.01913 181
1753370472204 0.01918 182
1753370490445 0.01917 183
1753370508286 0.01914 184
1753370526628 0.01914 185
1753370544483 0.01913 186
1753370562058 0.01917 187
1753370579935 0.01911 188
1753370598079 0.01914 189
1753370615990 0.01911 190
1753370634451 0.01914 191
1753370652622 0.01915 192
1753370670589 0.01911 193
1753370688149 0.0191 194
1753370706067 0.01913 195
1753370724019 0.01918 196
1753370742231 0.01912 197
1753370760120 0.01914 198
1753370778646 0.01913 199
1753370796519 0.01914 200
1753370814066 0.01913 201
1753370831723 0.01915 202
1753370850113 0.01915 203
1753370868658 0.01915 204
1753370886474 0.01911 205
1753370904136 0.01911 206
1753370922267 0.01911 207
1753370939711 0.01913 208
1753370957695 0.01912 209
1753370975761 0.01916 210
1753370993805 0.01915 211
1753371012010 0.01916 212
1753371030280 0.01912 213
1753371048278 0.01916 214
1753371066212 0.0191 215
1753371084018 0.0191 216
1753371101958 0.01913 217
1753371120016 0.01912 218
1753371138474 0.01912 219
1753371156373 0.01911 220
1753371174326 0.01907 221
1753371192374 0.01915 222
1753371210144 0.01911 223
1753371228232 0.01916 224
1753371246059 0.01911 225
1753371263858 0.01909 226
1753371282136 0.01914 227
1753371299702 0.0191 228
1753371317437 0.01909 229
1753371335433 0.01911 230
1753371353396 0.01914 231
1753371371485 0.0191 232
1753371389947 0.01913 233
1753371408235 0.01914 234
1753371426438 0.01912 235
1753371444414 0.01913 236
1753371462561 0.01908 237
1753371480797 0.01911 238
1753371498938 0.01911 239
1753371516751 0.01913 240
1753371534789 0.01913 241
1753371552505 0.0191 242
1753371569969 0.01915 243
1753371587411 0.01908 244
1753371605306 0.01909 245
1753371623249 0.0191 246
1753371640992 0.01917 247
1753371658863 0.01915 248
1753371677133 0.01908 249
1753371695050 0.01911 250
1753371713125 0.0191 251
1753371731327 0.01914 252
1753371748934 0.01909 253
1753371766904 0.0191 254
1753371785249 0.01913 255
1753371802968 0.0191 256
1753371820380 0.01911 257
1753371838254 0.01913 258
1753371856061 0.01909 259
1753371874255 0.01912 260
1753371892405 0.0191 261
1753371910691 0.01914 262
1753371929066 0.01913 263
1753371947181 0.0191 264
1753371965596 0.01909 265
1753371983718 0.01912 266
1753372001295 0.0191 267
1753372019206 0.0191 268
1753372037142 0.01909 269
1753372054750 0.0191 270
1753372072611 0.01911 271
1753372090462 0.01912 272
1753372108174 0.0191 273
1753372126726 0.01911 274
1753372145072 0.0191 275
1753372162992 0.01911 276
1753372180589 0.0191 277
1753372198407 0.01908 278
1753372216361 0.01909 279
1753372234514 0.0191 280
1753372252360 0.01912 281
1753372270727 0.0191 282
1753372288495 0.01911 283
1753372306542 0.01913 284
1753372324574 0.0191 285
1753372341988 0.01912 286
1753372359839 0.01909 287
1753372377777 0.01913 288
1753372395765 0.01909 289
1753372413647 0.0191 290
1753372431524 0.0191 291
1753372449966 0.01909 292
1753372468458 0.01911 293
1753372485867 0.01911 294
1753372503748 0.01909 295
1753372521714 0.0191 296
1753372539757 0.0191 297
1753372557825 0.01911 298
1753372575501 0.01908 299
1753372593557 0.01906 300
