1753367215521 0.0010000000474974513 1
1753367233531 0.0010000000474974513 2
1753367251139 0.0010000000474974513 3
1753367268683 0.0010000000474974513 4
1753367286116 0.0010000000474974513 5
1753367304450 0.0010000000474974513 6
1753367322989 0.0010000000474974513 7
1753367340293 0.0010000000474974513 8
1753367357967 0.0010000000474974513 9
1753367376323 0.0010000000474974513 10
1753367395039 0.0010000000474974513 11
1753367413503 0.0010000000474974513 12
1753367431196 0.0010000000474974513 13
1753367449521 0.0010000000474974513 14
1753367467364 0.0010000000474974513 15
1753367484982 0.0010000000474974513 16
1753367503084 0.0010000000474974513 17
1753367520711 0.0010000000474974513 18
1753367538462 0.0010000000474974513 19
1753367555703 0.0010000000474974513 20
1753367572960 0.0010000000474974513 21
1753367590499 0.0010000000474974513 22
1753367608210 0.0010000000474974513 23
1753367625847 0.0010000000474974513 24
1753367644224 0.0010000000474974513 25
1753367662239 0.0010000000474974513 26
1753367679872 0.0010000000474974513 27
1753367698147 0.0010000000474974513 28
1753367716598 0.0010000000474974513 29
1753367735215 0.0010000000474974513 30
1753367753245 0.0010000000474974513 31
1753367771322 0.0010000000474974513 32
1753367789469 0.0010000000474974513 33
1753367807604 0.0010000000474974513 34
1753367826087 0.0010000000474974513 35
1753367844064 0.0010000000474974513 36
1753367862787 0.0010000000474974513 37
1753367881188 0.0010000000474974513 38
1753367898975 0.0010000000474974513 39
1753367917234 0.0010000000474974513 40
1753367934825 0.0010000000474974513 41
1753367953323 0.0010000000474974513 42
1753367971300 0.0010000000474974513 43
1753367989191 0.0010000000474974513 44
1753368007714 0.0010000000474974513 45
1753368025566 0.0010000000474974513 46
1753368043632 0.0010000000474974513 47
1753368061492 0.0010000000474974513 48
1753368079506 0.0010000000474974513 49
1753368097491 0.0010000000474974513 50
1753368115143 0.0010000000474974513 51
1753368133199 0.0010000000474974513 52
1753368151407 0.0010000000474974513 53
1753368169038 0.0010000000474974513 54
1753368186577 0.0010000000474974513 55
1753368204949 0.0010000000474974513 56
1753368222895 0.0010000000474974513 57
1753368241540 0.0010000000474974513 58
1753368259724 0.0010000000474974513 59
1753368278030 0.0010000000474974513 60
1753368296147 0.0010000000474974513 61
1753368314509 0.0010000000474974513 62
1753368332855 0.0010000000474974513 63
1753368350584 0.0010000000474974513 64
1753368367905 0.0010000000474974513 65
1753368385749 0.0010000000474974513 66
1753368403556 0.0010000000474974513 67
1753368421415 0.0010000000474974513 68
1753368439522 0.0010000000474974513 69
1753368457238 0.0010000000474974513 70
1753368475774 0.0010000000474974513 71
1753368494085 0.0010000000474974513 72
1753368512172 0.0010000000474974513 73
1753368529634 0.0010000000474974513 74
1753368547983 0.0010000000474974513 75
1753368566012 0.0010000000474974513 76
1753368584006 0.0010000000474974513 77
1753368602250 0.0010000000474974513 78
1753368620776 0.0010000000474974513 79
1753368638753 0.0010000000474974513 80
1753368656683 0.00020000000949949026 81
1753368674640 0.00020000000949949026 82
1753368692524 0.00020000000949949026 83
1753368710832 0.00020000000949949026 84
1753368728675 0.00020000000949949026 85
1753368747536 0.00020000000949949026 86
1753368765823 0.00020000000949949026 87
1753368783494 0.00020000000949949026 88
1753368801280 0.00020000000949949026 89
1753368819419 4.0000002627493814e-05 90
1753368837702 4.0000002627493814e-05 91
1753368856065 4.0000002627493814e-05 92
1753368874670 4.0000002627493814e-05 93
1753368893024 4.0000002627493814e-05 94
1753368910876 4.0000002627493814e-05 95
1753368928538 4.0000002627493814e-05 96
1753368946094 4.0000002627493814e-05 97
1753368964068 4.0000002627493814e-05 98
1753368981756 8.000000889296643e-06 99
1753368999478 8.000000889296643e-06 100
1753369018101 8.000000889296643e-06 101
1753369035780 8.000000889296643e-06 102
1753369054102 8.000000889296643e-06 103
1753369072301 8.000000889296643e-06 104
1753369090399 8.000000889296643e-06 105
1753369108524 8.000000889296643e-06 106
1753369126743 8.000000889296643e-06 107
1753369144622 1.6000001323845936e-06 108
1753369162162 1.6000001323845936e-06 109
1753369179895 1.6000001323845936e-06 110
1753369198508 1.6000001323845936e-06 111
1753369216201 1.6000001323845936e-06 112
1753369234803 1.6000001323845936e-06 113
1753369252447 1.6000001323845936e-06 114
1753369270087 1.6000001323845936e-06 115
1753369288098 1.6000001323845936e-06 116
1753369306440 9.999999974752427e-07 117
1753369324876 9.999999974752427e-07 118
1753369342910 9.999999974752427e-07 119
1753369360713 9.999999974752427e-07 120
1753369379140 9.999999974752427e-07 121
1753369397406 9.999999974752427e-07 122
1753369415036 9.999999974752427e-07 123
1753369433258 9.999999974752427e-07 124
1753369451313 9.999999974752427e-07 125
1753369469429 9.999999974752427e-07 126
1753369487345 9.999999974752427e-07 127
1753369505291 9.999999974752427e-07 128
1753369523688 9.999999974752427e-07 129
1753369541724 9.999999974752427e-07 130
1753369559892 9.999999974752427e-07 131
1753369578330 9.999999974752427e-07 132
1753369596673 9.999999974752427e-07 133
1753369615243 9.999999974752427e-07 134
1753369633830 9.999999974752427e-07 135
1753369652174 9.999999974752427e-07 136
1753369670370 9.999999974752427e-07 137
1753369688349 9.999999974752427e-07 138
1753369706790 9.999999974752427e-07 139
1753369725179 9.999999974752427e-07 140
1753369743736 9.999999974752427e-07 141
1753369761706 9.999999974752427e-07 142
1753369779837 9.999999974752427e-07 143
1753369797532 9.999999974752427e-07 144
1753369816020 9.999999974752427e-07 145
1753369834474 9.999999974752427e-07 146
1753369853056 9.999999974752427e-07 147
1753369871348 9.999999974752427e-07 148
1753369889177 9.999999974752427e-07 149
1753369907806 9.999999974752427e-07 150
1753369926145 9.999999974752427e-07 151
1753369944322 9.999999974752427e-07 152
1753369962464 9.999999974752427e-07 153
1753369980021 9.999999974752427e-07 154
1753369997910 9.999999974752427e-07 155
1753370015574 9.999999974752427e-07 156
1753370033464 9.999999974752427e-07 157
1753370051807 9.999999974752427e-07 158
1753370069442 9.999999974752427e-07 159
1753370087502 9.999999974752427e-07 160
1753370105813 9.999999974752427e-07 161
1753370124120 9.999999974752427e-07 162
1753370142352 9.999999974752427e-07 163
1753370160481 9.999999974752427e-07 164
1753370178722 9.999999974752427e-07 165
1753370196690 9.999999974752427e-07 166
1753370214876 9.999999974752427e-07 167
1753370232564 9.999999974752427e-07 168
1753370250775 9.999999974752427e-07 169
1753370268714 9.999999974752427e-07 170
1753370286922 9.999999974752427e-07 171
1753370305244 9.999999974752427e-07 172
1753370323614 9.999999974752427e-07 173
1753370341556 9.999999974752427e-07 174
1753370359437 9.999999974752427e-07 175
1753370377501 9.999999974752427e-07 176
1753370395635 9.999999974752427e-07 177
1753370413584 9.999999974752427e-07 178
1753370431885 9.999999974752427e-07 179
1753370450087 9.999999974752427e-07 180
1753370468239 9.999999974752427e-07 181
1753370486543 9.999999974752427e-07 182
1753370504321 9.999999974752427e-07 183
1753370522703 9.999999974752427e-07 184
1753370540501 9.999999974752427e-07 185
1753370558052 9.999999974752427e-07 186
1753370576023 9.999999974752427e-07 187
1753370594183 9.999999974752427e-07 188
1753370611985 9.999999974752427e-07 189
1753370630449 9.999999974752427e-07 190
1753370648665 9.999999974752427e-07 191
1753370666635 9.999999974752427e-07 192
1753370684205 9.999999974752427e-07 193
1753370702130 9.999999974752427e-07 194
1753370720059 9.999999974752427e-07 195
1753370738385 9.999999974752427e-07 196
1753370756186 9.999999974752427e-07 197
1753370774704 9.999999974752427e-07 198
1753370792622 9.999999974752427e-07 199
1753370810146 9.999999974752427e-07 200
1753370827796 9.999999974752427e-07 201
1753370846212 9.999999974752427e-07 202
1753370864670 9.999999974752427e-07 203
1753370882497 9.999999974752427e-07 204
1753370900234 9.999999974752427e-07 205
1753370918363 9.999999974752427e-07 206
1753370935837 9.999999974752427e-07 207
1753370953812 9.999999974752427e-07 208
1753370971790 9.999999974752427e-07 209
1753370989853 9.999999974752427e-07 210
1753371008085 9.999999974752427e-07 211
1753371026257 9.999999974752427e-07 212
1753371044297 9.999999974752427e-07 213
1753371062294 9.999999974752427e-07 214
1753371080099 9.999999974752427e-07 215
1753371098128 9.999999974752427e-07 216
1753371116042 9.999999974752427e-07 217
1753371134545 9.999999974752427e-07 218
1753371152396 9.999999974752427e-07 219
1753371170414 9.999999974752427e-07 220
1753371188445 9.999999974752427e-07 221
1753371206213 9.999999974752427e-07 222
1753371224318 9.999999974752427e-07 223
1753371242094 9.999999974752427e-07 224
1753371259827 9.999999974752427e-07 225
1753371278191 9.999999974752427e-07 226
1753371295772 9.999999974752427e-07 227
1753371313429 9.999999974752427e-07 228
1753371331440 9.999999974752427e-07 229
1753371349459 9.999999974752427e-07 230
1753371367523 9.999999974752427e-07 231
1753371385822 9.999999974752427e-07 232
1753371404257 9.999999974752427e-07 233
1753371422447 9.999999974752427e-07 234
1753371440482 9.999999974752427e-07 235
1753371458631 9.999999974752427e-07 236
1753371476837 9.999999974752427e-07 237
1753371495002 9.999999974752427e-07 238
1753371512846 9.999999974752427e-07 239
1753371530880 9.999999974752427e-07 240
1753371548649 9.999999974752427e-07 241
1753371566027 9.999999974752427e-07 242
1753371583442 9.999999974752427e-07 243
1753371601370 9.999999974752427e-07 244
1753371619289 9.999999974752427e-07 245
1753371636990 9.999999974752427e-07 246
1753371654992 9.999999974752427e-07 247
1753371673210 9.999999974752427e-07 248
1753371691085 9.999999974752427e-07 249
1753371709196 9.999999974752427e-07 250
1753371727419 9.999999974752427e-07 251
1753371744962 9.999999974752427e-07 252
1753371763077 9.999999974752427e-07 253
1753371781373 9.999999974752427e-07 254
1753371799032 9.999999974752427e-07 255
1753371816429 9.999999974752427e-07 256
1753371834320 9.999999974752427e-07 257
1753371852077 9.999999974752427e-07 258
1753371870351 9.999999974752427e-07 259
1753371888417 9.999999974752427e-07 260
1753371906716 9.999999974752427e-07 261
1753371925054 9.999999974752427e-07 262
1753371943258 9.999999974752427e-07 263
1753371961568 9.999999974752427e-07 264
1753371979730 9.999999974752427e-07 265
1753371997366 9.999999974752427e-07 266
1753372015216 9.999999974752427e-07 267
1753372033163 9.999999974752427e-07 268
1753372050821 9.999999974752427e-07 269
1753372068587 9.999999974752427e-07 270
1753372086543 9.999999974752427e-07 271
1753372104238 9.999999974752427e-07 272
1753372122566 9.999999974752427e-07 273
1753372141225 9.999999974752427e-07 274
1753372159083 9.999999974752427e-07 275
1753372176693 9.999999974752427e-07 276
1753372194410 9.999999974752427e-07 277
1753372212430 9.999999974752427e-07 278
1753372230519 9.999999974752427e-07 279
1753372248437 9.999999974752427e-07 280
1753372266727 9.999999974752427e-07 281
1753372284642 9.999999974752427e-07 282
1753372302596 9.999999974752427e-07 283
1753372320658 9.999999974752427e-07 284
1753372337990 9.999999974752427e-07 285
1753372355869 9.999999974752427e-07 286
1753372373882 9.999999974752427e-07 287
1753372391869 9.999999974752427e-07 288
1753372409716 9.999999974752427e-07 289
1753372427598 9.999999974752427e-07 290
1753372446026 9.999999974752427e-07 291
1753372464432 9.999999974752427e-07 292
1753372481873 9.999999974752427e-07 293
1753372499759 9.999999974752427e-07 294
1753372517714 9.999999974752427e-07 295
1753372535852 9.999999974752427e-07 296
1753372553818 9.999999974752427e-07 297
1753372571517 9.999999974752427e-07 298
1753372589643 9.999999974752427e-07 299
1753372607487 9.999999974752427e-07 300
