1753355622913 1.0 0
1753355640049 2.0 0
1753355657549 3.0 0
1753355675193 4.0 0
1753355693258 5.0 0
1753355710609 6.0 0
1753355728309 7.0 0
1753355746148 8.0 0
1753355763821 9.0 0
1753355781582 10.0 0
1753355799456 11.0 0
1753355816355 12.0 0
1753355834042 13.0 0
1753355851010 14.0 0
1753355868667 15.0 0
1753355886171 16.0 0
1753355903805 17.0 0
1753355921523 18.0 0
1753355939249 19.0 0
1753355956818 20.0 0
1753355973649 21.0 0
1753355991171 22.0 0
1753356009293 23.0 0
1753356026898 24.0 0
1753356044546 25.0 0
1753356061980 26.0 0
1753356097141 28.0 0
1753356115024 29.0 0
1753356132440 30.0 0
1753356185419 33.0 0
1753356203226 34.0 0
1753356256464 37.0 0
