1753355608599 0.57711 1
1753355626139 0.4411 2
1753355643348 0.35774 3
1753355660801 0.28882 4
1753355678384 0.23271 5
1753355696499 0.1853 6
1753355713799 0.14503 7
1753355731479 0.11552 8
1753355749344 0.09374 9
1753355767046 0.07782 10
1753355784801 0.066 11
1753355802663 0.05719 12
1753355819539 0.05049 13
1753355837279 0.04535 14
1753355854232 0.0413 15
1753355871886 0.03799 16
1753355889378 0.03533 17
1753355907013 0.03312 18
1753355924736 0.03129 19
1753355942466 0.02972 20
1753355959963 0.02846 21
1753355976842 0.02729 22
1753355994377 0.0264 23
1753356012508 0.02558 24
1753356030126 0.02491 25
1753356047707 0.02433 26
1753356065205 0.02378 27
1753356082660 0.02337 28
1753356100369 0.02289 29
1753356118172 0.02263 30
1753356135616 0.02225 31
1753356153272 0.02193 32
1753356170980 0.02167 33
1753356188642 0.02147 34
1753356206479 0.02127 35
1753356224291 0.02107 36
1753356241974 0.02091 37
1753356259630 0.02069 38
1753356277807 0.02051 39
1753356295364 0.02042 40
1753356312641 0.02025 41
1753356330285 0.02017 42
1753356347900 0.02002 43
1753356365496 0.01992 44
1753356382709 0.01982 45
1753356399975 0.01977 46
1753356417409 0.01955 47
1753356435108 0.01941 48
1753356452850 0.01937 49
1753356470448 0.01934 50
1753356488141 0.01934 51
1753356505937 0.01929 52
1753356523516 0.01931 53
1753356541367 0.01929 54
1753356558888 0.01924 55
1753356576223 0.01917 56
1753356593848 0.01915 57
1753356611371 0.01916 58
1753356629021 0.01917 59
1753356646693 0.01914 60
1753356664068 0.01916 61
1753356681376 0.01913 62
1753356698802 0.01913 63
1753356716319 0.01917 64
1753356733792 0.01911 65
1753356751355 0.01912 66
1753356768771 0.01911 67
1753356786467 0.01909 68
1753356804203 0.01911 69
1753356822240 0.01912 70
1753356839672 0.0191 71
1753356857333 0.01914 72
1753356874844 0.0191 73
1753356892573 0.0191 74
1753356910312 0.01911 75
1753356927769 0.01909 76
1753356945106 0.0191 77
1753356962628 0.01911 78
1753356980270 0.01911 79
1753356997994 0.01909 80
1753357015782 0.01909 81
1753357033353 0.01909 82
1753357050798 0.0191 83
1753357068069 0.01908 84
1753357085550 0.01909 85
1753357103054 0.01908 86
1753357120289 0.01909 87
1753357137944 0.0191 88
1753357155270 0.01908 89
1753357172670 0.01908 90
1753357190458 0.0191 91
1753357207251 0.01909 92
1753357224615 0.01909 93
1753357242078 0.01909 94
1753357259686 0.01911 95
1753357277634 0.01911 96
1753357295179 0.01909 97
1753357312937 0.01906 98
1753357330961 0.01911 99
1753357348623 0.01911 100
1753357366535 0.01909 101
1753357384156 0.01907 102
1753357401877 0.01908 103
1753357419482 0.01909 104
1753357436931 0.01909 105
1753357454583 0.01911 106
1753357472507 0.01909 107
1753357490165 0.01907 108
1753357507654 0.01907 109
1753357525358 0.01909 110
1753357542971 0.01911 111
1753357560457 0.01907 112
1753357578107 0.01906 113
1753357595826 0.01908 114
1753357613717 0.01909 115
1753357631825 0.01908 116
1753357649429 0.01905 117
1753357666951 0.01907 118
1753357684354 0.01908 119
1753357702085 0.01907 120
1753357719740 0.01908 121
1753357737475 0.01908 122
1753357755154 0.01907 123
1753357773001 0.01907 124
1753357790675 0.0191 125
1753357808299 0.01906 126
1753357825917 0.01906 127
1753357843554 0.01905 128
1753357861097 0.01907 129
1753357878716 0.01909 130
1753357896508 0.01909 131
1753357914183 0.01908 132
1753357931680 0.01906 133
1753357949329 0.01909 134
1753357966945 0.01907 135
1753357984349 0.0191 136
1753358002052 0.01909 137
1753358019558 0.01905 138
1753358037082 0.01906 139
1753358054063 0.01906 140
1753358071492 0.01907 141
1753358089105 0.01907 142
1753358106455 0.01905 143
1753358123756 0.01907 144
1753358141075 0.01906 145
1753358158567 0.01903 146
1753358176185 0.01908 147
1753358194041 0.01908 148
1753358211717 0.01906 149
1753358229245 0.01907 150
1753358246734 0.01907 151
1753358264432 0.01903 152
1753358282277 0.01907 153
1753358299859 0.01906 154
1753358317585 0.01907 155
1753358334892 0.01908 156
1753358352435 0.01904 157
1753358369758 0.01907 158
1753358387176 0.01907 159
1753358404665 0.01908 160
1753358422330 0.01907 161
1753358440044 0.01902 162
1753358457411 0.01906 163
1753358474480 0.01904 164
1753358491945 0.01906 165
1753358509469 0.01907 166
1753358526432 0.01905 167
1753358544091 0.01906 168
1753358561802 0.01905 169
1753358579279 0.01906 170
1753358597013 0.01906 171
1753358614587 0.01905 172
1753358632146 0.01904 173
1753358649770 0.01906 174
1753358667442 0.01905 175
1753358684774 0.01904 176
1753358702351 0.01907 177
1753358720171 0.01905 178
1753358737570 0.01903 179
1753358755069 0.01903 180
1753358772769 0.01904 181
1753358790544 0.01906 182
1753358807815 0.01908 183
1753358825600 0.01907 184
1753358843190 0.01908 185
1753358860950 0.01907 186
1753358878362 0.01901 187
1753358895771 0.01903 188
1753358913108 0.01903 189
1753358930629 0.01905 190
1753358948279 0.01903 191
1753358965888 0.01903 192
1753358984060 0.01905 193
1753359001789 0.01906 194
1753359019213 0.01909 195
1753359036765 0.01904 196
1753359054293 0.01903 197
1753359071922 0.01902 198
1753359089530 0.01901 199
1753359107178 0.01904 200
1753359124761 0.01903 201
1753359142008 0.01905 202
1753359159005 0.01904 203
1753359176516 0.01904 204
1753359193902 0.01903 205
1753359211363 0.01905 206
1753359228678 0.01904 207
1753359246322 0.01904 208
1753359263874 0.01906 209
1753359280691 0.01903 210
1753359298322 0.01902 211
1753359316045 0.01901 212
1753359333532 0.01902 213
1753359351187 0.01899 214
1753359368905 0.01902 215
1753359386480 0.01904 216
1753359404035 0.01898 217
1753359421316 0.01904 218
1753359438855 0.01904 219
1753359456319 0.01904 220
1753359473506 0.01904 221
1753359491095 0.01901 222
1753359508296 0.01899 223
1753359525969 0.01898 224
1753359543636 0.01901 225
1753359560753 0.019 226
1753359578482 0.01903 227
1753359596290 0.019 228
1753359614087 0.01903 229
1753359631837 0.01905 230
1753359649500 0.01902 231
1753359666869 0.01902 232
1753359684415 0.01897 233
1753359701944 0.01904 234
1753359719677 0.01899 235
1753359737362 0.01896 236
1753359754848 0.01901 237
1753359772589 0.01901 238
1753359790243 0.01901 239
1753359807859 0.01898 240
1753359825811 0.01897 241
1753359843317 0.01902 242
1753359860920 0.019 243
1753359878575 0.01904 244
1753359896450 0.01902 245
1753359914040 0.019 246
1753359931680 0.01899 247
1753359949051 0.01896 248
1753359966715 0.01902 249
1753359984017 0.01903 250
1753360001751 0.019 251
1753360019500 0.01899 252
1753360036878 0.01898 253
1753360054284 0.01903 254
1753360072146 0.01901 255
1753360089734 0.01901 256
1753360107425 0.019 257
1753360124827 0.01898 258
1753360142420 0.019 259
1753360160020 0.01896 260
1753360177842 0.01897 261
1753360195471 0.01898 262
1753360213196 0.01896 263
1753360230581 0.01901 264
1753360248277 0.01898 265
1753360265792 0.01897 266
1753360283495 0.01898 267
1753360300940 0.01896 268
1753360318176 0.01898 269
1753360335891 0.01898 270
1753360353101 0.01899 271
1753360370440 0.01901 272
1753360387714 0.01898 273
1753360405306 0.01898 274
1753360422824 0.01897 275
1753360440557 0.01897 276
1753360457860 0.01893 277
1753360475464 0.01895 278
1753360493082 0.01896 279
1753360510676 0.01897 280
1753360528439 0.01899 281
1753360546144 0.01898 282
1753360563807 0.01896 283
1753360581285 0.01898 284
1753360599339 0.01899 285
1753360617053 0.01896 286
1753360634565 0.019 287
1753360652198 0.01896 288
1753360669777 0.01895 289
1753360687302 0.01898 290
1753360705162 0.01898 291
1753360722691 0.01897 292
1753360740489 0.01897 293
1753360758222 0.01897 294
1753360775366 0.01899 295
1753360792949 0.01898 296
1753360810114 0.01896 297
1753360827643 0.01894 298
1753360845108 0.01896 299
1753360862805 0.01895 300
