1753355622919 0.0010000000474974513 1
1753355640053 0.0010000000474974513 2
1753355657555 0.0010000000474974513 3
1753355675198 0.0010000000474974513 4
1753355693262 0.0010000000474974513 5
1753355710614 0.0010000000474974513 6
1753355728313 0.0010000000474974513 7
1753355746152 0.0010000000474974513 8
1753355763825 0.0010000000474974513 9
1753355781589 0.0010000000474974513 10
1753355799461 0.0010000000474974513 11
1753355816359 0.0010000000474974513 12
1753355834046 0.0010000000474974513 13
1753355851017 0.0010000000474974513 14
1753355868671 0.0010000000474974513 15
1753355886177 0.0010000000474974513 16
1753355903809 0.0010000000474974513 17
1753355921527 0.0010000000474974513 18
1753355939253 0.0010000000474974513 19
1753355956823 0.0010000000474974513 20
1753355973653 0.0010000000474974513 21
1753355991175 0.0010000000474974513 22
1753356009297 0.0010000000474974513 23
1753356026902 0.0010000000474974513 24
1753356044551 0.0010000000474974513 25
1753356061985 0.0010000000474974513 26
1753356079438 0.0010000000474974513 27
1753356097145 0.0010000000474974513 28
1753356115028 0.0010000000474974513 29
1753356132444 0.0010000000474974513 30
1753356150052 0.0010000000474974513 31
1753356167786 0.0010000000474974513 32
1753356185423 0.0010000000474974513 33
1753356203231 0.0010000000474974513 34
1753356221078 0.0010000000474974513 35
1753356238736 0.0010000000474974513 36
1753356256468 0.0010000000474974513 37
1753356274612 0.0010000000474974513 38
1753356292200 0.0010000000474974513 39
1753356309459 0.0010000000474974513 40
1753356327110 0.0010000000474974513 41
1753356344730 0.0010000000474974513 42
1753356362327 0.0010000000474974513 43
1753356379569 0.0010000000474974513 44
1753356396792 0.0010000000474974513 45
1753356414227 0.00020000000949949026 46
1753356431919 0.00020000000949949026 47
1753356449672 0.00020000000949949026 48
1753356467255 0.00020000000949949026 49
1753356484990 0.00020000000949949026 50
1753356502781 0.00020000000949949026 51
1753356520298 0.00020000000949949026 52
1753356538204 0.00020000000949949026 53
1753356555704 0.00020000000949949026 54
1753356573033 4.0000002627493814e-05 55
1753356590659 4.0000002627493814e-05 56
1753356608197 4.0000002627493814e-05 57
1753356625851 4.0000002627493814e-05 58
1753356643450 4.0000002627493814e-05 59
1753356660919 4.0000002627493814e-05 60
1753356678182 4.0000002627493814e-05 61
1753356695582 4.0000002627493814e-05 62
1753356713136 4.0000002627493814e-05 63
1753356730637 8.000000889296643e-06 64
1753356748198 8.000000889296643e-06 65
1753356765587 8.000000889296643e-06 66
1753356783261 8.000000889296643e-06 67
1753356800973 8.000000889296643e-06 68
1753356819042 8.000000889296643e-06 69
1753356836497 8.000000889296643e-06 70
1753356854161 8.000000889296643e-06 71
1753356871680 8.000000889296643e-06 72
1753356889409 1.6000001323845936e-06 73
1753356907100 1.6000001323845936e-06 74
1753356924615 1.6000001323845936e-06 75
1753356941932 1.6000001323845936e-06 76
1753356959417 1.6000001323845936e-06 77
1753356977106 1.6000001323845936e-06 78
1753356994817 1.6000001323845936e-06 79
1753357012401 1.6000001323845936e-06 80
1753357030176 1.6000001323845936e-06 81
1753357047634 9.999999974752427e-07 82
1753357064899 9.999999974752427e-07 83
1753357082324 9.999999974752427e-07 84
1753357099854 9.999999974752427e-07 85
1753357117098 9.999999974752427e-07 86
1753357134732 9.999999974752427e-07 87
1753357152115 9.999999974752427e-07 88
1753357169469 9.999999974752427e-07 89
1753357187260 9.999999974752427e-07 90
1753357204063 9.999999974752427e-07 91
1753357221416 9.999999974752427e-07 92
1753357238917 9.999999974752427e-07 93
1753357256482 9.999999974752427e-07 94
1753357274164 9.999999974752427e-07 95
1753357291954 9.999999974752427e-07 96
1753357309762 9.999999974752427e-07 97
1753357327371 9.999999974752427e-07 98
1753357345427 9.999999974752427e-07 99
1753357363330 9.999999974752427e-07 100
1753357380969 9.999999974752427e-07 101
1753357398693 9.999999974752427e-07 102
1753357416298 9.999999974752427e-07 103
1753357433745 9.999999974752427e-07 104
1753357451409 9.999999974752427e-07 105
1753357469285 9.999999974752427e-07 106
1753357486965 9.999999974752427e-07 107
1753357504469 9.999999974752427e-07 108
1753357522148 9.999999974752427e-07 109
1753357539787 9.999999974752427e-07 110
1753357557292 9.999999974752427e-07 111
1753357574968 9.999999974752427e-07 112
1753357592643 9.999999974752427e-07 113
1753357610539 9.999999974752427e-07 114
1753357628645 9.999999974752427e-07 115
1753357646261 9.999999974752427e-07 116
1753357663825 9.999999974752427e-07 117
1753357681143 9.999999974752427e-07 118
1753357698913 9.999999974752427e-07 119
1753357716558 9.999999974752427e-07 120
1753357734254 9.999999974752427e-07 121
1753357751984 9.999999974752427e-07 122
1753357769687 9.999999974752427e-07 123
1753357787506 9.999999974752427e-07 124
1753357805136 9.999999974752427e-07 125
1753357822747 9.999999974752427e-07 126
1753357840382 9.999999974752427e-07 127
1753357857910 9.999999974752427e-07 128
1753357875542 9.999999974752427e-07 129
1753357893318 9.999999974752427e-07 130
1753357911034 9.999999974752427e-07 131
1753357928504 9.999999974752427e-07 132
1753357946119 9.999999974752427e-07 133
1753357963736 9.999999974752427e-07 134
1753357981153 9.999999974752427e-07 135
1753357998876 9.999999974752427e-07 136
1753358016401 9.999999974752427e-07 137
1753358033887 9.999999974752427e-07 138
1753358050898 9.999999974752427e-07 139
1753358068265 9.999999974752427e-07 140
1753358085932 9.999999974752427e-07 141
1753358103287 9.999999974752427e-07 142
1753358120489 9.999999974752427e-07 143
1753358137910 9.999999974752427e-07 144
1753358155364 9.999999974752427e-07 145
1753358173015 9.999999974752427e-07 146
1753358190798 9.999999974752427e-07 147
1753358208494 9.999999974752427e-07 148
1753358226052 9.999999974752427e-07 149
1753358243569 9.999999974752427e-07 150
1753358261243 9.999999974752427e-07 151
1753358279053 9.999999974752427e-07 152
1753358296657 9.999999974752427e-07 153
1753358314400 9.999999974752427e-07 154
1753358331715 9.999999974752427e-07 155
1753358349186 9.999999974752427e-07 156
1753358366553 9.999999974752427e-07 157
1753358384009 9.999999974752427e-07 158
1753358401476 9.999999974752427e-07 159
1753358419122 9.999999974752427e-07 160
1753358436806 9.999999974752427e-07 161
1753358454234 9.999999974752427e-07 162
1753358471338 9.999999974752427e-07 163
1753358488792 9.999999974752427e-07 164
1753358506300 9.999999974752427e-07 165
1753358523257 9.999999974752427e-07 166
1753358540875 9.999999974752427e-07 167
1753358558585 9.999999974752427e-07 168
1753358576113 9.999999974752427e-07 169
1753358593860 9.999999974752427e-07 170
1753358611413 9.999999974752427e-07 171
1753358628981 9.999999974752427e-07 172
1753358646581 9.999999974752427e-07 173
1753358664256 9.999999974752427e-07 174
1753358681595 9.999999974752427e-07 175
1753358699156 9.999999974752427e-07 176
1753358717012 9.999999974752427e-07 177
1753358734364 9.999999974752427e-07 178
1753358751888 9.999999974752427e-07 179
1753358769558 9.999999974752427e-07 180
1753358787331 9.999999974752427e-07 181
1753358804660 9.999999974752427e-07 182
1753358822407 9.999999974752427e-07 183
1753358840048 9.999999974752427e-07 184
1753358857786 9.999999974752427e-07 185
1753358875211 9.999999974752427e-07 186
1753358892608 9.999999974752427e-07 187
1753358909914 9.999999974752427e-07 188
1753358927492 9.999999974752427e-07 189
1753358945124 9.999999974752427e-07 190
1753358962712 9.999999974752427e-07 191
1753358980880 9.999999974752427e-07 192
1753358998572 9.999999974752427e-07 193
1753359016048 9.999999974752427e-07 194
1753359033534 9.999999974752427e-07 195
1753359051063 9.999999974752427e-07 196
1753359068733 9.999999974752427e-07 197
1753359086360 9.999999974752427e-07 198
1753359103972 9.999999974752427e-07 199
1753359121559 9.999999974752427e-07 200
1753359138825 9.999999974752427e-07 201
1753359155833 9.999999974752427e-07 202
1753359173358 9.999999974752427e-07 203
1753359190686 9.999999974752427e-07 204
1753359208144 9.999999974752427e-07 205
1753359225468 9.999999974752427e-07 206
1753359243169 9.999999974752427e-07 207
1753359260693 9.999999974752427e-07 208
1753359277450 9.999999974752427e-07 209
1753359295099 9.999999974752427e-07 210
1753359312841 9.999999974752427e-07 211
1753359330360 9.999999974752427e-07 212
1753359348019 9.999999974752427e-07 213
1753359365752 9.999999974752427e-07 214
1753359383305 9.999999974752427e-07 215
1753359400846 9.999999974752427e-07 216
1753359418176 9.999999974752427e-07 217
1753359435698 9.999999974752427e-07 218
1753359453144 9.999999974752427e-07 219
1753359470330 9.999999974752427e-07 220
1753359487885 9.999999974752427e-07 221
1753359505139 9.999999974752427e-07 222
1753359522799 9.999999974752427e-07 223
1753359540465 9.999999974752427e-07 224
1753359557561 9.999999974752427e-07 225
1753359575282 9.999999974752427e-07 226
1753359593104 9.999999974752427e-07 227
1753359610900 9.999999974752427e-07 228
1753359628626 9.999999974752427e-07 229
1753359646264 9.999999974752427e-07 230
1753359663690 9.999999974752427e-07 231
1753359681201 9.999999974752427e-07 232
1753359698722 9.999999974752427e-07 233
1753359716506 9.999999974752427e-07 234
1753359734195 9.999999974752427e-07 235
1753359751678 9.999999974752427e-07 236
1753359769365 9.999999974752427e-07 237
1753359787032 9.999999974752427e-07 238
1753359804639 9.999999974752427e-07 239
1753359822578 9.999999974752427e-07 240
1753359840130 9.999999974752427e-07 241
1753359857745 9.999999974752427e-07 242
1753359875393 9.999999974752427e-07 243
1753359893267 9.999999974752427e-07 244
1753359910875 9.999999974752427e-07 245
1753359928508 9.999999974752427e-07 246
1753359945867 9.999999974752427e-07 247
1753359963538 9.999999974752427e-07 248
1753359980790 9.999999974752427e-07 249
1753359998570 9.999999974752427e-07 250
1753360016299 9.999999974752427e-07 251
1753360033656 9.999999974752427e-07 252
1753360051154 9.999999974752427e-07 253
1753360068969 9.999999974752427e-07 254
1753360086533 9.999999974752427e-07 255
1753360104266 9.999999974752427e-07 256
1753360121639 9.999999974752427e-07 257
1753360139281 9.999999974752427e-07 258
1753360156857 9.999999974752427e-07 259
1753360174693 9.999999974752427e-07 260
1753360192295 9.999999974752427e-07 261
1753360210013 9.999999974752427e-07 262
1753360227403 9.999999974752427e-07 263
1753360245105 9.999999974752427e-07 264
1753360262618 9.999999974752427e-07 265
1753360280315 9.999999974752427e-07 266
1753360297720 9.999999974752427e-07 267
1753360314954 9.999999974752427e-07 268
1753360332735 9.999999974752427e-07 269
1753360349912 9.999999974752427e-07 270
1753360367278 9.999999974752427e-07 271
1753360384531 9.999999974752427e-07 272
1753360402089 9.999999974752427e-07 273
1753360419599 9.999999974752427e-07 274
1753360437364 9.999999974752427e-07 275
1753360454669 9.999999974752427e-07 276
1753360472286 9.999999974752427e-07 277
1753360489907 9.999999974752427e-07 278
1753360507455 9.999999974752427e-07 279
1753360525200 9.999999974752427e-07 280
1753360542990 9.999999974752427e-07 281
1753360560638 9.999999974752427e-07 282
1753360578118 9.999999974752427e-07 283
1753360596185 9.999999974752427e-07 284
1753360613872 9.999999974752427e-07 285
1753360631365 9.999999974752427e-07 286
1753360649011 9.999999974752427e-07 287
1753360666613 9.999999974752427e-07 288
1753360684124 9.999999974752427e-07 289
1753360701924 9.999999974752427e-07 290
1753360719531 9.999999974752427e-07 291
1753360737345 9.999999974752427e-07 292
1753360755057 9.999999974752427e-07 293
1753360772194 9.999999974752427e-07 294
1753360789773 9.999999974752427e-07 295
1753360806941 9.999999974752427e-07 296
1753360824459 9.999999974752427e-07 297
1753360841896 9.999999974752427e-07 298
1753360859595 9.999999974752427e-07 299
1753360877334 9.999999974752427e-07 300
