1752792991880 1.0 0
1752793039171 2.0 0
1752793084816 3.0 0
1752793130775 4.0 0
1752793177228 5.0 0
1752793222976 6.0 0
1752793268500 7.0 0
1752793314297 8.0 0
1752793360176 9.0 0
1752793406446 10.0 0
1752793452896 11.0 0
1752793498854 12.0 0
1752793545484 13.0 0
1752793591251 14.0 0
1752793636893 15.0 0
1752793683215 16.0 0
1752793729468 17.0 0
1752793775747 18.0 0
1752793821775 19.0 0
1752793867610 20.0 0
1752794004740 23.0 0
1752794050770 24.0 0
1752794096714 25.0 0
1752794142387 26.0 0
1752794188553 27.0 0
1752794326540 30.0 0
