1752792958813 0.60551 1
1752793010029 0.38915 2
1752793055750 0.25763 3
1752793101293 0.17353 4
1752793147421 0.12212 5
1752793193889 0.08698 6
1752793239514 0.06399 7
1752793285120 0.05174 8
1752793330950 0.0437 9
1752793376780 0.03818 10
1752793423232 0.03421 11
1752793469322 0.03129 12
1752793515472 0.02908 13
1752793561832 0.02738 14
1752793607670 0.02603 15
1752793653379 0.02497 16
1752793699854 0.0241 17
1752793746020 0.02338 18
1752793792441 0.02276 19
1752793838360 0.02224 20
1752793884013 0.02182 21
1752793929661 0.02143 22
1752793975293 0.02112 23
1752794021369 0.02083 24
1752794067141 0.02058 25
1752794113308 0.02036 26
1752794158848 0.02016 27
1752794205377 0.01998 28
1752794250962 0.01984 29
1752794297245 0.01968 30
1752794343222 0.01956 31
1752794389330 0.01944 32
1752794435127 0.01933 33
1752794481285 0.01923 34
1752794527651 0.01914 35
1752794573843 0.01906 36
1752794620141 0.01899 37
1752794666098 0.01891 38
1752794712169 0.01885 39
1752794758273 0.01879 40
