1753130504582 1.0 0
1753130536774 2.0 0
1753130569109 3.0 0
1753130601305 4.0 0
1753130633130 5.0 0
1753130665408 6.0 0
1753130697750 7.0 0
1753130729767 8.0 0
1753130762078 9.0 0
1753130794776 10.0 0
1753130827352 11.0 0
1753130859259 12.0 0
1753130891337 13.0 0
1753130924071 14.0 0
1753130956584 15.0 0
1753130989819 16.0 0
1753131022274 17.0 0
1753131055077 18.0 0
1753131087827 19.0 0
1753131120220 20.0 0
1753131152661 21.0 0
1753131185353 22.0 0
1753131218688 23.0 0
1753131251946 24.0 0
1753131284649 25.0 0
1753131317050 26.0 0
1753131349598 27.0 0
1753131382674 28.0 0
1753131415176 29.0 0
1753131448674 30.0 0
1753131482011 31.0 0
1753131514716 32.0 0
1753131547432 33.0 0
1753131580293 34.0 0
1753131645082 36.0 0
1753131710477 38.0 0
1753131809262 41.0 0
1753131842392 42.0 0
1753131874843 43.0 0
1753131907754 44.0 0
1753131973225 46.0 0
1753132005953 47.0 0
1753132104512 50.0 0
1753132170416 52.0 0
1753132203411 53.0 0
1753132235689 54.0 0
1753132365847 58.0 0
1753132594355 65.0 0
1753132987033 77.0 0
