1753130480604 0.49343 1
1753130512601 0.39776 2
1753130544954 0.34356 3
1753130577375 0.30335 4
1753130609429 0.26774 5
1753130641360 0.23575 6
1753130673565 0.20779 7
1753130706029 0.18109 8
1753130738073 0.15721 9
1753130770659 0.13692 10
1753130803412 0.11982 11
1753130835861 0.10555 12
1753130867705 0.09366 13
1753130900286 0.08372 14
1753130932933 0.07548 15
1753130965390 0.06846 16
1753130998204 0.06258 17
1753131031316 0.05764 18
1753131063916 0.05336 19
1753131096673 0.04973 20
1753131128869 0.04664 21
1753131161285 0.04388 22
1753131194035 0.04117 23
1753131227683 0.03853 24
1753131260792 0.03668 25
1753131293553 0.03506 26
1753131325662 0.0337 27
1753131358603 0.03244 28
1753131391236 0.03132 29
1753131424332 0.03043 30
1753131457740 0.02954 31
1753131490792 0.02872 32
1753131523293 0.028 33
1753131556534 0.02738 34
1753131588942 0.02676 35
1753131621782 0.02623 36
1753131653828 0.02576 37
1753131686314 0.02533 38
1753131719164 0.02494 39
1753131752110 0.02453 40
1753131785154 0.02415 41
1753131818473 0.02387 42
1753131851168 0.02357 43
1753131884238 0.02327 44
1753131916594 0.02305 45
1753131949515 0.02281 46
1753131981966 0.02258 47
1753132014989 0.02239 48
1753132048168 0.02214 49
1753132080474 0.02197 50
1753132113489 0.02181 51
1753132146555 0.02167 52
1753132179233 0.02149 53
1753132212073 0.02135 54
1753132244232 0.02123 55
1753132276780 0.02109 56
1753132309319 0.02095 57
1753132341719 0.02084 58
1753132374646 0.02071 59
1753132406700 0.02065 60
1753132439552 0.02053 61
1753132472639 0.02043 62
1753132505116 0.02031 63
1753132537632 0.02025 64
1753132570189 0.02016 65
1753132603360 0.02008 66
1753132636013 0.02001 67
1753132668506 0.01992 68
1753132701026 0.01989 69
1753132733629 0.01981 70
1753132766720 0.01974 71
1753132799336 0.01967 72
1753132831917 0.01963 73
1753132864917 0.01957 74
1753132897356 0.01948 75
1753132929921 0.01947 76
1753132963101 0.01937 77
1753132995588 0.01935 78
1753133028253 0.01932 79
1753133061283 0.01924 80
1753133093948 0.01922 81
1753133126842 0.01922 82
1753133159338 0.01913 83
1753133192266 0.0191 84
1753133225481 0.01904 85
1753133258294 0.01899 86
1753133290585 0.01896 87
1753133323083 0.01897 88
1753133356191 0.01889 89
1753133388556 0.01887 90
1753133421527 0.01884 91
1753133454566 0.01882 92
1753133487258 0.01876 93
1753133519849 0.01879 94
1753133552972 0.01871 95
1753133585412 0.01866 96
1753133617687 0.01865 97
1753133650075 0.01858 98
1753133683139 0.0186 99
1753133716472 0.01859 100
1753133749070 0.01854 101
1753133781852 0.01851 102
1753133814795 0.01851 103
1753133847930 0.01846 104
1753133880804 0.01839 105
1753133913401 0.01842 106
1753133945733 0.01841 107
1753133977952 0.01839 108
1753134010887 0.01836 109
1753134043354 0.01832 110
1753134075610 0.01831 111
1753134107969 0.01827 112
1753134140653 0.01829 113
1753134172800 0.01823 114
1753134205090 0.0182 115
1753134237728 0.01819 116
1753134269917 0.01819 117
1753134302947 0.01818 118
1753134335596 0.01814 119
1753134367908 0.01815 120
1753134400632 0.01811 121
1753134433099 0.0181 122
1753134465545 0.01811 123
1753134498157 0.01807 124
1753134530973 0.01803 125
1753134563394 0.01802 126
1753134595933 0.018 127
1753134628530 0.01803 128
1753134661120 0.01798 129
1753134693855 0.01797 130
1753134726304 0.01794 131
1753134758315 0.01794 132
1753134791123 0.01797 133
1753134824188 0.01793 134
1753134856768 0.01792 135
1753134889379 0.01792 136
1753134922472 0.01789 137
1753134955451 0.01786 138
1753134988017 0.01784 139
1753135020106 0.01784 140
1753135053056 0.01784 141
1753135086319 0.01781 142
1753135118815 0.01781 143
1753135151643 0.01779 144
1753135184365 0.01779 145
1753135217936 0.0178 146
1753135251314 0.01777 147
1753135283725 0.01778 148
1753135316376 0.01774 149
1753135349180 0.01772 150
1753135381733 0.01772 151
1753135414597 0.0177 152
1753135447280 0.01771 153
1753135479868 0.01768 154
1753135512969 0.0177 155
1753135545303 0.01767 156
1753135577107 0.01766 157
1753135610186 0.01763 158
1753135643130 0.01764 159
1753135675572 0.01763 160
1753135708291 0.01762 161
1753135740692 0.01764 162
1753135773376 0.01762 163
1753135806078 0.01759 164
1753135839074 0.01757 165
1753135871435 0.01757 166
1753135903958 0.0176 167
1753135936875 0.01754 168
1753135969886 0.01755 169
1753136002788 0.01756 170
1753136036608 0.01751 171
1753136070161 0.01752 172
1753136102866 0.01752 173
1753136135811 0.01749 174
1753136169094 0.01751 175
1753136202542 0.01744 176
1753136235399 0.01747 177
1753136267819 0.01746 178
1753136300811 0.01747 179
1753136333728 0.01747 180
1753136366731 0.01743 181
1753136399059 0.01743 182
1753136430898 0.01743 183
1753136463489 0.01743 184
1753136495827 0.0174 185
1753136528287 0.0174 186
1753136561544 0.0174 187
1753136594240 0.0174 188
1753136627845 0.01739 189
1753136660256 0.0174 190
1753136692769 0.01736 191
1753136725559 0.01735 192
1753136758464 0.01741 193
1753136791155 0.01738 194
1753136824355 0.01737 195
1753136856876 0.01735 196
1753136889108 0.01736 197
1753136921684 0.01736 198
1753136954635 0.01731 199
1753136986950 0.01731 200
1753137020003 0.0173 201
1753137052640 0.0173 202
1753137085129 0.0173 203
1753137117534 0.01731 204
1753137149782 0.0173 205
1753137182927 0.01728 206
1753137215466 0.01731 207
1753137248428 0.0173 208
1753137281449 0.01728 209
1753137314329 0.01727 210
1753137347508 0.01729 211
1753137379672 0.01727 212
1753137412075 0.01725 213
1753137444861 0.01728 214
1753137477694 0.01722 215
1753137509919 0.01721 216
1753137543269 0.01722 217
1753137576198 0.01723 218
1753137609223 0.01724 219
1753137642234 0.01723 220
1753137674863 0.01722 221
1753137707002 0.01723 222
1753137739285 0.0172 223
1753137771992 0.01716 224
1753137804792 0.01716 225
1753137837360 0.01718 226
1753137869443 0.01715 227
1753137902048 0.01719 228
1753137934673 0.01719 229
1753137967171 0.01715 230
1753137999667 0.01715 231
1753138032394 0.01715 232
1753138064761 0.01717 233
1753138097795 0.01713 234
1753138130356 0.01714 235
1753138162841 0.01715 236
1753138195177 0.01712 237
1753138228792 0.01713 238
1753138261098 0.01713 239
1753138294299 0.01712 240
1753138326976 0.01714 241
1753138359949 0.01713 242
1753138392723 0.01711 243
1753138425761 0.01709 244
1753138458054 0.0171 245
1753138491990 0.01708 246
1753138524725 0.01707 247
1753138556732 0.01708 248
1753138589226 0.01711 249
1753138621873 0.01708 250
1753138654238 0.01708 251
1753138686638 0.01705 252
1753138720214 0.01707 253
1753138752599 0.01708 254
1753138785275 0.01705 255
1753138818545 0.01706 256
1753138851307 0.01705 257
1753138885168 0.01703 258
1753138918304 0.01703 259
1753138950883 0.01705 260
1753138982946 0.01705 261
1753139015565 0.01705 262
1753139048134 0.01705 263
1753139080850 0.01705 264
1753139113399 0.01705 265
1753139146420 0.017 266
1753139179059 0.01701 267
1753139212021 0.017 268
1753139244506 0.01702 269
1753139277014 0.01701 270
1753139310363 0.01703 271
1753139342782 0.01699 272
1753139375258 0.01699 273
1753139407640 0.01698 274
1753139440355 0.01698 275
1753139473167 0.01699 276
1753139506385 0.01701 277
1753139539535 0.01697 278
1753139572616 0.01698 279
1753139605663 0.01698 280
1753139637715 0.01699 281
1753139670649 0.01695 282
1753139703036 0.01698 283
1753139735427 0.01692 284
1753139768280 0.01696 285
1753139801283 0.01698 286
1753139833939 0.01698 287
1753139866116 0.01693 288
1753139899091 0.01697 289
1753139931254 0.01697 290
1753139963889 0.01695 291
1753139996377 0.01694 292
1753140029712 0.01694 293
1753140062401 0.01692 294
1753140094976 0.01695 295
1753140127151 0.01694 296
1753140159789 0.01693 297
1753140192569 0.01691 298
1753140225087 0.0169 299
1753140257829 0.01692 300
