1752711525799 1.0 0
1752711544989 2.0 0
1752711563711 3.0 0
1752711582742 4.0 0
1752711601665 5.0 0
1752711620492 6.0 0
1752711639270 7.0 0
1752711658350 8.0 0
1752711677038 9.0 0
1752711696027 10.0 0
1752711715020 11.0 0
1752711734462 12.0 0
1752711753417 13.0 0
1752711772271 14.0 0
1752711791032 15.0 0
1752711809962 16.0 0
1752711829709 17.0 0
1752711848170 18.0 0
1752711867216 19.0 0
1752711886171 20.0 0
1752711904938 21.0 0
1752711924269 22.0 0
1752711942775 23.0 0
1752711961477 24.0 0
1752711980360 25.0 0
1752711999109 26.0 0
1752712017799 27.0 0
1752712036725 28.0 0
1752712055507 29.0 0
1752712074185 30.0 0
1752712093170 31.0 0
1752712112200 32.0 0
1752712131033 33.0 0
1752712167867 35.0 0
1752712186627 36.0 0
1752712205900 37.0 0
1752712224935 38.0 0
1752712243777 39.0 0
1752712262705 40.0 0
1752712281589 41.0 0
1752712356427 45.0 0
1752712394019 47.0 0
1752712470042 51.0 0
1752712564052 56.0 0
1752712601853 58.0 0
1752712658726 61.0 0
1752712677477 62.0 0
