1752711509667 0.45955 1
1752711530593 0.35958 2
1752711549752 0.30377 3
1752711568549 0.25925 4
1752711587578 0.22204 5
1752711606444 0.19043 6
1752711625244 0.1653 7
1752711644082 0.14229 8
1752711663113 0.12408 9
1752711681878 0.10898 10
1752711700812 0.09653 11
1752711719852 0.0862 12
1752711739225 0.0775 13
1752711758123 0.07038 14
1752711776985 0.06443 15
1752711795813 0.05941 16
1752711814780 0.05509 17
1752711834457 0.05134 18
1752711852931 0.04827 19
1752711871996 0.04555 20
1752711890929 0.04323 21
1752711909610 0.04111 22
1752711929025 0.03933 23
1752711947533 0.03773 24
1752711966285 0.0364 25
1752711985148 0.03513 26
1752712003792 0.03403 27
1752712022549 0.03306 28
1752712041430 0.03211 29
1752712060309 0.0314 30
1752712078922 0.0306 31
1752712097953 0.02996 32
1752712116891 0.02933 33
1752712135681 0.02882 34
1752712154091 0.02832 35
1752712172628 0.02785 36
1752712191335 0.02744 37
1752712210578 0.02704 38
1752712229660 0.02664 39
1752712248551 0.0263 40
1752712267453 0.02601 41
1752712286325 0.02575 42
1752712304765 0.02547 43
1752712323512 0.02518 44
1752712341908 0.02498 45
1752712361147 0.0247 46
1752712379837 0.02447 47
1752712398753 0.02433 48
1752712417405 0.02416 49
1752712436563 0.02397 50
1752712455861 0.02383 51
1752712474789 0.02357 52
1752712493925 0.02346 53
1752712512502 0.02331 54
1752712531197 0.02325 55
1752712549984 0.02308 56
1752712568839 0.02299 57
1752712587759 0.02286 58
1752712606601 0.02274 59
1752712625609 0.02258 60
1752712644462 0.02249 61
1752712663500 0.02241 62
1752712682208 0.02232 63
1752712700942 0.02226 64
1752712719797 0.02215 65
1752712738656 0.02204 66
1752712757017 0.022 67
1752712775742 0.02193 68
1752712794590 0.02186 69
1752712813258 0.02177 70
1752712832110 0.02172 71
1752712850887 0.02164 72
