1753342432871 1.0 0
1753342447354 2.0 0
1753342461616 3.0 0
1753342476528 4.0 0
1753342490979 5.0 0
1753342505581 6.0 0
1753342519806 7.0 0
1753342533967 8.0 0
1753342548177 9.0 0
1753342562417 10.0 0
1753342576653 11.0 0
1753342590659 12.0 0
1753342604886 13.0 0
1753342619087 14.0 0
1753342633512 15.0 0
1753342647800 16.0 0
1753342662104 17.0 0
1753342676157 18.0 0
1753342690778 19.0 0
1753342705399 20.0 0
1753342719544 21.0 0
1753342733736 22.0 0
1753342748129 23.0 0
1753342762251 24.0 0
1753342776648 25.0 0
1753342790747 26.0 0
1753342804821 27.0 0
1753342819404 28.0 0
1753342833936 29.0 0
1753342848366 30.0 0
1753342862713 31.0 0
1753342877000 32.0 0
1753342891038 33.0 0
1753342905238 34.0 0
1753342919465 35.0 0
1753342933684 36.0 0
1753342947954 37.0 0
1753342962049 38.0 0
1753342976049 39.0 0
1753342990568 40.0 0
1753343004568 41.0 0
1753343032860 43.0 0
1753343047432 44.0 0
1753343076150 46.0 0
1753343090469 47.0 0
1753343104600 48.0 0
1753343120397 49.0 0
1753343134966 50.0 0
1753343149439 51.0 0
1753343178097 53.0 0
1753343220787 56.0 0
1753343235143 57.0 0
1753343263186 59.0 0
1753343333652 64.0 0
1753343347658 65.0 0
1753343361777 66.0 0
1753343405289 69.0 0
1753343503819 76.0 0
