1753342419897 0.6349 1
1753342436044 0.51432 2
1753342450483 0.43457 3
1753342464708 0.37549 4
1753342479637 0.32677 5
1753342494107 0.28434 6
1753342508706 0.24709 7
1753342523009 0.21497 8
1753342537167 0.18775 9
1753342551394 0.16468 10
1753342565570 0.14517 11
1753342579744 0.12865 12
1753342593773 0.11479 13
1753342607977 0.10309 14
1753342622175 0.09316 15
1753342636731 0.08472 16
1753342650982 0.07751 17
1753342665189 0.07132 18
1753342679352 0.06602 19
1753342693879 0.06133 20
1753342708533 0.05734 21
1753342722735 0.0538 22
1753342736922 0.05073 23
1753342751215 0.04801 24
1753342765467 0.04561 25
1753342779750 0.04349 26
1753342793806 0.04157 27
1753342808017 0.03988 28
1753342822523 0.03834 29
1753342837026 0.03698 30
1753342851523 0.03571 31
1753342865909 0.03456 32
1753342880129 0.03352 33
1753342894135 0.0326 34
1753342908464 0.03173 35
1753342922609 0.03095 36
1753342936859 0.03022 37
1753342951063 0.02959 38
1753342965067 0.02896 39
1753342979269 0.02837 40
1753342993616 0.02784 41
1753343007626 0.02725 42
1753343021893 0.02657 43
1753343035926 0.02609 44
1753343050499 0.02565 45
1753343064756 0.02529 46
1753343079318 0.02501 47
1753343093597 0.02469 48
1753343109449 0.02438 49
1753343124013 0.02408 50
1753343138100 0.0238 51
1753343152535 0.02358 52
1753343166795 0.02335 53
1753343181213 0.02308 54
1753343195665 0.02288 55
1753343209829 0.02269 56
1753343223996 0.02255 57
1753343238170 0.02238 58
1753343252151 0.02219 59
1753343266258 0.02204 60
1753343280399 0.02185 61
1753343294515 0.02173 62
1753343308520 0.02162 63
1753343322594 0.02148 64
1753343336774 0.02132 65
1753343350746 0.02122 66
1753343364923 0.02108 67
1753343379400 0.021 68
1753343394078 0.02095 69
1753343408366 0.02086 70
1753343422588 0.02067 71
1753343436909 0.02058 72
1753343450864 0.02058 73
1753343464841 0.02049 74
1753343478845 0.02037 75
1753343492671 0.02028 76
1753343506973 0.02016 77
1753343521336 0.02014 78
1753343535623 0.02006 79
1753343550196 0.02002 80
1753343564224 0.01994 81
1753343578356 0.01985 82
1753343592345 0.01982 83
1753343606434 0.01975 84
1753343620579 0.01964 85
1753343634522 0.01947 86
1753343648453 0.01941 87
1753343662486 0.01935 88
1753343676508 0.01933 89
1753343690642 0.01929 90
1753343704989 0.01928 91
1753343719286 0.01926 92
1753343733649 0.01925 93
1753343748035 0.01922 94
1753343762019 0.01918 95
1753343776245 0.01914 96
1753343790453 0.01914 97
1753343805013 0.01916 98
1753343819147 0.01918 99
1753343833273 0.01912 100
1753343847462 0.01912 101
1753343861890 0.01915 102
1753343876377 0.01914 103
1753343890719 0.01914 104
1753343904651 0.0191 105
1753343919077 0.01911 106
1753343933074 0.01907 107
1753343947316 0.01911 108
1753343961457 0.01912 109
1753343975543 0.0191 110
1753343989690 0.01912 111
1753344004067 0.0191 112
1753344018554 0.01913 113
1753344032714 0.01912 114
1753344046917 0.01909 115
1753344061129 0.01913 116
1753344075291 0.0191 117
1753344089881 0.0191 118
1753344104156 0.01909 119
1753344118347 0.01909 120
1753344132410 0.0191 121
1753344146677 0.01909 122
1753344160860 0.01905 123
1753344175303 0.0191 124
1753344189335 0.01911 125
1753344203974 0.01909 126
1753344218701 0.01912 127
1753344233001 0.0191 128
1753344247048 0.01906 129
1753344261276 0.01911 130
1753344275394 0.01909 131
1753344289509 0.0191 132
1753344303606 0.01909 133
1753344317971 0.0191 134
1753344332029 0.01913 135
1753344346202 0.01908 136
1753344360301 0.01908 137
1753344374477 0.0191 138
1753344388437 0.01908 139
1753344402702 0.0191 140
1753344416946 0.01909 141
1753344431473 0.0191 142
1753344445905 0.01909 143
1753344459989 0.01908 144
1753344474131 0.0191 145
1753344488236 0.0191 146
1753344502440 0.0191 147
1753344516531 0.0191 148
1753344530947 0.01908 149
1753344545196 0.0191 150
1753344559383 0.01908 151
1753344573696 0.0191 152
1753344588144 0.01909 153
1753344602183 0.01908 154
1753344616235 0.01908 155
1753344630410 0.01909 156
1753344644562 0.01906 157
1753344658624 0.01909 158
1753344672818 0.01906 159
1753344686828 0.01909 160
1753344700906 0.01911 161
1753344714788 0.01908 162
1753344728818 0.01906 163
1753344742711 0.01907 164
1753344757038 0.01909 165
1753344771105 0.0191 166
1753344785529 0.01907 167
1753344799727 0.01909 168
1753344813827 0.0191 169
1753344827877 0.01908 170
1753344841969 0.01908 171
1753344855988 0.01908 172
1753344870312 0.01909 173
1753344884485 0.01907 174
1753344898765 0.01908 175
1753344912994 0.01912 176
1753344927332 0.0191 177
1753344941398 0.0191 178
1753344955430 0.01907 179
1753344969470 0.01905 180
1753344983478 0.01909 181
1753344997518 0.01912 182
1753345012193 0.0191 183
1753345026379 0.01907 184
1753345040718 0.01908 185
1753345054842 0.01909 186
1753345069170 0.01909 187
1753345083275 0.01908 188
1753345097464 0.01908 189
1753345111892 0.01907 190
1753345126290 0.0191 191
1753345140631 0.01908 192
1753345154687 0.01906 193
1753345168686 0.01909 194
1753345182844 0.01908 195
1753345196799 0.01906 196
1753345210955 0.01911 197
1753345224924 0.0191 198
1753345239395 0.0191 199
1753345253686 0.01905 200
1753345268265 0.01905 201
1753345282539 0.01908 202
1753345296722 0.01907 203
1753345310807 0.01908 204
1753345325022 0.01906 205
1753345339077 0.01906 206
1753345353194 0.01908 207
1753345367245 0.01907 208
1753345381418 0.01905 209
1753345395608 0.01907 210
1753345409744 0.01905 211
1753345423740 0.0191 212
1753345437763 0.01908 213
1753345452028 0.01905 214
1753345466064 0.01908 215
1753345480453 0.01908 216
1753345494893 0.01908 217
1753345508961 0.01907 218
1753345523075 0.01908 219
1753345537218 0.01906 220
1753345551306 0.01907 221
1753345565313 0.01908 222
1753345579256 0.01906 223
1753345593388 0.01906 224
1753345608025 0.01905 225
1753345622276 0.01906 226
1753345636331 0.01908 227
1753345650293 0.01906 228
1753345664165 0.01905 229
1753345678084 0.01907 230
1753345692245 0.01908 231
1753345706194 0.01906 232
1753345720389 0.01906 233
1753345734393 0.01907 234
1753345748434 0.01907 235
1753345762530 0.01906 236
1753345776720 0.01907 237
1753345790823 0.01908 238
1753345805162 0.01903 239
1753345819907 0.01909 240
1753345834162 0.01909 241
1753345848234 0.01904 242
1753345862249 0.01908 243
1753345876251 0.01904 244
1753345890259 0.01906 245
1753345904463 0.01909 246
1753345918437 0.01908 247
1753345932923 0.01905 248
1753345947125 0.01904 249
1753345961465 0.01907 250
1753345975358 0.01907 251
1753345989761 0.01904 252
1753346003854 0.01907 253
1753346017884 0.01907 254
1753346031993 0.01904 255
1753346046130 0.01907 256
1753346060117 0.01906 257
1753346074259 0.01904 258
1753346088232 0.01907 259
1753346102501 0.01909 260
1753346116724 0.01907 261
1753346130888 0.01906 262
1753346145371 0.01906 263
1753346159517 0.01905 264
1753346173802 0.01904 265
1753346188130 0.01906 266
1753346202196 0.01907 267
1753346216176 0.01904 268
1753346230237 0.01907 269
1753346244468 0.01905 270
1753346258500 0.01905 271
1753346272642 0.01904 272
1753346287062 0.01904 273
1753346301470 0.01906 274
1753346315807 0.0191 275
1753346329999 0.01904 276
1753346344078 0.01906 277
1753346358134 0.01903 278
1753346372296 0.01903 279
1753346386481 0.01905 280
1753346400520 0.01903 281
1753346415020 0.01906 282
1753346428968 0.01904 283
1753346443082 0.01905 284
1753346457174 0.01905 285
1753346471370 0.01906 286
1753346485475 0.01904 287
1753346499695 0.01904 288
1753346513864 0.01905 289
1753346528280 0.01905 290
1753346542287 0.01906 291
1753346556236 0.01904 292
1753346570195 0.01902 293
1753346584162 0.01902 294
1753346598565 0.01904 295
1753346612623 0.01905 296
1753346626966 0.01907 297
1753346640980 0.01903 298
1753346655275 0.01898 299
1753346669279 0.01902 300
