1753342432880 0.0010000000474974513 1
1753342447366 0.0010000000474974513 2
1753342461624 0.0010000000474974513 3
1753342476534 0.0010000000474974513 4
1753342490983 0.0010000000474974513 5
1753342505586 0.0010000000474974513 6
1753342519813 0.0010000000474974513 7
1753342533972 0.0010000000474974513 8
1753342548182 0.0010000000474974513 9
1753342562422 0.0010000000474974513 10
1753342576661 0.0010000000474974513 11
1753342590666 0.0010000000474974513 12
1753342604894 0.0010000000474974513 13
1753342619095 0.0010000000474974513 14
1753342633516 0.0010000000474974513 15
1753342647805 0.0010000000474974513 16
1753342662110 0.0010000000474974513 17
1753342676162 0.0010000000474974513 18
1753342690783 0.0010000000474974513 19
1753342705404 0.0010000000474974513 20
1753342719549 0.0010000000474974513 21
1753342733743 0.0010000000474974513 22
1753342748136 0.0010000000474974513 23
1753342762258 0.0010000000474974513 24
1753342776656 0.0010000000474974513 25
1753342790752 0.0010000000474974513 26
1753342804826 0.0010000000474974513 27
1753342819409 0.0010000000474974513 28
1753342833942 0.0010000000474974513 29
1753342848371 0.0010000000474974513 30
1753342862718 0.0010000000474974513 31
1753342877005 0.0010000000474974513 32
1753342891045 0.0010000000474974513 33
1753342905246 0.0010000000474974513 34
1753342919475 0.0010000000474974513 35
1753342933693 0.0010000000474974513 36
1753342947959 0.0010000000474974513 37
1753342962055 0.0010000000474974513 38
1753342976055 0.0010000000474974513 39
1753342990575 0.0010000000474974513 40
1753343004573 0.0010000000474974513 41
1753343018682 0.0010000000474974513 42
1753343032866 0.0010000000474974513 43
1753343047442 0.0010000000474974513 44
1753343061560 0.0010000000474974513 45
1753343076160 0.0010000000474974513 46
1753343090477 0.0010000000474974513 47
1753343104605 0.0010000000474974513 48
1753343120402 0.0010000000474974513 49
1753343134971 0.0010000000474974513 50
1753343149446 0.0010000000474974513 51
1753343163622 0.0010000000474974513 52
1753343178102 0.0010000000474974513 53
1753343192595 0.0010000000474974513 54
1753343206766 0.0010000000474974513 55
1753343220794 0.0010000000474974513 56
1753343235150 0.0010000000474974513 57
1753343249121 0.0010000000474974513 58
1753343263191 0.0010000000474974513 59
1753343277224 0.0010000000474974513 60
1753343291386 0.0010000000474974513 61
1753343305498 0.0010000000474974513 62
1753343319436 0.0010000000474974513 63
1753343333656 0.0010000000474974513 64
1753343347664 0.0010000000474974513 65
1753343361784 0.0010000000474974513 66
1753343376288 0.0010000000474974513 67
1753343391002 0.0010000000474974513 68
1753343405296 0.0010000000474974513 69
1753343419494 0.0010000000474974513 70
1753343433884 0.0010000000474974513 71
1753343447809 0.0010000000474974513 72
1753343461802 0.0010000000474974513 73
1753343475747 0.0010000000474974513 74
1753343489664 0.0010000000474974513 75
1753343503824 0.0010000000474974513 76
1753343518180 0.0010000000474974513 77
1753343532597 0.0010000000474974513 78
1753343546993 0.0010000000474974513 79
1753343561138 0.0010000000474974513 80
1753343575315 0.0010000000474974513 81
1753343589263 0.0010000000474974513 82
1753343603355 0.0010000000474974513 83
1753343617430 0.0010000000474974513 84
1753343631418 0.00020000000949949026 85
1753343645432 0.00020000000949949026 86
1753343659457 0.00020000000949949026 87
1753343673358 0.00020000000949949026 88
1753343687594 0.00020000000949949026 89
1753343701800 0.00020000000949949026 90
1753343716147 0.00020000000949949026 91
1753343730517 0.00020000000949949026 92
1753343744973 0.00020000000949949026 93
1753343758957 4.0000002627493814e-05 94
1753343773124 4.0000002627493814e-05 95
1753343787340 4.0000002627493814e-05 96
1753343801857 4.0000002627493814e-05 97
1753343816000 4.0000002627493814e-05 98
1753343830043 4.0000002627493814e-05 99
1753343844354 4.0000002627493814e-05 100
1753343858666 4.0000002627493814e-05 101
1753343873309 4.0000002627493814e-05 102
1753343887538 8.000000889296643e-06 103
1753343901549 8.000000889296643e-06 104
1753343915838 8.000000889296643e-06 105
1753343929995 8.000000889296643e-06 106
1753343944171 8.000000889296643e-06 107
1753343958365 8.000000889296643e-06 108
1753343972421 8.000000889296643e-06 109
1753343986594 8.000000889296643e-06 110
1753344000959 8.000000889296643e-06 111
1753344015460 1.6000001323845936e-06 112
1753344029538 1.6000001323845936e-06 113
1753344043795 1.6000001323845936e-06 114
1753344058024 1.6000001323845936e-06 115
1753344072121 1.6000001323845936e-06 116
1753344086828 1.6000001323845936e-06 117
1753344101056 1.6000001323845936e-06 118
1753344115280 1.6000001323845936e-06 119
1753344129305 1.6000001323845936e-06 120
1753344143492 9.999999974752427e-07 121
1753344157736 9.999999974752427e-07 122
1753344172143 9.999999974752427e-07 123
1753344186267 9.999999974752427e-07 124
1753344200788 9.999999974752427e-07 125
1753344215561 9.999999974752427e-07 126
1753344229888 9.999999974752427e-07 127
1753344243968 9.999999974752427e-07 128
1753344258079 9.999999974752427e-07 129
1753344272303 9.999999974752427e-07 130
1753344286340 9.999999974752427e-07 131
1753344300502 9.999999974752427e-07 132
1753344314790 9.999999974752427e-07 133
1753344328997 9.999999974752427e-07 134
1753344343026 9.999999974752427e-07 135
1753344357211 9.999999974752427e-07 136
1753344371322 9.999999974752427e-07 137
1753344385408 9.999999974752427e-07 138
1753344399557 9.999999974752427e-07 139
1753344413814 9.999999974752427e-07 140
1753344428272 9.999999974752427e-07 141
1753344442753 9.999999974752427e-07 142
1753344456904 9.999999974752427e-07 143
1753344471049 9.999999974752427e-07 144
1753344485220 9.999999974752427e-07 145
1753344499270 9.999999974752427e-07 146
1753344513485 9.999999974752427e-07 147
1753344527793 9.999999974752427e-07 148
1753344542070 9.999999974752427e-07 149
1753344556253 9.999999974752427e-07 150
1753344570587 9.999999974752427e-07 151
1753344584972 9.999999974752427e-07 152
1753344599092 9.999999974752427e-07 153
1753344613106 9.999999974752427e-07 154
1753344627411 9.999999974752427e-07 155
1753344641406 9.999999974752427e-07 156
1753344655457 9.999999974752427e-07 157
1753344669628 9.999999974752427e-07 158
1753344683766 9.999999974752427e-07 159
1753344697725 9.999999974752427e-07 160
1753344711761 9.999999974752427e-07 161
1753344725642 9.999999974752427e-07 162
1753344739660 9.999999974752427e-07 163
1753344753858 9.999999974752427e-07 164
1753344768014 9.999999974752427e-07 165
1753344782447 9.999999974752427e-07 166
1753344796693 9.999999974752427e-07 167
1753344810639 9.999999974752427e-07 168
1753344824756 9.999999974752427e-07 169
1753344838826 9.999999974752427e-07 170
1753344852875 9.999999974752427e-07 171
1753344867134 9.999999974752427e-07 172
1753344881408 9.999999974752427e-07 173
1753344895604 9.999999974752427e-07 174
1753344909937 9.999999974752427e-07 175
1753344924239 9.999999974752427e-07 176
1753344938312 9.999999974752427e-07 177
1753344952288 9.999999974752427e-07 178
1753344966330 9.999999974752427e-07 179
1753344980320 9.999999974752427e-07 180
1753344994361 9.999999974752427e-07 181
1753345008631 9.999999974752427e-07 182
1753345023274 9.999999974752427e-07 183
1753345037506 9.999999974752427e-07 184
1753345051750 9.999999974752427e-07 185
1753345065986 9.999999974752427e-07 186
1753345080143 9.999999974752427e-07 187
1753345094348 9.999999974752427e-07 188
1753345108719 9.999999974752427e-07 189
1753345123116 9.999999974752427e-07 190
1753345137515 9.999999974752427e-07 191
1753345151523 9.999999974752427e-07 192
1753345165662 9.999999974752427e-07 193
1753345179676 9.999999974752427e-07 194
1753345193708 9.999999974752427e-07 195
1753345207771 9.999999974752427e-07 196
1753345221915 9.999999974752427e-07 197
1753345236229 9.999999974752427e-07 198
1753345250472 9.999999974752427e-07 199
1753345265053 9.999999974752427e-07 200
1753345279464 9.999999974752427e-07 201
1753345293538 9.999999974752427e-07 202
1753345307623 9.999999974752427e-07 203
1753345321772 9.999999974752427e-07 204
1753345335890 9.999999974752427e-07 205
1753345350027 9.999999974752427e-07 206
1753345364154 9.999999974752427e-07 207
1753345378232 9.999999974752427e-07 208
1753345392519 9.999999974752427e-07 209
1753345406493 9.999999974752427e-07 210
1753345420601 9.999999974752427e-07 211
1753345434668 9.999999974752427e-07 212
1753345448853 9.999999974752427e-07 213
1753345462872 9.999999974752427e-07 214
1753345477303 9.999999974752427e-07 215
1753345491697 9.999999974752427e-07 216
1753345505822 9.999999974752427e-07 217
1753345519810 9.999999974752427e-07 218
1753345534111 9.999999974752427e-07 219
1753345548124 9.999999974752427e-07 220
1753345562231 9.999999974752427e-07 221
1753345576163 9.999999974752427e-07 222
1753345590311 9.999999974752427e-07 223
1753345604954 9.999999974752427e-07 224
1753345619194 9.999999974752427e-07 225
1753345633213 9.999999974752427e-07 226
1753345647218 9.999999974752427e-07 227
1753345661132 9.999999974752427e-07 228
1753345675008 9.999999974752427e-07 229
1753345688963 9.999999974752427e-07 230
1753345703119 9.999999974752427e-07 231
1753345717206 9.999999974752427e-07 232
1753345731253 9.999999974752427e-07 233
1753345745306 9.999999974752427e-07 234
1753345759470 9.999999974752427e-07 235
1753345773610 9.999999974752427e-07 236
1753345787661 9.999999974752427e-07 237
1753345801998 9.999999974752427e-07 238
1753345816712 9.999999974752427e-07 239
1753345831058 9.999999974752427e-07 240
1753345845037 9.999999974752427e-07 241
1753345859089 9.999999974752427e-07 242
1753345873137 9.999999974752427e-07 243
1753345887198 9.999999974752427e-07 244
1753345901333 9.999999974752427e-07 245
1753345915286 9.999999974752427e-07 246
1753345929817 9.999999974752427e-07 247
1753345944037 9.999999974752427e-07 248
1753345958357 9.999999974752427e-07 249
1753345972285 9.999999974752427e-07 250
1753345986619 9.999999974752427e-07 251
1753346000770 9.999999974752427e-07 252
1753346014734 9.999999974752427e-07 253
1753346028909 9.999999974752427e-07 254
1753346043024 9.999999974752427e-07 255
1753346057014 9.999999974752427e-07 256
1753346071119 9.999999974752427e-07 257
1753346085060 9.999999974752427e-07 258
1753346099392 9.999999974752427e-07 259
1753346113650 9.999999974752427e-07 260
1753346127774 9.999999974752427e-07 261
1753346142229 9.999999974752427e-07 262
1753346156362 9.999999974752427e-07 263
1753346170720 9.999999974752427e-07 264
1753346184951 9.999999974752427e-07 265
1753346199069 9.999999974752427e-07 266
1753346213055 9.999999974752427e-07 267
1753346227168 9.999999974752427e-07 268
1753346241300 9.999999974752427e-07 269
1753346255312 9.999999974752427e-07 270
1753346269453 9.999999974752427e-07 271
1753346283981 9.999999974752427e-07 272
1753346298280 9.999999974752427e-07 273
1753346312647 9.999999974752427e-07 274
1753346326817 9.999999974752427e-07 275
1753346340999 9.999999974752427e-07 276
1753346354959 9.999999974752427e-07 277
1753346369161 9.999999974752427e-07 278
1753346383307 9.999999974752427e-07 279
1753346397396 9.999999974752427e-07 280
1753346411845 9.999999974752427e-07 281
1753346425858 9.999999974752427e-07 282
1753346439912 9.999999974752427e-07 283
1753346454074 9.999999974752427e-07 284
1753346468233 9.999999974752427e-07 285
1753346482278 9.999999974752427e-07 286
1753346496539 9.999999974752427e-07 287
1753346510753 9.999999974752427e-07 288
1753346525200 9.999999974752427e-07 289
1753346539131 9.999999974752427e-07 290
1753346553153 9.999999974752427e-07 291
1753346567069 9.999999974752427e-07 292
1753346581075 9.999999974752427e-07 293
1753346595422 9.999999974752427e-07 294
1753346609448 9.999999974752427e-07 295
1753346623950 9.999999974752427e-07 296
1753346637799 9.999999974752427e-07 297
1753346652163 9.999999974752427e-07 298
1753346666114 9.999999974752427e-07 299
1753346680198 9.999999974752427e-07 300
