1753364657266 1.0 0
1753364672888 2.0 0
1753364688377 3.0 0
1753364703838 4.0 0
1753364720270 5.0 0
1753364736328 6.0 0
1753364752000 7.0 0
1753364767439 8.0 0
1753364783184 9.0 0
1753364798991 10.0 0
1753364814563 11.0 0
1753364830438 12.0 0
1753364846079 13.0 0
1753364861855 14.0 0
1753364877593 15.0 0
1753364893576 16.0 0
1753364909362 17.0 0
1753364924850 18.0 0
1753364940724 19.0 0
1753364956404 20.0 0
1753364972346 21.0 0
1753364988044 22.0 0
1753365003675 23.0 0
1753365019357 24.0 0
1753365034984 25.0 0
1753365050931 26.0 0
1753365066638 27.0 0
1753365082417 28.0 0
1753365098320 29.0 0
1753365129542 31.0 0
1753365145015 32.0 0
1753365160569 33.0 0
1753365176373 34.0 0
1753365191937 35.0 0
1753365207588 36.0 0
1753365254408 39.0 0
1753365285590 41.0 0
1753365316745 43.0 0
1753365348057 45.0 0
1753365457211 52.0 0
1753365472813 53.0 0
