1753364644941 0.52506 1
1753364661683 0.40743 2
1753364677407 0.33399 3
1753364692861 0.27303 4
1753364708367 0.22326 5
1753364724776 0.18295 6
1753364740880 0.1509 7
1753364756564 0.12571 8
1753364771989 0.10606 9
1753364787733 0.09069 10
1753364803476 0.07862 11
1753364819015 0.06913 12
1753364834898 0.06147 13
1753364850562 0.05531 14
1753364866392 0.05032 15
1753364882101 0.04621 16
1753364898024 0.04283 17
1753364913809 0.03997 18
1753364929304 0.03752 19
1753364945184 0.0355 20
1753364960963 0.03375 21
1753364976925 0.03224 22
1753364992567 0.03093 23
1753365008126 0.02979 24
1753365023889 0.02877 25
1753365039454 0.02791 26
1753365055376 0.0271 27
1753365071083 0.02639 28
1753365086940 0.02581 29
1753365102789 0.02518 30
1753365118354 0.02468 31
1753365133951 0.02424 32
1753365149510 0.0238 33
1753365165074 0.0235 34
1753365180880 0.02312 35
1753365196427 0.02279 36
1753365212053 0.02248 37
1753365227593 0.02223 38
1753365243169 0.02199 39
1753365258828 0.02176 40
1753365274266 0.02152 41
1753365290119 0.02136 42
1753365305506 0.02116 43
1753365321155 0.02099 44
1753365336993 0.0208 45
1753365352965 0.02069 46
1753365368647 0.02053 47
1753365384010 0.02043 48
1753365399303 0.02035 49
1753365415048 0.02021 50
1753365430520 0.02006 51
1753365446125 0.02 52
1753365461717 0.01988 53
1753365477292 0.01979 54
1753365493044 0.01974 55
1753365508373 0.01965 56
1753365524381 0.01953 57
1753365539798 0.01944 58
1753365555502 0.01935 59
1753365571046 0.01939 60
1753365586527 0.01925 61
1753365602261 0.01921 62
1753365617789 0.01902 63
1753365633277 0.01899 64
1753365648908 0.01893 65
1753365664367 0.01892 66
1753365680102 0.01891 67
1753365695612 0.0189 68
1753365711093 0.01888 69
1753365726886 0.01889 70
1753365742569 0.01888 71
1753365758423 0.01879 72
1753365774481 0.01881 73
1753365790136 0.01877 74
1753365806031 0.01879 75
1753365821906 0.0188 76
1753365837536 0.01877 77
1753365852833 0.01876 78
1753365868274 0.01876 79
1753365884105 0.01874 80
1753365899784 0.01874 81
1753365915547 0.01876 82
1753365930924 0.01875 83
1753365946461 0.0187 84
1753365962058 0.01874 85
1753365977438 0.01877 86
1753365993041 0.01873 87
1753366008715 0.01876 88
1753366024365 0.01875 89
1753366040436 0.01873 90
1753366056422 0.01874 91
1753366072160 0.01877 92
1753366087646 0.01875 93
1753366103201 0.01874 94
1753366118907 0.01873 95
1753366134463 0.01877 96
1753366150233 0.01876 97
1753366165745 0.01875 98
1753366181152 0.01873 99
1753366197294 0.01874 100
1753366212939 0.01872 101
1753366228804 0.01872 102
1753366244459 0.01875 103
1753366259973 0.01874 104
1753366275507 0.01873 105
1753366290994 0.01871 106
1753366306408 0.01873 107
1753366321898 0.01872 108
1753366337331 0.01873 109
1753366352937 0.01876 110
1753366368484 0.01874 111
1753366383992 0.01873 112
1753366399390 0.01875 113
1753366414901 0.01874 114
1753366430491 0.01874 115
1753366446520 0.01874 116
1753366462368 0.01875 117
1753366478330 0.01874 118
1753366493675 0.01874 119
1753366509313 0.0187 120
1753366524823 0.01876 121
1753366540258 0.01873 122
1753366556025 0.01875 123
1753366571616 0.01872 124
1753366587230 0.01874 125
1753366602852 0.01876 126
1753366618843 0.0187 127
1753366634238 0.01873 128
1753366649866 0.01874 129
1753366665377 0.01875 130
1753366681140 0.01873 131
1753366696697 0.01874 132
1753366712439 0.01872 133
1753366727841 0.01874 134
1753366743236 0.01873 135
1753366758924 0.01871 136
1753366774439 0.01874 137
1753366790068 0.01872 138
1753366805576 0.01871 139
1753366821062 0.01872 140
1753366836837 0.01875 141
1753366852276 0.01871 142
1753366867714 0.01875 143
1753366883482 0.01873 144
1753366899006 0.01871 145
1753366914691 0.01874 146
1753366930228 0.01874 147
1753366945935 0.01874 148
1753366961283 0.01872 149
1753366976692 0.01873 150
1753366992429 0.01874 151
1753367007725 0.01872 152
1753367023805 0.01872 153
1753367039925 0.0187 154
1753367055534 0.01869 155
1753367071190 0.01873 156
1753367086700 0.0187 157
1753367102121 0.01874 158
1753367117828 0.01871 159
1753367133269 0.01873 160
1753367148913 0.01871 161
1753367164468 0.01869 162
1753367180175 0.01873 163
1753367195552 0.01871 164
1753367210990 0.01872 165
1753367226553 0.01872 166
1753367242094 0.01872 167
1753367257843 0.01872 168
1753367273314 0.01872 169
1753367288806 0.01873 170
1753367304563 0.01871 171
1753367319924 0.01869 172
1753367335596 0.01872 173
1753367351177 0.01874 174
1753367366646 0.0187 175
1753367382236 0.01871 176
1753367397656 0.01872 177
1753367413186 0.01869 178
1753367428477 0.01872 179
1753367443995 0.0187 180
1753367459790 0.0187 181
1753367475184 0.01873 182
1753367490779 0.01872 183
1753367506367 0.0187 184
1753367521758 0.01875 185
1753367537545 0.01874 186
1753367552961 0.01871 187
1753367568751 0.01871 188
1753367584441 0.01873 189
1753367599930 0.01874 190
1753367615449 0.0187 191
1753367631153 0.01872 192
1753367646737 0.01876 193
1753367662183 0.01871 194
1753367677461 0.01872 195
1753367693087 0.01872 196
1753367708626 0.01873 197
1753367724379 0.01874 198
1753367739937 0.01872 199
1753367755509 0.01869 200
1753367771024 0.0187 201
1753367786473 0.01871 202
1753367802356 0.01871 203
1753367817784 0.01871 204
1753367833235 0.01871 205
1753367848824 0.01868 206
1753367864651 0.0187 207
1753367880970 0.0187 208
1753367896598 0.01871 209
1753367912270 0.01872 210
1753367927642 0.01867 211
1753367943222 0.0187 212
1753367958792 0.01868 213
1753367974346 0.01871 214
1753367989753 0.0187 215
1753368005313 0.0187 216
1753368021136 0.0187 217
1753368036567 0.01866 218
1753368052272 0.0187 219
1753368067816 0.01871 220
1753368083493 0.01869 221
1753368099486 0.01869 222
1753368114919 0.0187 223
1753368130117 0.01869 224
1753368145754 0.01871 225
1753368161230 0.01867 226
1753368177080 0.01866 227
1753368192542 0.0187 228
1753368208278 0.01868 229
1753368223899 0.01865 230
1753368239568 0.01867 231
1753368255300 0.01868 232
1753368270638 0.0187 233
1753368286702 0.01867 234
1753368302560 0.01868 235
1753368318026 0.01869 236
1753368333674 0.01869 237
1753368349038 0.01871 238
1753368364462 0.01869 239
1753368380135 0.0187 240
1753368395597 0.01864 241
1753368411331 0.01867 242
1753368426913 0.01868 243
1753368442796 0.0187 244
1753368458271 0.01868 245
1753368473776 0.01867 246
1753368489619 0.01868 247
1753368505112 0.01867 248
1753368520886 0.01864 249
1753368536368 0.01868 250
1753368551825 0.01867 251
1753368567470 0.01868 252
1753368582944 0.0187 253
1753368598581 0.01869 254
1753368614551 0.0187 255
1753368630139 0.01867 256
1753368645875 0.01868 257
1753368661269 0.01866 258
1753368676916 0.01867 259
1753368692485 0.01865 260
1753368708019 0.01866 261
1753368723855 0.01866 262
1753368739648 0.01867 263
1753368755335 0.01866 264
1753368770797 0.01864 265
1753368786302 0.01869 266
1753368801946 0.01868 267
1753368817577 0.01866 268
1753368833214 0.01867 269
1753368848880 0.01866 270
1753368864496 0.01868 271
1753368880189 0.01867 272
1753368895671 0.01866 273
1753368911612 0.01866 274
1753368926907 0.01868 275
1753368942532 0.01868 276
1753368958573 0.01865 277
1753368974159 0.01866 278
1753368990083 0.01866 279
1753369005653 0.01866 280
1753369021268 0.01864 281
1753369036953 0.01865 282
1753369052587 0.01867 283
1753369068271 0.01867 284
1753369083937 0.01866 285
1753369099461 0.01864 286
1753369115178 0.01865 287
1753369130597 0.01867 288
1753369146488 0.01867 289
1753369161969 0.01863 290
1753369177695 0.01864 291
1753369193539 0.01867 292
1753369209023 0.01864 293
1753369224531 0.01867 294
1753369240150 0.01867 295
1753369255562 0.01864 296
1753369271351 0.01865 297
1753369287137 0.01863 298
1753369302580 0.01865 299
1753369318249 0.01863 300
