1753364657279 0.0010000000474974513 1
1753364672895 0.0010000000474974513 2
1753364688384 0.0010000000474974513 3
1753364703843 0.0010000000474974513 4
1753364720274 0.0010000000474974513 5
1753364736332 0.0010000000474974513 6
1753364752006 0.0010000000474974513 7
1753364767444 0.0010000000474974513 8
1753364783189 0.0010000000474974513 9
1753364798995 0.0010000000474974513 10
1753364814571 0.0010000000474974513 11
1753364830444 0.0010000000474974513 12
1753364846087 0.0010000000474974513 13
1753364861860 0.0010000000474974513 14
1753364877598 0.0010000000474974513 15
1753364893580 0.0010000000474974513 16
1753364909366 0.0010000000474974513 17
1753364924854 0.0010000000474974513 18
1753364940728 0.0010000000474974513 19
1753364956408 0.0010000000474974513 20
1753364972354 0.0010000000474974513 21
1753364988053 0.0010000000474974513 22
1753365003681 0.0010000000474974513 23
1753365019362 0.0010000000474974513 24
1753365034988 0.0010000000474974513 25
1753365050936 0.0010000000474974513 26
1753365066642 0.0010000000474974513 27
1753365082421 0.0010000000474974513 28
1753365098325 0.0010000000474974513 29
1753365113852 0.0010000000474974513 30
1753365129550 0.0010000000474974513 31
1753365145022 0.0010000000474974513 32
1753365160575 0.0010000000474974513 33
1753365176379 0.0010000000474974513 34
1753365191941 0.0010000000474974513 35
1753365207593 0.0010000000474974513 36
1753365223036 0.0010000000474974513 37
1753365238609 0.0010000000474974513 38
1753365254412 0.0010000000474974513 39
1753365269754 0.0010000000474974513 40
1753365285598 0.0010000000474974513 41
1753365301106 0.0010000000474974513 42
1753365316752 0.0010000000474974513 43
1753365332554 0.0010000000474974513 44
1753365348061 0.0010000000474974513 45
1753365364135 0.0010000000474974513 46
1753365379587 0.0010000000474974513 47
1753365394933 0.0010000000474974513 48
1753365410564 0.0010000000474974513 49
1753365426084 0.0010000000474974513 50
1753365441704 0.0010000000474974513 51
1753365457218 0.0010000000474974513 52
1753365472819 0.0010000000474974513 53
1753365488595 0.0010000000474974513 54
1753365503890 0.0010000000474974513 55
1753365519915 0.0010000000474974513 56
1753365535368 0.0010000000474974513 57
1753365550921 0.0010000000474974513 58
1753365566620 0.0010000000474974513 59
1753365582172 0.0010000000474974513 60
1753365597745 0.0010000000474974513 61
1753365613307 0.00020000000949949026 62
1753365628885 0.00020000000949949026 63
1753365644392 0.00020000000949949026 64
1753365659913 0.00020000000949949026 65
1753365675644 0.00020000000949949026 66
1753365691076 0.00020000000949949026 67
1753365706652 0.00020000000949949026 68
1753365722386 0.00020000000949949026 69
1753365737994 0.00020000000949949026 70
1753365754001 4.0000002627493814e-05 71
1753365769508 4.0000002627493814e-05 72
1753365785633 4.0000002627493814e-05 73
1753365801579 4.0000002627493814e-05 74
1753365817507 4.0000002627493814e-05 75
1753365833032 4.0000002627493814e-05 76
1753365848467 4.0000002627493814e-05 77
1753365863870 4.0000002627493814e-05 78
1753365879590 4.0000002627493814e-05 79
1753365895332 8.000000889296643e-06 80
1753365911093 8.000000889296643e-06 81
1753365926465 8.000000889296643e-06 82
1753365942053 8.000000889296643e-06 83
1753365957547 8.000000889296643e-06 84
1753365972996 8.000000889296643e-06 85
1753365988534 8.000000889296643e-06 86
1753366004210 8.000000889296643e-06 87
1753366019883 8.000000889296643e-06 88
1753366035906 1.6000001323845936e-06 89
1753366051953 1.6000001323845936e-06 90
1753366067661 1.6000001323845936e-06 91
1753366083164 1.6000001323845936e-06 92
1753366098677 1.6000001323845936e-06 93
1753366114381 1.6000001323845936e-06 94
1753366130004 1.6000001323845936e-06 95
1753366145805 1.6000001323845936e-06 96
1753366161218 1.6000001323845936e-06 97
1753366176776 9.999999974752427e-07 98
1753366192509 9.999999974752427e-07 99
1753366208400 9.999999974752427e-07 100
1753366224417 9.999999974752427e-07 101
1753366239940 9.999999974752427e-07 102
1753366255542 9.999999974752427e-07 103
1753366271139 9.999999974752427e-07 104
1753366286511 9.999999974752427e-07 105
1753366302023 9.999999974752427e-07 106
1753366317571 9.999999974752427e-07 107
1753366332881 9.999999974752427e-07 108
1753366348442 9.999999974752427e-07 109
1753366363995 9.999999974752427e-07 110
1753366379525 9.999999974752427e-07 111
1753366394920 9.999999974752427e-07 112
1753366410421 9.999999974752427e-07 113
1753366425971 9.999999974752427e-07 114
1753366442029 9.999999974752427e-07 115
1753366457893 9.999999974752427e-07 116
1753366473778 9.999999974752427e-07 117
1753366489309 9.999999974752427e-07 118
1753366504802 9.999999974752427e-07 119
1753366520350 9.999999974752427e-07 120
1753366535794 9.999999974752427e-07 121
1753366551568 9.999999974752427e-07 122
1753366567150 9.999999974752427e-07 123
1753366582760 9.999999974752427e-07 124
1753366598335 9.999999974752427e-07 125
1753366613943 9.999999974752427e-07 126
1753366629805 9.999999974752427e-07 127
1753366645375 9.999999974752427e-07 128
1753366660805 9.999999974752427e-07 129
1753366676653 9.999999974752427e-07 130
1753366692199 9.999999974752427e-07 131
1753366707996 9.999999974752427e-07 132
1753366723406 9.999999974752427e-07 133
1753366738754 9.999999974752427e-07 134
1753366754548 9.999999974752427e-07 135
1753366770015 9.999999974752427e-07 136
1753366785582 9.999999974752427e-07 137
1753366801054 9.999999974752427e-07 138
1753366816548 9.999999974752427e-07 139
1753366832337 9.999999974752427e-07 140
1753366847843 9.999999974752427e-07 141
1753366863329 9.999999974752427e-07 142
1753366879018 9.999999974752427e-07 143
1753366894540 9.999999974752427e-07 144
1753366910324 9.999999974752427e-07 145
1753366925695 9.999999974752427e-07 146
1753366941476 9.999999974752427e-07 147
1753366956909 9.999999974752427e-07 148
1753366972306 9.999999974752427e-07 149
1753366987943 9.999999974752427e-07 150
1753367003291 9.999999974752427e-07 151
1753367019070 9.999999974752427e-07 152
1753367034864 9.999999974752427e-07 153
1753367050970 9.999999974752427e-07 154
1753367066682 9.999999974752427e-07 155
1753367082222 9.999999974752427e-07 156
1753367097771 9.999999974752427e-07 157
1753367113319 9.999999974752427e-07 158
1753367128843 9.999999974752427e-07 159
1753367144540 9.999999974752427e-07 160
1753367160019 9.999999974752427e-07 161
1753367175731 9.999999974752427e-07 162
1753367191165 9.999999974752427e-07 163
1753367206618 9.999999974752427e-07 164
1753367222143 9.999999974752427e-07 165
1753367237625 9.999999974752427e-07 166
1753367253298 9.999999974752427e-07 167
1753367268927 9.999999974752427e-07 168
1753367284387 9.999999974752427e-07 169
1753367300011 9.999999974752427e-07 170
1753367315454 9.999999974752427e-07 171
1753367331127 9.999999974752427e-07 172
1753367346678 9.999999974752427e-07 173
1753367362114 9.999999974752427e-07 174
1753367377738 9.999999974752427e-07 175
1753367393143 9.999999974752427e-07 176
1753367408793 9.999999974752427e-07 177
1753367424100 9.999999974752427e-07 178
1753367439461 9.999999974752427e-07 179
1753367455044 9.999999974752427e-07 180
1753367470791 9.999999974752427e-07 181
1753367486324 9.999999974752427e-07 182
1753367501893 9.999999974752427e-07 183
1753367517351 9.999999974752427e-07 184
1753367533051 9.999999974752427e-07 185
1753367548558 9.999999974752427e-07 186
1753367564224 9.999999974752427e-07 187
1753367579980 9.999999974752427e-07 188
1753367595437 9.999999974752427e-07 189
1753367611067 9.999999974752427e-07 190
1753367626616 9.999999974752427e-07 191
1753367642267 9.999999974752427e-07 192
1753367657683 9.999999974752427e-07 193
1753367673071 9.999999974752427e-07 194
1753367688640 9.999999974752427e-07 195
1753367704229 9.999999974752427e-07 196
1753367719888 9.999999974752427e-07 197
1753367735432 9.999999974752427e-07 198
1753367751005 9.999999974752427e-07 199
1753367766573 9.999999974752427e-07 200
1753367781984 9.999999974752427e-07 201
1753367797939 9.999999974752427e-07 202
1753367813417 9.999999974752427e-07 203
1753367828782 9.999999974752427e-07 204
1753367844439 9.999999974752427e-07 205
1753367860238 9.999999974752427e-07 206
1753367876206 9.999999974752427e-07 207
1753367892032 9.999999974752427e-07 208
1753367907729 9.999999974752427e-07 209
1753367923206 9.999999974752427e-07 210
1753367938824 9.999999974752427e-07 211
1753367954323 9.999999974752427e-07 212
1753367969922 9.999999974752427e-07 213
1753367985382 9.999999974752427e-07 214
1753368000854 9.999999974752427e-07 215
1753368016745 9.999999974752427e-07 216
1753368032177 9.999999974752427e-07 217
1753368047746 9.999999974752427e-07 218
1753368063332 9.999999974752427e-07 219
1753368079144 9.999999974752427e-07 220
1753368094962 9.999999974752427e-07 221
1753368110460 9.999999974752427e-07 222
1753368125763 9.999999974752427e-07 223
1753368141290 9.999999974752427e-07 224
1753368156744 9.999999974752427e-07 225
1753368172575 9.999999974752427e-07 226
1753368188092 9.999999974752427e-07 227
1753368203829 9.999999974752427e-07 228
1753368219458 9.999999974752427e-07 229
1753368235060 9.999999974752427e-07 230
1753368250785 9.999999974752427e-07 231
1753368266292 9.999999974752427e-07 232
1753368282192 9.999999974752427e-07 233
1753368297719 9.999999974752427e-07 234
1753368313486 9.999999974752427e-07 235
1753368329162 9.999999974752427e-07 236
1753368344599 9.999999974752427e-07 237
1753368360044 9.999999974752427e-07 238
1753368375661 9.999999974752427e-07 239
1753368391145 9.999999974752427e-07 240
1753368406809 9.999999974752427e-07 241
1753368422399 9.999999974752427e-07 242
1753368438327 9.999999974752427e-07 243
1753368453872 9.999999974752427e-07 244
1753368469249 9.999999974752427e-07 245
1753368485205 9.999999974752427e-07 246
1753368500684 9.999999974752427e-07 247
1753368516562 9.999999974752427e-07 248
1753368531909 9.999999974752427e-07 249
1753368547393 9.999999974752427e-07 250
1753368563098 9.999999974752427e-07 251
1753368578425 9.999999974752427e-07 252
1753368594033 9.999999974752427e-07 253
1753368610113 9.999999974752427e-07 254
1753368625670 9.999999974752427e-07 255
1753368641435 9.999999974752427e-07 256
1753368656929 9.999999974752427e-07 257
1753368672413 9.999999974752427e-07 258
1753368687986 9.999999974752427e-07 259
1753368703535 9.999999974752427e-07 260
1753368719081 9.999999974752427e-07 261
1753368735153 9.999999974752427e-07 262
1753368750764 9.999999974752427e-07 263
1753368766429 9.999999974752427e-07 264
1753368781820 9.999999974752427e-07 265
1753368797602 9.999999974752427e-07 266
1753368813160 9.999999974752427e-07 267
1753368828740 9.999999974752427e-07 268
1753368844483 9.999999974752427e-07 269
1753368860062 9.999999974752427e-07 270
1753368875628 9.999999974752427e-07 271
1753368891174 9.999999974752427e-07 272
1753368907129 9.999999974752427e-07 273
1753368922541 9.999999974752427e-07 274
1753368938150 9.999999974752427e-07 275
1753368954056 9.999999974752427e-07 276
1753368969668 9.999999974752427e-07 277
1753368985648 9.999999974752427e-07 278
1753369001126 9.999999974752427e-07 279
1753369016734 9.999999974752427e-07 280
1753369032486 9.999999974752427e-07 281
1753369048038 9.999999974752427e-07 282
1753369063746 9.999999974752427e-07 283
1753369079534 9.999999974752427e-07 284
1753369095006 9.999999974752427e-07 285
1753369110682 9.999999974752427e-07 286
1753369126149 9.999999974752427e-07 287
1753369142003 9.999999974752427e-07 288
1753369157474 9.999999974752427e-07 289
1753369173278 9.999999974752427e-07 290
1753369189042 9.999999974752427e-07 291
1753369204651 9.999999974752427e-07 292
1753369220097 9.999999974752427e-07 293
1753369235605 9.999999974752427e-07 294
1753369251145 9.999999974752427e-07 295
1753369266980 9.999999974752427e-07 296
1753369282594 9.999999974752427e-07 297
1753369298111 9.999999974752427e-07 298
1753369313910 9.999999974752427e-07 299
1753369329599 9.999999974752427e-07 300
