1753360508651 1.0 0
1753360525054 2.0 0
1753360539854 3.0 0
1753360554488 4.0 0
1753360569150 5.0 0
1753360583675 6.0 0
1753360598305 7.0 0
1753360612846 8.0 0
1753360627525 9.0 0
1753360642086 10.0 0
1753360657463 11.0 0
1753360672527 12.0 0
1753360687364 13.0 0
1753360702013 14.0 0
1753360716730 15.0 0
1753360731437 16.0 0
1753360746142 17.0 0
1753360760702 18.0 0
1753360775243 19.0 0
1753360789960 20.0 0
1753360805256 21.0 0
1753360820011 22.0 0
1753360834796 23.0 0
1753360849710 24.0 0
1753360864331 25.0 0
1753360894899 27.0 0
1753360910028 28.0 0
1753360924670 29.0 0
1753360939341 30.0 0
1753360968475 32.0 0
1753360998348 34.0 0
1753361043030 37.0 0
1753361116135 42.0 0
1753361248593 51.0 0
1753361277988 53.0 0
