1753360496513 0.4277 1
1753360512284 0.32744 2
1753360528702 0.2722 3
1753360543586 0.22291 4
1753360558219 0.18419 5
1753360572770 0.15393 6
1753360587372 0.12987 7
1753360602001 0.11073 8
1753360616602 0.09545 9
1753360631155 0.0833 10
1753360645869 0.07365 11
1753360661133 0.06595 12
1753360676249 0.05977 13
1753360691054 0.05474 14
1753360705789 0.05063 15
1753360720421 0.04715 16
1753360735132 0.04428 17
1753360749738 0.04181 18
1753360764301 0.03975 19
1753360778974 0.03793 20
1753360794212 0.0362 21
1753360808956 0.03437 22
1753360823773 0.03297 23
1753360838406 0.03194 24
1753360853314 0.03111 25
1753360868145 0.03041 26
1753360883346 0.02974 27
1753360898633 0.02912 28
1753360913712 0.02862 29
1753360928407 0.02821 30
1753360942924 0.02776 31
1753360957593 0.02736 32
1753360972151 0.02706 33
1753360986818 0.02675 34
1753361002097 0.02643 35
1753361016766 0.02616 36
1753361031998 0.02592 37
1753361046669 0.0257 38
1753361061268 0.02547 39
1753361075930 0.0253 40
1753361090389 0.0251 41
1753361105138 0.02492 42
1753361119865 0.02479 43
1753361134378 0.02461 44
1753361149291 0.02448 45
1753361164009 0.02435 46
1753361178938 0.02418 47
1753361193594 0.0241 48
1753361208214 0.02397 49
1753361222828 0.02389 50
1753361237290 0.02377 51
1753361252216 0.02369 52
1753361266909 0.02362 53
1753361281645 0.02346 54
1753361296215 0.02341 55
1753361310804 0.02333 56
1753361325495 0.02324 57
1753361339902 0.02316 58
1753361354772 0.02308 59
1753361369941 0.02302 60
1753361385063 0.02295 61
1753361399636 0.02292 62
1753361414555 0.02273 63
1753361429479 0.02267 64
1753361444103 0.02261 65
1753361458849 0.02261 66
1753361473556 0.02258 67
1753361488385 0.02257 68
1753361503333 0.02253 69
1753361518077 0.02252 70
1753361532658 0.0225 71
1753361547426 0.02245 72
1753361562084 0.02245 73
1753361576745 0.02243 74
1753361591400 0.02242 75
1753361606024 0.02242 76
1753361621360 0.02243 77
1753361636192 0.02242 78
1753361650901 0.02241 79
1753361666068 0.02243 80
1753361680547 0.02241 81
1753361695215 0.02239 82
1753361710029 0.0224 83
1753361725329 0.02238 84
1753361740175 0.02239 85
1753361755213 0.02238 86
1753361769839 0.02239 87
1753361784610 0.02237 88
1753361799361 0.02239 89
1753361814227 0.0224 90
1753361828909 0.02238 91
1753361843604 0.02237 92
1753361858179 0.02238 93
1753361873293 0.02237 94
1753361887886 0.02238 95
1753361902717 0.02238 96
1753361917292 0.02238 97
1753361932387 0.02235 98
1753361947055 0.02238 99
1753361962011 0.02239 100
1753361977417 0.02242 101
1753361992164 0.02239 102
1753362006853 0.02237 103
1753362021495 0.02236 104
1753362036199 0.02239 105
1753362051069 0.02237 106
1753362065736 0.02237 107
1753362080374 0.0224 108
1753362095337 0.02237 109
1753362110379 0.02238 110
1753362125140 0.02238 111
1753362139762 0.02238 112
1753362154402 0.02238 113
1753362169326 0.02238 114
1753362184166 0.02238 115
1753362199026 0.02236 116
1753362213754 0.02239 117
1753362228819 0.02242 118
1753362243453 0.02239 119
1753362258150 0.02241 120
1753362272915 0.02236 121
1753362288114 0.02236 122
1753362302668 0.02237 123
1753362317477 0.02239 124
1753362332139 0.02238 125
1753362346697 0.02236 126
1753362361082 0.02242 127
1753362376149 0.0224 128
1753362390770 0.02239 129
1753362405390 0.02238 130
1753362420001 0.02237 131
1753362434684 0.02238 132
1753362449640 0.02236 133
1753362464321 0.02237 134
1753362478982 0.0224 135
1753362493636 0.0224 136
1753362508727 0.02238 137
1753362523517 0.02237 138
1753362538145 0.02238 139
1753362552962 0.02238 140
1753362567653 0.02238 141
1753362582387 0.02238 142
1753362597469 0.02238 143
1753362612328 0.02237 144
1753362627203 0.02238 145
1753362642303 0.02237 146
1753362656940 0.02239 147
1753362671545 0.02238 148
1753362686176 0.02239 149
1753362700920 0.02237 150
1753362715514 0.02239 151
1753362730250 0.02237 152
1753362745031 0.02237 153
1753362759686 0.02236 154
1753362774419 0.02239 155
1753362789082 0.02236 156
1753362803683 0.02239 157
1753362818760 0.02238 158
1753362833396 0.02239 159
1753362848006 0.02236 160
1753362862485 0.0224 161
1753362877482 0.02236 162
1753362892092 0.02238 163
1753362906776 0.02238 164
1753362921829 0.02236 165
1753362936538 0.02239 166
1753362951840 0.02235 167
1753362966558 0.02238 168
1753362981120 0.02237 169
1753362995692 0.02238 170
1753363010819 0.02237 171
1753363025468 0.02238 172
1753363040044 0.02238 173
1753363054593 0.02236 174
1753363069499 0.02236 175
1753363084438 0.02236 176
1753363099038 0.02236 177
1753363113565 0.02236 178
1753363128281 0.02236 179
1753363142899 0.02237 180
1753363157584 0.02235 181
1753363172432 0.02233 182
1753363187319 0.02236 183
1753363201837 0.02235 184
1753363216446 0.02237 185
1753363231742 0.02236 186
1753363246347 0.02238 187
1753363260981 0.02238 188
1753363275639 0.02234 189
1753363290250 0.02238 190
1753363305206 0.02236 191
1753363320586 0.02235 192
1753363335372 0.02236 193
1753363350020 0.02236 194
1753363365201 0.02238 195
1753363379865 0.02238 196
1753363394500 0.02235 197
1753363409189 0.02235 198
1753363423955 0.02235 199
1753363438673 0.02235 200
1753363453395 0.02236 201
1753363468113 0.02235 202
1753363482739 0.02236 203
1753363497268 0.02236 204
1753363511900 0.02235 205
1753363526596 0.02235 206
1753363541614 0.02237 207
1753363556595 0.02234 208
1753363571396 0.02234 209
1753363586365 0.02233 210
1753363601169 0.02234 211
1753363615893 0.02238 212
1753363630631 0.02235 213
1753363645383 0.02235 214
1753363660006 0.02235 215
1753363674970 0.02235 216
1753363689799 0.02235 217
1753363704791 0.02234 218
1753363719606 0.02235 219
1753363734817 0.02237 220
1753363749612 0.02235 221
1753363764369 0.02233 222
1753363779090 0.02236 223
1753363793828 0.02235 224
1753363808599 0.02235 225
1753363823451 0.02237 226
1753363838192 0.02236 227
1753363852947 0.02235 228
1753363867734 0.02232 229
1753363882475 0.02234 230
1753363897507 0.02235 231
1753363912120 0.02233 232
1753363926841 0.02235 233
1753363941766 0.02233 234
1753363957144 0.02234 235
1753363971819 0.02234 236
1753363986447 0.02235 237
1753364000978 0.02235 238
1753364015685 0.02235 239
1753364030555 0.02234 240
1753364045173 0.02232 241
1753364059977 0.02234 242
1753364074697 0.02234 243
1753364090135 0.02233 244
1753364104759 0.02233 245
1753364119412 0.02233 246
1753364134092 0.02233 247
1753364148789 0.02235 248
1753364163404 0.02235 249
1753364178121 0.02234 250
1753364192920 0.02231 251
1753364207633 0.02235 252
1753364222342 0.02233 253
1753364236976 0.02229 254
1753364251575 0.02233 255
1753364266577 0.02232 256
1753364281222 0.02233 257
1753364295874 0.02232 258
1753364310804 0.02233 259
1753364325438 0.02231 260
1753364340219 0.02233 261
1753364354964 0.02235 262
1753364369481 0.02236 263
1753364384133 0.02233 264
1753364399075 0.02235 265
1753364413724 0.0223 266
1753364428319 0.02234 267
1753364442941 0.02231 268
1753364457942 0.02233 269
1753364472641 0.02233 270
1753364487254 0.02233 271
1753364501906 0.02232 272
1753364516629 0.02232 273
1753364531257 0.02233 274
1753364545978 0.02232 275
1753364560730 0.02232 276
1753364575335 0.02232 277
1753364589933 0.02233 278
1753364604658 0.02233 279
1753364619897 0.0223 280
1753364634512 0.02233 281
1753364649246 0.0223 282
1753364663782 0.02231 283
1753364678890 0.0223 284
1753364693649 0.02231 285
1753364708508 0.02233 286
1753364723186 0.0223 287
1753364737874 0.0223 288
1753364752870 0.0223 289
1753364767468 0.02232 290
1753364782084 0.0223 291
1753364796962 0.02231 292
1753364811947 0.0223 293
1753364826738 0.02232 294
1753364841843 0.02231 295
1753364856517 0.02232 296
1753364871155 0.0223 297
1753364885838 0.02231 298
1753364900418 0.0223 299
1753364914943 0.0223 300
