1753360508657 0.0010000000474974513 1
1753360525060 0.0010000000474974513 2
1753360539859 0.0010000000474974513 3
1753360554492 0.0010000000474974513 4
1753360569154 0.0010000000474974513 5
1753360583680 0.0010000000474974513 6
1753360598310 0.0010000000474974513 7
1753360612851 0.0010000000474974513 8
1753360627529 0.0010000000474974513 9
1753360642090 0.0010000000474974513 10
1753360657468 0.0010000000474974513 11
1753360672532 0.0010000000474974513 12
1753360687368 0.0010000000474974513 13
1753360702017 0.0010000000474974513 14
1753360716734 0.0010000000474974513 15
1753360731442 0.0010000000474974513 16
1753360746146 0.0010000000474974513 17
1753360760707 0.0010000000474974513 18
1753360775248 0.0010000000474974513 19
1753360789965 0.0010000000474974513 20
1753360805261 0.0010000000474974513 21
1753360820016 0.0010000000474974513 22
1753360834802 0.0010000000474974513 23
1753360849715 0.0010000000474974513 24
1753360864336 0.0010000000474974513 25
1753360879672 0.0010000000474974513 26
1753360894905 0.0010000000474974513 27
1753360910033 0.0010000000474974513 28
1753360924675 0.0010000000474974513 29
1753360939345 0.0010000000474974513 30
1753360953848 0.0010000000474974513 31
1753360968479 0.0010000000474974513 32
1753360983236 0.0010000000474974513 33
1753360998353 0.0010000000474974513 34
1753361013152 0.0010000000474974513 35
1753361028313 0.0010000000474974513 36
1753361043035 0.0010000000474974513 37
1753361057699 0.0010000000474974513 38
1753361072213 0.0010000000474974513 39
1753361086837 0.0010000000474974513 40
1753361101411 0.0010000000474974513 41
1753361116140 0.0010000000474974513 42
1753361130781 0.0010000000474974513 43
1753361145642 0.0010000000474974513 44
1753361160357 0.0010000000474974513 45
1753361175165 0.0010000000474974513 46
1753361189980 0.0010000000474974513 47
1753361204500 0.0010000000474974513 48
1753361219158 0.0010000000474974513 49
1753361233677 0.0010000000474974513 50
1753361248598 0.0010000000474974513 51
1753361263172 0.0010000000474974513 52
1753361277993 0.0010000000474974513 53
1753361292625 0.0010000000474974513 54
1753361307180 0.0010000000474974513 55
1753361321825 0.0010000000474974513 56
1753361336359 0.0010000000474974513 57
1753361351037 0.0010000000474974513 58
1753361366245 0.0010000000474974513 59
1753361381275 0.0010000000474974513 60
1753361396119 0.0010000000474974513 61
1753361410788 0.00020000000949949026 62
1753361425751 0.00020000000949949026 63
1753361440564 0.00020000000949949026 64
1753361455155 0.00020000000949949026 65
1753361469915 0.00020000000949949026 66
1753361484682 0.00020000000949949026 67
1753361499776 0.00020000000949949026 68
1753361514322 0.00020000000949949026 69
1753361528965 0.00020000000949949026 70
1753361543849 4.0000002627493814e-05 71
1753361558444 4.0000002627493814e-05 72
1753361572986 4.0000002627493814e-05 73
1753361587728 4.0000002627493814e-05 74
1753361602363 4.0000002627493814e-05 75
1753361617542 4.0000002627493814e-05 76
1753361632399 4.0000002627493814e-05 77
1753361647247 4.0000002627493814e-05 78
1753361662312 4.0000002627493814e-05 79
1753361676966 8.000000889296643e-06 80
1753361691556 8.000000889296643e-06 81
1753361706306 8.000000889296643e-06 82
1753361721678 8.000000889296643e-06 83
1753361736430 8.000000889296643e-06 84
1753361751565 8.000000889296643e-06 85
1753361766217 8.000000889296643e-06 86
1753361781003 8.000000889296643e-06 87
1753361795682 8.000000889296643e-06 88
1753361810518 1.6000001323845936e-06 89
1753361825165 1.6000001323845936e-06 90
1753361839896 1.6000001323845936e-06 91
1753361854517 1.6000001323845936e-06 92
1753361869521 1.6000001323845936e-06 93
1753361884288 1.6000001323845936e-06 94
1753361898999 1.6000001323845936e-06 95
1753361913698 1.6000001323845936e-06 96
1753361928610 1.6000001323845936e-06 97
1753361943408 9.999999974752427e-07 98
1753361958343 9.999999974752427e-07 99
1753361973636 9.999999974752427e-07 100
1753361988455 9.999999974752427e-07 101
1753362003067 9.999999974752427e-07 102
1753362017923 9.999999974752427e-07 103
1753362032460 9.999999974752427e-07 104
1753362047467 9.999999974752427e-07 105
1753362062005 9.999999974752427e-07 106
1753362076656 9.999999974752427e-07 107
1753362091762 9.999999974752427e-07 108
1753362106660 9.999999974752427e-07 109
1753362121478 9.999999974752427e-07 110
1753362136103 9.999999974752427e-07 111
1753362150715 9.999999974752427e-07 112
1753362165596 9.999999974752427e-07 113
1753362180409 9.999999974752427e-07 114
1753362195424 9.999999974752427e-07 115
1753362209990 9.999999974752427e-07 116
1753362225146 9.999999974752427e-07 117
1753362239808 9.999999974752427e-07 118
1753362254473 9.999999974752427e-07 119
1753362269294 9.999999974752427e-07 120
1753362284400 9.999999974752427e-07 121
1753362299014 9.999999974752427e-07 122
1753362313729 9.999999974752427e-07 123
1753362328426 9.999999974752427e-07 124
1753362343010 9.999999974752427e-07 125
1753362357509 9.999999974752427e-07 126
1753362372152 9.999999974752427e-07 127
1753362387014 9.999999974752427e-07 128
1753362401716 9.999999974752427e-07 129
1753362416302 9.999999974752427e-07 130
1753362431024 9.999999974752427e-07 131
1753362445917 9.999999974752427e-07 132
1753362460625 9.999999974752427e-07 133
1753362475245 9.999999974752427e-07 134
1753362489973 9.999999974752427e-07 135
1753362505025 9.999999974752427e-07 136
1753362519919 9.999999974752427e-07 137
1753362534526 9.999999974752427e-07 138
1753362549233 9.999999974752427e-07 139
1753362563999 9.999999974752427e-07 140
1753362578664 9.999999974752427e-07 141
1753362593717 9.999999974752427e-07 142
1753362608623 9.999999974752427e-07 143
1753362623288 9.999999974752427e-07 144
1753362638562 9.999999974752427e-07 145
1753362653151 9.999999974752427e-07 146
1753362667903 9.999999974752427e-07 147
1753362682468 9.999999974752427e-07 148
1753362697230 9.999999974752427e-07 149
1753362711887 9.999999974752427e-07 150
1753362726533 9.999999974752427e-07 151
1753362741333 9.999999974752427e-07 152
1753362756035 9.999999974752427e-07 153
1753362770713 9.999999974752427e-07 154
1753362785339 9.999999974752427e-07 155
1753362800094 9.999999974752427e-07 156
1753362815049 9.999999974752427e-07 157
1753362829741 9.999999974752427e-07 158
1753362844288 9.999999974752427e-07 159
1753362858882 9.999999974752427e-07 160
1753362873853 9.999999974752427e-07 161
1753362888343 9.999999974752427e-07 162
1753362903099 9.999999974752427e-07 163
1753362918039 9.999999974752427e-07 164
1753362932789 9.999999974752427e-07 165
1753362948118 9.999999974752427e-07 166
1753362962886 9.999999974752427e-07 167
1753362977445 9.999999974752427e-07 168
1753362992014 9.999999974752427e-07 169
1753363007201 9.999999974752427e-07 170
1753363021729 9.999999974752427e-07 171
1753363036435 9.999999974752427e-07 172
1753363050908 9.999999974752427e-07 173
1753363065823 9.999999974752427e-07 174
1753363080701 9.999999974752427e-07 175
1753363095373 9.999999974752427e-07 176
1753363109944 9.999999974752427e-07 177
1753363124586 9.999999974752427e-07 178
1753363139255 9.999999974752427e-07 179
1753363153822 9.999999974752427e-07 180
1753363168849 9.999999974752427e-07 181
1753363183614 9.999999974752427e-07 182
1753363198215 9.999999974752427e-07 183
1753363212781 9.999999974752427e-07 184
1753363228035 9.999999974752427e-07 185
1753363242675 9.999999974752427e-07 186
1753363257309 9.999999974752427e-07 187
1753363271935 9.999999974752427e-07 188
1753363286510 9.999999974752427e-07 189
1753363301430 9.999999974752427e-07 190
1753363316880 9.999999974752427e-07 191
1753363331636 9.999999974752427e-07 192
1753363346374 9.999999974752427e-07 193
1753363361467 9.999999974752427e-07 194
1753363376176 9.999999974752427e-07 195
1753363390852 9.999999974752427e-07 196
1753363405493 9.999999974752427e-07 197
1753363420245 9.999999974752427e-07 198
1753363434901 9.999999974752427e-07 199
1753363449674 9.999999974752427e-07 200
1753363464422 9.999999974752427e-07 201
1753363478995 9.999999974752427e-07 202
1753363493643 9.999999974752427e-07 203
1753363508277 9.999999974752427e-07 204
1753363522916 9.999999974752427e-07 205
1753363537939 9.999999974752427e-07 206
1753363552892 9.999999974752427e-07 207
1753363567640 9.999999974752427e-07 208
1753363582694 9.999999974752427e-07 209
1753363597421 9.999999974752427e-07 210
1753363612156 9.999999974752427e-07 211
1753363626970 9.999999974752427e-07 212
1753363641646 9.999999974752427e-07 213
1753363656320 9.999999974752427e-07 214
1753363671282 9.999999974752427e-07 215
1753363686110 9.999999974752427e-07 216
1753363701133 9.999999974752427e-07 217
1753363716022 9.999999974752427e-07 218
1753363731140 9.999999974752427e-07 219
1753363745859 9.999999974752427e-07 220
1753363760662 9.999999974752427e-07 221
1753363775453 9.999999974752427e-07 222
1753363790169 9.999999974752427e-07 223
1753363804939 9.999999974752427e-07 224
1753363819734 9.999999974752427e-07 225
1753363834572 9.999999974752427e-07 226
1753363849244 9.999999974752427e-07 227
1753363864093 9.999999974752427e-07 228
1753363878779 9.999999974752427e-07 229
1753363893793 9.999999974752427e-07 230
1753363908411 9.999999974752427e-07 231
1753363923126 9.999999974752427e-07 232
1753363937800 9.999999974752427e-07 233
1753363953140 9.999999974752427e-07 234
1753363968217 9.999999974752427e-07 235
1753363982820 9.999999974752427e-07 236
1753363997320 9.999999974752427e-07 237
1753364012005 9.999999974752427e-07 238
1753364026893 9.999999974752427e-07 239
1753364041510 9.999999974752427e-07 240
1753364056265 9.999999974752427e-07 241
1753364071080 9.999999974752427e-07 242
1753364086373 9.999999974752427e-07 243
1753364101037 9.999999974752427e-07 244
1753364115758 9.999999974752427e-07 245
1753364130499 9.999999974752427e-07 246
1753364145082 9.999999974752427e-07 247
1753364159728 9.999999974752427e-07 248
1753364174419 9.999999974752427e-07 249
1753364189221 9.999999974752427e-07 250
1753364203906 9.999999974752427e-07 251
1753364218608 9.999999974752427e-07 252
1753364233284 9.999999974752427e-07 253
1753364247951 9.999999974752427e-07 254
1753364262977 9.999999974752427e-07 255
1753364277576 9.999999974752427e-07 256
1753364292253 9.999999974752427e-07 257
1753364307083 9.999999974752427e-07 258
1753364321842 9.999999974752427e-07 259
1753364336543 9.999999974752427e-07 260
1753364351264 9.999999974752427e-07 261
1753364365801 9.999999974752427e-07 262
1753364380375 9.999999974752427e-07 263
1753364395322 9.999999974752427e-07 264
1753364410099 9.999999974752427e-07 265
1753364424648 9.999999974752427e-07 266
1753364439273 9.999999974752427e-07 267
1753364454362 9.999999974752427e-07 268
1753364468993 9.999999974752427e-07 269
1753364483591 9.999999974752427e-07 270
1753364498292 9.999999974752427e-07 271
1753364512957 9.999999974752427e-07 272
1753364527542 9.999999974752427e-07 273
1753364542237 9.999999974752427e-07 274
1753364557048 9.999999974752427e-07 275
1753364571693 9.999999974752427e-07 276
1753364586299 9.999999974752427e-07 277
1753364601049 9.999999974752427e-07 278
1753364616217 9.999999974752427e-07 279
1753364630834 9.999999974752427e-07 280
1753364645521 9.999999974752427e-07 281
1753364660189 9.999999974752427e-07 282
1753364675186 9.999999974752427e-07 283
1753364689874 9.999999974752427e-07 284
1753364704912 9.999999974752427e-07 285
1753364719486 9.999999974752427e-07 286
1753364734155 9.999999974752427e-07 287
1753364749210 9.999999974752427e-07 288
1753364763818 9.999999974752427e-07 289
1753364778436 9.999999974752427e-07 290
1753364793205 9.999999974752427e-07 291
1753364808302 9.999999974752427e-07 292
1753364823107 9.999999974752427e-07 293
1753364838132 9.999999974752427e-07 294
1753364852880 9.999999974752427e-07 295
1753364867474 9.999999974752427e-07 296
1753364882190 9.999999974752427e-07 297
1753364896696 9.999999974752427e-07 298
1753364911268 9.999999974752427e-07 299
1753364925932 9.999999974752427e-07 300
