1753139007550 1.0 0
1753139026167 2.0 0
1753139044025 3.0 0
1753139063039 4.0 0
1753139081627 5.0 0
1753139099637 6.0 0
1753139118453 7.0 0
1753139136299 8.0 0
1753139154435 9.0 0
1753139172974 10.0 0
1753139191460 11.0 0
1753139209628 12.0 0
1753139227458 13.0 0
1753139246251 14.0 0
1753139265036 15.0 0
1753139282759 16.0 0
1753139301262 17.0 0
1753139319709 18.0 0
1753139338904 19.0 0
1753139357546 20.0 0
1753139376089 21.0 0
1753139394559 22.0 0
1753139412031 23.0 0
1753139430225 24.0 0
1753139448574 25.0 0
1753139466831 26.0 0
1753139484647 27.0 0
1753139503712 28.0 0
1753139522228 29.0 0
1753139540055 30.0 0
1753139558362 31.0 0
1753139576667 32.0 0
1753139594658 33.0 0
1753139612738 34.0 0
1753139631097 35.0 0
1753139649359 36.0 0
1753139667772 37.0 0
1753139685496 38.0 0
1753139703236 39.0 0
1753139721916 40.0 0
1753139740505 41.0 0
1753139758902 42.0 0
1753139777217 43.0 0
1753139795015 44.0 0
1753139813511 45.0 0
1753139832199 46.0 0
1753139850399 47.0 0
1753139868678 48.0 0
1753139886571 49.0 0
1753139905220 50.0 0
1753139923694 51.0 0
1753139941274 52.0 0
1753139959387 53.0 0
1753139977280 54.0 0
1753139995157 55.0 0
1753140013654 56.0 0
1753140032045 57.0 0
1753140049795 58.0 0
1753140085660 60.0 0
1753140103697 61.0 0
1753140139768 63.0 0
1753140157404 64.0 0
1753140175712 65.0 0
1753140211906 67.0 0
1753140248664 69.0 0
1753140266676 70.0 0
1753140322365 73.0 0
1753140358701 75.0 0
1753140487568 82.0 0
1753140577753 87.0 0
1753140669434 92.0 0
1753140688214 93.0 0
1753140890614 104.0 0
1753141111130 116.0 0
1753141129486 117.0 0
