1753138992951 0.78593 1
1753139011622 0.67325 2
1753139030088 0.62316 3
1753139047980 0.58369 4
1753139067056 0.5473 5
1753139085598 0.51232 6
1753139103594 0.4786 7
1753139122401 0.44623 8
1753139140246 0.41534 9
1753139158464 0.38609 10
1753139176993 0.35854 11
1753139195366 0.33273 12
1753139213524 0.3105 13
1753139231435 0.28761 14
1753139250251 0.26645 15
1753139269015 0.24725 16
1753139286719 0.22956 17
1753139305203 0.21313 18
1753139323706 0.19813 19
1753139342947 0.18467 20
1753139361589 0.17189 21
1753139380072 0.16013 22
1753139398566 0.14969 23
1753139415990 0.13983 24
1753139434240 0.13093 25
1753139452581 0.12275 26
1753139470800 0.11523 27
1753139488688 0.10831 28
1753139507666 0.10202 29
1753139526147 0.09627 30
1753139543984 0.09074 31
1753139562317 0.08518 32
1753139580603 0.07853 33
1753139598619 0.07273 34
1753139616770 0.06862 35
1753139635058 0.06508 36
1753139653276 0.06184 37
1753139671720 0.05893 38
1753139689387 0.05627 39
1753139707268 0.05384 40
1753139725801 0.05157 41
1753139744527 0.04961 42
1753139762835 0.04774 43
1753139781194 0.04592 44
1753139798963 0.0443 45
1753139817497 0.04285 46
1753139836160 0.04158 47
1753139854335 0.04025 48
1753139872633 0.03913 49
1753139891003 0.03799 50
1753139909154 0.03699 51
1753139927611 0.03607 52
1753139945284 0.0352 53
1753139963281 0.03434 54
1753139981201 0.03355 55
1753139999164 0.03285 56
1753140017579 0.03223 57
1753140035986 0.0316 58
1753140053708 0.03102 59
1753140071139 0.03046 60
1753140089596 0.02995 61
1753140107595 0.0294 62
1753140125202 0.02901 63
1753140143685 0.02855 64
1753140161287 0.02816 65
1753140179587 0.02777 66
1753140197937 0.02736 67
1753140215833 0.02702 68
1753140234038 0.02672 69
1753140252615 0.02638 70
1753140270660 0.02611 71
1753140289301 0.02582 72
1753140308080 0.02553 73
1753140326319 0.02528 74
1753140344610 0.02499 75
1753140362621 0.02477 76
1753140380928 0.02454 77
1753140399139 0.02435 78
1753140417339 0.02416 79
1753140435894 0.02398 80
1753140454204 0.02377 81
1753140472751 0.02357 82
1753140491522 0.0234 83
1753140509614 0.02325 84
1753140527624 0.02309 85
1753140545712 0.02291 86
1753140563397 0.0228 87
1753140581663 0.0226 88
1753140600004 0.02255 89
1753140618409 0.02236 90
1753140637026 0.02223 91
1753140654949 0.02208 92
1753140673379 0.02199 93
1753140692214 0.02188 94
1753140710673 0.02177 95
1753140728764 0.02166 96
1753140747432 0.02152 97
1753140765808 0.02145 98
1753140783960 0.02134 99
1753140802430 0.02128 100
1753140821073 0.02117 101
1753140839298 0.02105 102
1753140857990 0.02101 103
1753140875957 0.02091 104
1753140894550 0.02088 105
1753140912750 0.02074 106
1753140931308 0.02067 107
1753140950279 0.02059 108
1753140968637 0.02049 109
1753140987123 0.02046 110
1753141005007 0.02044 111
1753141023619 0.02032 112
1753141041744 0.02027 113
1753141060367 0.02022 114
1753141078147 0.02018 115
1753141096668 0.02008 116
1753141115026 0.02002 117
1753141133495 0.01994 118
1753141152463 0.01993 119
1753141171059 0.0199 120
1753141189555 0.01983 121
1753141208026 0.01972 122
1753141226544 0.01971 123
1753141245166 0.01963 124
1753141263365 0.01961 125
1753141281581 0.01955 126
1753141300465 0.01953 127
1753141318616 0.01948 128
1753141336425 0.01945 129
1753141354630 0.0194 130
1753141372309 0.01934 131
1753141390154 0.01931 132
1753141408533 0.01924 133
1753141426976 0.0192 134
1753141444899 0.0192 135
1753141462834 0.01919 136
1753141481501 0.01912 137
1753141499810 0.0191 138
1753141518078 0.01902 139
1753141536036 0.01902 140
1753141554209 0.01895 141
1753141572418 0.01896 142
1753141591188 0.01888 143
1753141609780 0.01888 144
1753141627934 0.01884 145
1753141646048 0.01878 146
1753141664489 0.01876 147
1753141682583 0.01876 148
1753141700915 0.01872 149
1753141719606 0.0187 150
1753141737927 0.01865 151
1753141756037 0.01864 152
1753141774722 0.01864 153
1753141792904 0.01855 154
1753141811271 0.01854 155
1753141828884 0.0185 156
1753141846962 0.01852 157
1753141865730 0.01849 158
1753141884404 0.01843 159
1753141902548 0.01838 160
1753141920116 0.01836 161
1753141937937 0.01845 162
1753141956124 0.01839 163
1753141974200 0.01834 164
1753141991546 0.01831 165
1753142009457 0.01828 166
1753142027492 0.01825 167
1753142045513 0.01825 168
1753142063503 0.01825 169
1753142081718 0.01822 170
1753142100119 0.01816 171
1753142117824 0.01819 172
1753142135148 0.01818 173
1753142153359 0.01813 174
1753142171955 0.01808 175
1753142190250 0.0181 176
1753142208274 0.0181 177
1753142226733 0.01806 178
1753142245071 0.01803 179
1753142262769 0.01798 180
1753142280771 0.01799 181
1753142298343 0.01796 182
1753142316536 0.01797 183
1753142335107 0.01796 184
1753142353495 0.01795 185
1753142371637 0.01795 186
1753142390247 0.01787 187
1753142408320 0.01792 188
1753142426058 0.01782 189
1753142443669 0.01786 190
1753142461877 0.01782 191
1753142480795 0.01786 192
1753142498466 0.01776 193
1753142516430 0.01775 194
1753142534154 0.01778 195
1753142552441 0.01777 196
1753142571208 0.01773 197
1753142589768 0.01767 198
1753142607588 0.01773 199
1753142625707 0.01773 200
1753142643962 0.01771 201
1753142662425 0.01765 202
1753142680455 0.01765 203
1753142698720 0.01764 204
1753142717396 0.01763 205
1753142735700 0.01761 206
1753142753917 0.01767 207
1753142772093 0.01763 208
1753142790018 0.01758 209
1753142807894 0.01754 210
1753142825361 0.01757 211
1753142843939 0.01755 212
1753142862599 0.01755 213
1753142881213 0.01751 214
1753142899860 0.01753 215
1753142918115 0.01751 216
1753142936880 0.01752 217
1753142955116 0.01751 218
1753142973541 0.01748 219
1753142991991 0.01745 220
1753143010653 0.01751 221
1753143028994 0.01746 222
1753143047134 0.01744 223
1753143065581 0.01744 224
1753143083611 0.01743 225
1753143101980 0.01741 226
1753143120354 0.01739 227
1753143138355 0.01741 228
1753143156367 0.01739 229
1753143174450 0.01738 230
1753143192599 0.01738 231
1753143211411 0.01736 232
1753143229976 0.01738 233
1753143248348 0.01734 234
1753143266684 0.01733 235
1753143285625 0.0173 236
1753143303718 0.01731 237
1753143321888 0.01732 238
1753143340162 0.01735 239
1753143358677 0.01729 240
1753143376864 0.01725 241
1753143394757 0.01722 242
1753143413066 0.01727 243
1753143431586 0.01724 244
1753143450308 0.01724 245
1753143468879 0.01726 246
1753143487224 0.01723 247
1753143504984 0.01719 248
1753143523336 0.01723 249
1753143541294 0.01722 250
1753143559095 0.01717 251
1753143577327 0.01716 252
1753143595526 0.01718 253
1753143613337 0.01721 254
1753143631447 0.01721 255
1753143649130 0.01716 256
1753143667166 0.01715 257
1753143685183 0.01717 258
1753143703562 0.01717 259
1753143722126 0.01716 260
1753143740817 0.01713 261
1753143758851 0.01712 262
1753143777280 0.01709 263
1753143795258 0.01709 264
1753143813216 0.01712 265
1753143831556 0.01707 266
1753143849777 0.01713 267
1753143867773 0.01712 268
1753143885861 0.0171 269
1753143904418 0.0171 270
1753143922444 0.01704 271
1753143940459 0.01705 272
1753143958574 0.01702 273
1753143976822 0.01699 274
1753143995110 0.017 275
1753144013042 0.01702 276
1753144031078 0.01711 277
1753144049976 0.01704 278
1753144067988 0.017 279
1753144086517 0.01702 280
1753144104585 0.01699 281
1753144122859 0.01704 282
1753144140402 0.01703 283
1753144159226 0.01697 284
1753144177788 0.017 285
1753144195673 0.01702 286
1753144213854 0.01697 287
1753144232195 0.01698 288
1753144250662 0.01699 289
1753144268599 0.01697 290
1753144286798 0.01697 291
1753144305312 0.01696 292
1753144322871 0.01697 293
1753144341136 0.01698 294
1753144359256 0.01691 295
1753144377283 0.01692 296
1753144395122 0.01692 297
1753144413133 0.01693 298
1753144431342 0.01695 299
1753144449382 0.01691 300
