1753333745488 1.0 0
1753333759269 2.0 0
1753333773099 3.0 0
1753333787043 4.0 0
1753333801116 5.0 0
1753333814541 6.0 0
1753333828401 7.0 0
1753333842093 8.0 0
1753333855720 9.0 0
1753333869295 10.0 0
1753333882872 11.0 0
1753333896707 12.0 0
1753333910233 13.0 0
1753333924015 14.0 0
1753333937591 15.0 0
1753333951460 16.0 0
1753333965337 17.0 0
1753333978865 18.0 0
1753333992693 19.0 0
1753334006565 20.0 0
1753334020138 21.0 0
1753334033638 22.0 0
1753334047316 23.0 0
1753334061229 24.0 0
1753334075148 25.0 0
1753334088862 26.0 0
1753334102877 27.0 0
1753334116939 28.0 0
1753334130543 29.0 0
1753334144151 30.0 0
1753334157917 31.0 0
1753334171355 32.0 0
1753334185085 33.0 0
1753334198768 34.0 0
1753334212453 35.0 0
1753334225994 36.0 0
1753334239543 37.0 0
1753334253378 38.0 0
1753334267173 39.0 0
1753334280923 40.0 0
1753334294692 41.0 0
1753334308593 42.0 0
1753334322166 43.0 0
1753334349428 45.0 0
1753334363235 46.0 0
1753334376842 47.0 0
1753334390588 48.0 0
1753334404352 49.0 0
1753334418074 50.0 0
1753334431628 51.0 0
1753334445235 52.0 0
1753334458996 53.0 0
1753334486240 55.0 0
1753334499923 56.0 0
1753334513548 57.0 0
1753334527370 58.0 0
1753334555161 60.0 0
1753334568929 61.0 0
1753334596506 63.0 0
1753334610345 64.0 0
1753334624143 65.0 0
1753334651378 67.0 0
1753334665003 68.0 0
1753334719909 72.0 0
1753334760750 75.0 0
1753334828953 80.0 0
1753334883517 84.0 0
1753334938896 88.0 0
1753334965908 90.0 0
