1753333732088 0.77222 1
1753333748105 0.65388 2
1753333761931 0.6028 3
1753333775891 0.56321 4
1753333789933 0.52519 5
1753333803700 0.48799 6
1753333817218 0.45201 7
1753333831041 0.41808 8
1753333844729 0.38606 9
1753333858389 0.35608 10
1753333871909 0.32819 11
1753333885573 0.30221 12
1753333899407 0.27583 13
1753333912833 0.2471 14
1753333926559 0.22047 15
1753333940322 0.19679 16
1753333954131 0.17607 17
1753333967896 0.15803 18
1753333981489 0.14244 19
1753333995391 0.12896 20
1753334009196 0.11729 21
1753334022741 0.10715 22
1753334036253 0.09839 23
1753334049957 0.09075 24
1753334063938 0.08414 25
1753334077799 0.07827 26
1753334091503 0.07312 27
1753334105636 0.06858 28
1753334119547 0.06457 29
1753334133240 0.061 30
1753334146744 0.05779 31
1753334160481 0.05491 32
1753334173996 0.05233 33
1753334187697 0.05003 34
1753334201424 0.04792 35
1753334215111 0.04606 36
1753334228587 0.04431 37
1753334242241 0.04272 38
1753334256056 0.04125 39
1753334269874 0.0399 40
1753334283632 0.0387 41
1753334297374 0.03758 42
1753334311159 0.03659 43
1753334324834 0.03562 44
1753334338481 0.03475 45
1753334351961 0.03387 46
1753334365870 0.03311 47
1753334379525 0.03239 48
1753334393245 0.03177 49
1753334407016 0.0311 50
1753334420679 0.03053 51
1753334434227 0.03 52
1753334447837 0.02949 53
1753334461572 0.02905 54
1753334475250 0.02858 55
1753334488917 0.02812 56
1753334502496 0.02776 57
1753334516289 0.02739 58
1753334530398 0.02699 59
1753334544289 0.02665 60
1753334557812 0.02634 61
1753334571542 0.026 62
1753334585075 0.02574 63
1753334599157 0.02542 64
1753334613021 0.0252 65
1753334626728 0.025 66
1753334640491 0.02473 67
1753334654045 0.02452 68
1753334667669 0.02424 69
1753334681320 0.02403 70
1753334695151 0.02382 71
1753334708879 0.02363 72
1753334722538 0.02345 73
1753334736253 0.0233 74
1753334749817 0.02313 75
1753334763348 0.02299 76
1753334776904 0.02281 77
1753334790377 0.02266 78
1753334803975 0.0225 79
1753334817939 0.02236 80
1753334831640 0.02223 81
1753334845192 0.02209 82
1753334858679 0.022 83
1753334872184 0.02185 84
1753334886182 0.02182 85
1753334899926 0.02168 86
1753334913510 0.02151 87
1753334927577 0.02147 88
1753334941463 0.02132 89
1753334955066 0.02125 90
1753334968517 0.02112 91
1753334982287 0.02101 92
1753334995985 0.02091 93
1753335009927 0.02087 94
1753335023829 0.02071 95
1753335037782 0.02067 96
1753335051411 0.02063 97
1753335064974 0.02052 98
1753335078631 0.02043 99
1753335092494 0.02026 100
1753335106086 0.02016 101
1753335119575 0.02014 102
1753335133463 0.02006 103
1753335146977 0.02007 104
1753335160787 0.02004 105
1753335174224 0.02003 106
1753335187812 0.01998 107
1753335201546 0.01997 108
1753335215165 0.01995 109
1753335228859 0.01989 110
1753335242323 0.0199 111
1753335256023 0.01991 112
1753335269949 0.01988 113
1753335283549 0.01988 114
1753335297422 0.01986 115
1753335311013 0.0199 116
1753335324628 0.01986 117
1753335338478 0.01982 118
1753335351946 0.01987 119
1753335366003 0.01987 120
1753335379794 0.01987 121
1753335393396 0.01985 122
1753335407266 0.01982 123
1753335420713 0.01984 124
1753335434390 0.01985 125
1753335447972 0.01986 126
1753335461626 0.01986 127
1753335475449 0.01983 128
1753335489123 0.01986 129
1753335502921 0.01986 130
1753335516612 0.01984 131
1753335530080 0.01985 132
1753335543688 0.01981 133
1753335557187 0.01985 134
1753335571003 0.01984 135
1753335584683 0.01984 136
1753335598272 0.01985 137
1753335612103 0.01986 138
1753335625871 0.01983 139
1753335639429 0.01983 140
1753335653115 0.01982 141
1753335667120 0.01985 142
1753335680910 0.01984 143
1753335694435 0.01984 144
1753335708066 0.01986 145
1753335721663 0.01984 146
1753335735098 0.01985 147
1753335748762 0.01983 148
1753335762590 0.01984 149
1753335776324 0.01983 150
1753335790071 0.01982 151
1753335803540 0.01985 152
1753335817201 0.01984 153
1753335830695 0.01985 154
1753335844292 0.01984 155
1753335858030 0.01985 156
1753335871771 0.01984 157
1753335885442 0.01984 158
1753335899088 0.01984 159
1753335912755 0.01984 160
1753335926276 0.01985 161
1753335939719 0.01985 162
1753335953235 0.01979 163
1753335967036 0.01985 164
1753335980780 0.01982 165
1753335994605 0.01983 166
1753336008386 0.01983 167
1753336022188 0.01985 168
1753336035843 0.01985 169
1753336049647 0.01983 170
1753336063288 0.01984 171
1753336076931 0.01981 172
1753336090466 0.01982 173
1753336104394 0.01985 174
1753336118035 0.01985 175
1753336131609 0.01986 176
1753336145202 0.01987 177
1753336159010 0.01984 178
1753336172795 0.01982 179
1753336186512 0.01983 180
1753336200102 0.01984 181
1753336213844 0.01983 182
1753336227628 0.01982 183
1753336241031 0.01985 184
1753336254584 0.01985 185
1753336268318 0.01985 186
1753336281871 0.01985 187
1753336295408 0.01985 188
1753336309060 0.01982 189
1753336322706 0.01981 190
1753336336057 0.01985 191
1753336349713 0.01988 192
1753336363369 0.01984 193
1753336377063 0.01981 194
1753336391091 0.01983 195
1753336404981 0.01983 196
1753336418673 0.0198 197
1753336432751 0.01981 198
1753336446490 0.01982 199
1753336460034 0.01983 200
1753336473968 0.01983 201
1753336487461 0.01981 202
1753336500941 0.01983 203
1753336514718 0.01984 204
1753336528686 0.01984 205
1753336542264 0.01982 206
1753336555802 0.01983 207
1753336569483 0.01984 208
1753336583417 0.01983 209
1753336597259 0.01982 210
1753336611080 0.01982 211
1753336624847 0.01984 212
1753336638661 0.01981 213
1753336652269 0.01982 214
1753336666152 0.01979 215
1753336679707 0.01984 216
1753336693343 0.01981 217
1753336706882 0.01981 218
1753336720496 0.01983 219
1753336734268 0.01979 220
1753336747985 0.01982 221
1753336761901 0.01983 222
1753336775571 0.01981 223
1753336789284 0.01983 224
1753336803159 0.01983 225
1753336816823 0.01982 226
1753336830619 0.01982 227
1753336844303 0.01982 228
1753336857984 0.01983 229
1753336871656 0.01981 230
1753336885103 0.01984 231
1753336898684 0.01981 232
1753336912320 0.01979 233
1753336925832 0.01981 234
1753336939567 0.01984 235
1753336953152 0.01981 236
1753336966755 0.01981 237
1753336980121 0.01982 238
1753336993679 0.01982 239
1753337007496 0.0198 240
1753337021074 0.01981 241
1753337034634 0.01984 242
1753337048515 0.01983 243
1753337062152 0.01981 244
1753337075929 0.01978 245
1753337089669 0.01984 246
1753337103289 0.01983 247
1753337116982 0.01978 248
1753337130506 0.0198 249
1753337144281 0.01982 250
1753337157838 0.01979 251
1753337171597 0.01982 252
1753337184997 0.01979 253
1753337198624 0.01982 254
1753337212285 0.01981 255
1753337225905 0.01979 256
1753337239713 0.0198 257
1753337253620 0.01979 258
1753337267378 0.0198 259
1753337281066 0.01981 260
1753337294985 0.01981 261
1753337308617 0.01981 262
1753337322129 0.01982 263
1753337335789 0.01983 264
1753337349650 0.01981 265
1753337363317 0.01983 266
1753337377065 0.01982 267
1753337390570 0.01981 268
1753337404286 0.0198 269
1753337417809 0.01979 270
1753337431476 0.0198 271
1753337445361 0.0198 272
1753337458835 0.01979 273
1753337472594 0.0198 274
1753337486847 0.01984 275
1753337500619 0.01981 276
1753337514229 0.0198 277
1753337527826 0.01981 278
1753337541459 0.01981 279
1753337555184 0.01979 280
1753337568854 0.01981 281
1753337582603 0.01978 282
1753337596108 0.01978 283
1753337609791 0.01981 284
1753337623404 0.01979 285
1753337637052 0.01976 286
1753337650739 0.01981 287
1753337664393 0.01981 288
1753337678314 0.01978 289
1753337691869 0.0198 290
1753337705729 0.01981 291
1753337719519 0.01976 292
1753337733054 0.0198 293
1753337746695 0.01981 294
1753337760384 0.01978 295
1753337774039 0.01981 296
1753337787784 0.01981 297
1753337801289 0.01976 298
1753337815067 0.01979 299
1753337829065 0.01979 300
