1753333745495 0.0010000000474974513 1
1753333759274 0.0010000000474974513 2
1753333773103 0.0010000000474974513 3
1753333787047 0.0010000000474974513 4
1753333801120 0.0010000000474974513 5
1753333814545 0.0010000000474974513 6
1753333828405 0.0010000000474974513 7
1753333842097 0.0010000000474974513 8
1753333855724 0.0010000000474974513 9
1753333869303 0.0010000000474974513 10
1753333882876 0.0010000000474974513 11
1753333896711 0.0010000000474974513 12
1753333910237 0.0010000000474974513 13
1753333924020 0.0010000000474974513 14
1753333937595 0.0010000000474974513 15
1753333951469 0.0010000000474974513 16
1753333965341 0.0010000000474974513 17
1753333978869 0.0010000000474974513 18
1753333992698 0.0010000000474974513 19
1753334006573 0.0010000000474974513 20
1753334020142 0.0010000000474974513 21
1753334033642 0.0010000000474974513 22
1753334047320 0.0010000000474974513 23
1753334061234 0.0010000000474974513 24
1753334075152 0.0010000000474974513 25
1753334088866 0.0010000000474974513 26
1753334102881 0.0010000000474974513 27
1753334116943 0.0010000000474974513 28
1753334130547 0.0010000000474974513 29
1753334144155 0.0010000000474974513 30
1753334157922 0.0010000000474974513 31
1753334171360 0.0010000000474974513 32
1753334185089 0.0010000000474974513 33
1753334198773 0.0010000000474974513 34
1753334212457 0.0010000000474974513 35
1753334225998 0.0010000000474974513 36
1753334239551 0.0010000000474974513 37
1753334253382 0.0010000000474974513 38
1753334267177 0.0010000000474974513 39
1753334280927 0.0010000000474974513 40
1753334294696 0.0010000000474974513 41
1753334308602 0.0010000000474974513 42
1753334322171 0.0010000000474974513 43
1753334335833 0.0010000000474974513 44
1753334349433 0.0010000000474974513 45
1753334363239 0.0010000000474974513 46
1753334376846 0.0010000000474974513 47
1753334390592 0.0010000000474974513 48
1753334404356 0.0010000000474974513 49
1753334418078 0.0010000000474974513 50
1753334431632 0.0010000000474974513 51
1753334445239 0.0010000000474974513 52
1753334459000 0.0010000000474974513 53
1753334472658 0.0010000000474974513 54
1753334486244 0.0010000000474974513 55
1753334499927 0.0010000000474974513 56
1753334513553 0.0010000000474974513 57
1753334527374 0.0010000000474974513 58
1753334541469 0.0010000000474974513 59
1753334555165 0.0010000000474974513 60
1753334568933 0.0010000000474974513 61
1753334582406 0.0010000000474974513 62
1753334596510 0.0010000000474974513 63
1753334610349 0.0010000000474974513 64
1753334624147 0.0010000000474974513 65
1753334637859 0.0010000000474974513 66
1753334651382 0.0010000000474974513 67
1753334665007 0.0010000000474974513 68
1753334678698 0.0010000000474974513 69
1753334692554 0.0010000000474974513 70
1753334706276 0.0010000000474974513 71
1753334719914 0.0010000000474974513 72
1753334733628 0.0010000000474974513 73
1753334747124 0.0010000000474974513 74
1753334760754 0.0010000000474974513 75
1753334774339 0.0010000000474974513 76
1753334787807 0.0010000000474974513 77
1753334801421 0.0010000000474974513 78
1753334815278 0.0010000000474974513 79
1753334828957 0.0010000000474974513 80
1753334842570 0.0010000000474974513 81
1753334856058 0.0010000000474974513 82
1753334869644 0.0010000000474974513 83
1753334883521 0.0010000000474974513 84
1753334897343 0.0010000000474974513 85
1753334910866 0.0010000000474974513 86
1753334924890 0.0010000000474974513 87
1753334938901 0.0010000000474974513 88
1753334952414 0.0010000000474974513 89
1753334965912 0.0010000000474974513 90
1753334979588 0.0010000000474974513 91
1753334993229 0.0010000000474974513 92
1753335007309 0.0010000000474974513 93
1753335021197 0.0010000000474974513 94
1753335035078 0.0010000000474974513 95
1753335048820 0.0010000000474974513 96
1753335062292 0.0010000000474974513 97
1753335075947 0.0010000000474974513 98
1753335089869 0.00020000000949949026 99
1753335103405 0.00020000000949949026 100
1753335116999 0.00020000000949949026 101
1753335130770 0.00020000000949949026 102
1753335144312 0.00020000000949949026 103
1753335158160 0.00020000000949949026 104
1753335171662 0.00020000000949949026 105
1753335185274 0.00020000000949949026 106
1753335198847 0.00020000000949949026 107
1753335212570 4.0000002627493814e-05 108
1753335226224 4.0000002627493814e-05 109
1753335239798 4.0000002627493814e-05 110
1753335253437 4.0000002627493814e-05 111
1753335267109 4.0000002627493814e-05 112
1753335280866 4.0000002627493814e-05 113
1753335294806 4.0000002627493814e-05 114
1753335308342 4.0000002627493814e-05 115
1753335321941 4.0000002627493814e-05 116
1753335335812 8.000000889296643e-06 117
1753335349315 8.000000889296643e-06 118
1753335363308 8.000000889296643e-06 119
1753335377102 8.000000889296643e-06 120
1753335390821 8.000000889296643e-06 121
1753335404614 8.000000889296643e-06 122
1753335418062 8.000000889296643e-06 123
1753335431795 8.000000889296643e-06 124
1753335445346 8.000000889296643e-06 125
1753335459080 1.6000001323845936e-06 126
1753335472770 1.6000001323845936e-06 127
1753335486455 1.6000001323845936e-06 128
1753335500299 1.6000001323845936e-06 129
1753335513925 1.6000001323845936e-06 130
1753335527493 1.6000001323845936e-06 131
1753335541128 1.6000001323845936e-06 132
1753335554583 1.6000001323845936e-06 133
1753335568333 1.6000001323845936e-06 134
1753335582022 9.999999974752427e-07 135
1753335595580 9.999999974752427e-07 136
1753335609511 9.999999974752427e-07 137
1753335623197 9.999999974752427e-07 138
1753335636826 9.999999974752427e-07 139
1753335650555 9.999999974752427e-07 140
1753335664493 9.999999974752427e-07 141
1753335678218 9.999999974752427e-07 142
1753335691846 9.999999974752427e-07 143
1753335705440 9.999999974752427e-07 144
1753335718927 9.999999974752427e-07 145
1753335732413 9.999999974752427e-07 146
1753335746079 9.999999974752427e-07 147
1753335759918 9.999999974752427e-07 148
1753335773669 9.999999974752427e-07 149
1753335787441 9.999999974752427e-07 150
1753335801009 9.999999974752427e-07 151
1753335814554 9.999999974752427e-07 152
1753335828087 9.999999974752427e-07 153
1753335841702 9.999999974752427e-07 154
1753335855423 9.999999974752427e-07 155
1753335869165 9.999999974752427e-07 156
1753335882880 9.999999974752427e-07 157
1753335896381 9.999999974752427e-07 158
1753335910089 9.999999974752427e-07 159
1753335923622 9.999999974752427e-07 160
1753335937169 9.999999974752427e-07 161
1753335950603 9.999999974752427e-07 162
1753335964325 9.999999974752427e-07 163
1753335978075 9.999999974752427e-07 164
1753335991906 9.999999974752427e-07 165
1753336005439 9.999999974752427e-07 166
1753336019497 9.999999974752427e-07 167
1753336033206 9.999999974752427e-07 168
1753336046944 9.999999974752427e-07 169
1753336060620 9.999999974752427e-07 170
1753336074334 9.999999974752427e-07 171
1753336087821 9.999999974752427e-07 172
1753336101722 9.999999974752427e-07 173
1753336115340 9.999999974752427e-07 174
1753336129024 9.999999974752427e-07 175
1753336142525 9.999999974752427e-07 176
1753336156328 9.999999974752427e-07 177
1753336170217 9.999999974752427e-07 178
1753336183787 9.999999974752427e-07 179
1753336197529 9.999999974752427e-07 180
1753336211068 9.999999974752427e-07 181
1753336224891 9.999999974752427e-07 182
1753336238468 9.999999974752427e-07 183
1753336252061 9.999999974752427e-07 184
1753336265697 9.999999974752427e-07 185
1753336279259 9.999999974752427e-07 186
1753336292848 9.999999974752427e-07 187
1753336306477 9.999999974752427e-07 188
1753336320012 9.999999974752427e-07 189
1753336333571 9.999999974752427e-07 190
1753336347060 9.999999974752427e-07 191
1753336360662 9.999999974752427e-07 192
1753336374387 9.999999974752427e-07 193
1753336388404 9.999999974752427e-07 194
1753336402355 9.999999974752427e-07 195
1753336415969 9.999999974752427e-07 196
1753336430057 9.999999974752427e-07 197
1753336443845 9.999999974752427e-07 198
1753336457378 9.999999974752427e-07 199
1753336471347 9.999999974752427e-07 200
1753336484964 9.999999974752427e-07 201
1753336498284 9.999999974752427e-07 202
1753336512057 9.999999974752427e-07 203
1753336526003 9.999999974752427e-07 204
1753336539572 9.999999974752427e-07 205
1753336553218 9.999999974752427e-07 206
1753336566811 9.999999974752427e-07 207
1753336580747 9.999999974752427e-07 208
1753336594697 9.999999974752427e-07 209
1753336608439 9.999999974752427e-07 210
1753336622209 9.999999974752427e-07 211
1753336636042 9.999999974752427e-07 212
1753336649709 9.999999974752427e-07 213
1753336663599 9.999999974752427e-07 214
1753336677088 9.999999974752427e-07 215
1753336690729 9.999999974752427e-07 216
1753336704251 9.999999974752427e-07 217
1753336717798 9.999999974752427e-07 218
1753336731614 9.999999974752427e-07 219
1753336745092 9.999999974752427e-07 220
1753336759094 9.999999974752427e-07 221
1753336772843 9.999999974752427e-07 222
1753336786627 9.999999974752427e-07 223
1753336800577 9.999999974752427e-07 224
1753336814170 9.999999974752427e-07 225
1753336827961 9.999999974752427e-07 226
1753336841759 9.999999974752427e-07 227
1753336855279 9.999999974752427e-07 228
1753336868962 9.999999974752427e-07 229
1753336882606 9.999999974752427e-07 230
1753336896094 9.999999974752427e-07 231
1753336909636 9.999999974752427e-07 232
1753336923296 9.999999974752427e-07 233
1753336936964 9.999999974752427e-07 234
1753336950489 9.999999974752427e-07 235
1753336964169 9.999999974752427e-07 236
1753336977511 9.999999974752427e-07 237
1753336991056 9.999999974752427e-07 238
1753337004795 9.999999974752427e-07 239
1753337018420 9.999999974752427e-07 240
1753337032061 9.999999974752427e-07 241
1753337045893 9.999999974752427e-07 242
1753337059474 9.999999974752427e-07 243
1753337073310 9.999999974752427e-07 244
1753337087011 9.999999974752427e-07 245
1753337100618 9.999999974752427e-07 246
1753337114327 9.999999974752427e-07 247
1753337127890 9.999999974752427e-07 248
1753337141669 9.999999974752427e-07 249
1753337155242 9.999999974752427e-07 250
1753337168994 9.999999974752427e-07 251
1753337182428 9.999999974752427e-07 252
1753337195935 9.999999974752427e-07 253
1753337209649 9.999999974752427e-07 254
1753337223316 9.999999974752427e-07 255
1753337237070 9.999999974752427e-07 256
1753337250970 9.999999974752427e-07 257
1753337264773 9.999999974752427e-07 258
1753337278458 9.999999974752427e-07 259
1753337292338 9.999999974752427e-07 260
1753337306007 9.999999974752427e-07 261
1753337319541 9.999999974752427e-07 262
1753337333087 9.999999974752427e-07 263
1753337347061 9.999999974752427e-07 264
1753337360654 9.999999974752427e-07 265
1753337374480 9.999999974752427e-07 266
1753337387975 9.999999974752427e-07 267
1753337401804 9.999999974752427e-07 268
1753337415133 9.999999974752427e-07 269
1753337428866 9.999999974752427e-07 270
1753337442736 9.999999974752427e-07 271
1753337456282 9.999999974752427e-07 272
1753337469982 9.999999974752427e-07 273
1753337483811 9.999999974752427e-07 274
1753337497881 9.999999974752427e-07 275
1753337511617 9.999999974752427e-07 276
1753337525144 9.999999974752427e-07 277
1753337538843 9.999999974752427e-07 278
1753337552558 9.999999974752427e-07 279
1753337566239 9.999999974752427e-07 280
1753337579956 9.999999974752427e-07 281
1753337593430 9.999999974752427e-07 282
1753337607194 9.999999974752427e-07 283
1753337620717 9.999999974752427e-07 284
1753337634369 9.999999974752427e-07 285
1753337648193 9.999999974752427e-07 286
1753337661792 9.999999974752427e-07 287
1753337675617 9.999999974752427e-07 288
1753337689274 9.999999974752427e-07 289
1753337703174 9.999999974752427e-07 290
1753337716924 9.999999974752427e-07 291
1753337730366 9.999999974752427e-07 292
1753337744082 9.999999974752427e-07 293
1753337757786 9.999999974752427e-07 294
1753337771433 9.999999974752427e-07 295
1753337785232 9.999999974752427e-07 296
1753337798743 9.999999974752427e-07 297
1753337812484 9.999999974752427e-07 298
1753337826455 9.999999974752427e-07 299
1753337840039 9.999999974752427e-07 300
