1753354902961 1.0 0
1753354944789 2.0 0
1753354985835 3.0 0
1753355027513 4.0 0
1753355068715 5.0 0
1753355110353 6.0 0
1753355151659 7.0 0
1753355192810 8.0 0
1753355234925 9.0 0
1753355277505 10.0 0
1753355319539 11.0 0
1753355362528 12.0 0
1753355404611 13.0 0
1753355447318 14.0 0
1753355489871 15.0 0
1753355532470 16.0 0
1753355575012 17.0 0
1753355618561 18.0 0
1753355661095 19.0 0
1753355704617 20.0 0
1753355747606 21.0 0
1753355917389 25.0 0
1753355959379 26.0 0
1753356003201 27.0 0
1753356131676 30.0 0
1753356174326 31.0 0
