1753354884410 0.59768 1
1753354926677 0.43734 2
1753354968814 0.31334 3
1753355009579 0.22229 4
1753355051293 0.1596 5
1753355092378 0.118 6
1753355134035 0.09051 7
1753355175360 0.06962 8
1753355217232 0.05589 9
1753355259774 0.04725 10
1753355302262 0.04121 11
1753355344469 0.03677 12
1753355387464 0.03353 13
1753355429631 0.03095 14
1753355472578 0.02906 15
1753355514674 0.0275 16
1753355557334 0.02626 17
1753355600137 0.02522 18
1753355643385 0.02437 19
1753355686237 0.02371 20
1753355729510 0.02307 21
1753355772655 0.02255 22
1753355814665 0.02215 23
1753355857489 0.02181 24
1753355900477 0.02147 25
1753355942263 0.02117 26
1753355984702 0.02089 27
1753356028163 0.02067 28
1753356070834 0.02045 29
1753356113998 0.02027 30
1753356156590 0.02011 31
1753356199586 0.01996 32
1753356242391 0.01984 33
1753356284811 0.01968 34
1753356327740 0.01959 35
1753356370794 0.01945 36
1753356414406 0.01937 37
1753356457367 0.01931 38
1753356499715 0.01921 39
1753356542104 0.01915 40
1753356584673 0.01889 41
1753356628022 0.01885 42
1753356670644 0.01881 43
1753356713374 0.01878 44
1753356756391 0.01873 45
1753356799068 0.0187 46
1753356841572 0.01871 47
1753356884224 0.01868 48
1753356926395 0.01867 49
1753356968779 0.0186 50
1753357011170 0.01856 51
1753357053965 0.01858 52
1753357095952 0.01857 53
1753357138133 0.01857 54
1753357180927 0.01856 55
1753357223735 0.01856 56
1753357266267 0.01855 57
1753357309008 0.01853 58
1753357352338 0.01853 59
1753357394633 0.01849 60
1753357437728 0.01852 61
1753357479950 0.0185 62
1753357522825 0.0185 63
1753357565974 0.0185 64
1753357608508 0.01851 65
1753357651197 0.01849 66
1753357693762 0.01846 67
1753357736302 0.0185 68
1753357778938 0.01848 69
1753357821709 0.0185 70
1753357863258 0.01848 71
1753357906255 0.0185 72
1753357948829 0.01848 73
1753357992034 0.01849 74
1753358035063 0.01849 75
1753358077996 0.0185 76
1753358120193 0.01852 77
1753358163166 0.01849 78
1753358205529 0.01847 79
1753358247472 0.01851 80
1753358289976 0.0185 81
1753358332561 0.01851 82
1753358375669 0.01849 83
1753358419234 0.0185 84
1753358461597 0.0185 85
1753358505146 0.0185 86
1753358547185 0.0185 87
1753358590291 0.0185 88
1753358633527 0.01847 89
1753358676829 0.0185 90
1753358719256 0.01849 91
1753358762576 0.0185 92
1753358804828 0.01846 93
1753358847248 0.0185 94
1753358890275 0.01849 95
1753358932503 0.01849 96
1753358973984 0.01848 97
1753359016421 0.01849 98
1753359059109 0.0185 99
1753359101840 0.01851 100
1753359145354 0.0185 101
1753359187868 0.01849 102
1753359231054 0.01847 103
1753359273426 0.01848 104
1753359315918 0.01851 105
1753359358604 0.0185 106
1753359400395 0.01847 107
1753359443617 0.01848 108
1753359486678 0.01848 109
1753359529246 0.01849 110
1753359571349 0.01849 111
1753359614258 0.01847 112
1753359656130 0.01848 113
1753359697924 0.01849 114
1753359739601 0.01848 115
1753359780718 0.01849 116
1753359823607 0.01848 117
1753359865202 0.01848 118
1753359907824 0.01849 119
1753359950206 0.01847 120
1753359992212 0.01847 121
1753360034845 0.01849 122
1753360078103 0.01849 123
1753360120314 0.01848 124
1753360163138 0.01849 125
1753360206419 0.01847 126
1753360249065 0.01847 127
1753360292185 0.01848 128
1753360334939 0.0185 129
1753360377424 0.01846 130
1753360420546 0.01848 131
1753360462956 0.01847 132
1753360508952 0.01849 133
1753360551560 0.01847 134
1753360594340 0.01846 135
1753360636803 0.01847 136
1753360678981 0.01846 137
1753360721490 0.01846 138
1753360763964 0.01848 139
1753360806228 0.01847 140
1753360849272 0.01848 141
1753360892560 0.01848 142
1753360934391 0.01845 143
1753360977612 0.01847 144
1753361020147 0.01846 145
1753361062595 0.01845 146
1753361104994 0.01848 147
1753361147632 0.0185 148
1753361190795 0.01848 149
1753361234100 0.01845 150
1753361276943 0.01845 151
1753361319649 0.01844 152
1753361362372 0.01844 153
1753361405059 0.01847 154
1753361448202 0.01846 155
1753361490891 0.01847 156
1753361533895 0.01845 157
1753361576532 0.01844 158
1753361619191 0.01845 159
1753361662135 0.01844 160
1753361704653 0.01845 161
1753361747595 0.01846 162
1753361790915 0.01843 163
1753361834243 0.01847 164
1753361877168 0.01846 165
1753361919893 0.01845 166
1753361961707 0.01846 167
1753362004318 0.01847 168
1753362046912 0.01845 169
1753362089615 0.01845 170
1753362133185 0.01843 171
1753362175744 0.01844 172
1753362218235 0.01846 173
1753362261370 0.01846 174
1753362303185 0.01845 175
1753362346385 0.01846 176
1753362388764 0.01843 177
1753362432015 0.01845 178
1753362474584 0.01844 179
1753362517058 0.01846 180
1753362559758 0.01844 181
1753362603065 0.01845 182
1753362645649 0.01846 183
1753362687391 0.01845 184
1753362729485 0.01845 185
1753362771276 0.01844 186
1753362812294 0.01844 187
1753362853978 0.01843 188
1753362895816 0.01843 189
1753362937741 0.01844 190
1753362979715 0.01845 191
1753363021898 0.01843 192
1753363063463 0.01843 193
1753363105198 0.01844 194
1753363147114 0.01843 195
1753363188928 0.01844 196
1753363230692 0.01844 197
1753363273079 0.01842 198
1753363315046 0.01843 199
1753363356675 0.01842 200
1753363398739 0.01844 201
1753363440664 0.01842 202
1753363482346 0.01844 203
1753363523738 0.01843 204
1753363565591 0.01842 205
1753363607607 0.01843 206
1753363649580 0.01841 207
1753363691683 0.01843 208
1753363733266 0.01844 209
1753363775033 0.0184 210
1753363816235 0.01843 211
1753363858148 0.01842 212
1753363899255 0.01841 213
1753363941368 0.01842 214
1753363984502 0.01841 215
1753364027355 0.01841 216
1753364069504 0.01841 217
1753364111437 0.01843 218
1753364153216 0.01842 219
1753364194990 0.0184 220
1753364237219 0.01844 221
1753364279106 0.01842 222
1753364321660 0.01842 223
1753364363493 0.01841 224
1753364405562 0.01842 225
1753364447227 0.01842 226
1753364489731 0.0184 227
1753364532411 0.01839 228
1753364574876 0.01841 229
1753364616806 0.01842 230
1753364659614 0.01841 231
1753364702154 0.01839 232
1753364744183 0.01841 233
1753364786113 0.01841 234
1753364828691 0.01841 235
1753364870729 0.01844 236
1753364912962 0.01841 237
1753364954900 0.01843 238
1753364997449 0.01842 239
1753365039424 0.01839 240
1753365081185 0.01839 241
1753365124014 0.0184 242
1753365166407 0.01838 243
1753365208055 0.01841 244
1753365250718 0.01839 245
1753365293179 0.01839 246
1753365335845 0.01839 247
1753365378280 0.01841 248
1753365420831 0.01838 249
1753365463288 0.0184 250
1753365505619 0.01839 251
1753365547873 0.0184 252
1753365590479 0.01839 253
1753365633374 0.01842 254
1753365676348 0.01839 255
1753365718125 0.01839 256
1753365761067 0.01839 257
1753365803459 0.0184 258
1753365846129 0.01839 259
1753365888721 0.01842 260
1753365931204 0.01841 261
1753365973937 0.01839 262
1753366017367 0.01839 263
1753366060820 0.01841 264
1753366103580 0.01839 265
1753366146609 0.01839 266
1753366190133 0.01837 267
1753366233252 0.0184 268
1753366276552 0.0184 269
1753366319443 0.01838 270
1753366362668 0.01841 271
1753366405224 0.01839 272
1753366448368 0.01836 273
1753366490280 0.01837 274
1753366532948 0.01838 275
1753366576165 0.01839 276
1753366618201 0.01839 277
1753366661392 0.01838 278
1753366704048 0.01838 279
1753366747007 0.01839 280
1753366789629 0.01839 281
1753366832245 0.01838 282
1753366875634 0.01839 283
1753366918185 0.01837 284
1753366961461 0.01836 285
1753367003294 0.01839 286
1753367046192 0.01837 287
1753367089265 0.01837 288
1753367131994 0.01836 289
1753367174761 0.01836 290
1753367218013 0.01837 291
1753367260272 0.01838 292
1753367302315 0.01837 293
1753367343716 0.01837 294
1753367385671 0.01838 295
1753367427335 0.01838 296
1753367469220 0.01836 297
1753367511033 0.01838 298
1753367553051 0.01835 299
1753367595047 0.01839 300
