1753354902969 0.0010000000474974513 1
1753354944797 0.0010000000474974513 2
1753354985847 0.0010000000474974513 3
1753355027521 0.0010000000474974513 4
1753355068722 0.0010000000474974513 5
1753355110360 0.0010000000474974513 6
1753355151667 0.0010000000474974513 7
1753355192817 0.0010000000474974513 8
1753355234932 0.0010000000474974513 9
1753355277511 0.0010000000474974513 10
1753355319549 0.0010000000474974513 11
1753355362536 0.0010000000474974513 12
1753355404618 0.0010000000474974513 13
1753355447325 0.0010000000474974513 14
1753355489880 0.0010000000474974513 15
1753355532477 0.0010000000474974513 16
1753355575017 0.0010000000474974513 17
1753355618571 0.0010000000474974513 18
1753355661102 0.0010000000474974513 19
1753355704623 0.0010000000474974513 20
1753355747612 0.0010000000474974513 21
1753355789490 0.0010000000474974513 22
1753355832323 0.0010000000474974513 23
1753355875214 0.0010000000474974513 24
1753355917399 0.0010000000474974513 25
1753355959387 0.0010000000474974513 26
1753356003207 0.0010000000474974513 27
1753356045846 0.0010000000474974513 28
1753356089229 0.0010000000474974513 29
1753356131682 0.0010000000474974513 30
1753356174332 0.0010000000474974513 31
1753356217257 0.0010000000474974513 32
1753356260009 0.0010000000474974513 33
1753356302683 0.0010000000474974513 34
1753356346099 0.0010000000474974513 35
1753356389186 0.0010000000474974513 36
1753356432493 0.0010000000474974513 37
1753356474585 0.0010000000474974513 38
1753356516756 0.0010000000474974513 39
1753356559634 0.00020000000949949026 40
1753356602943 0.00020000000949949026 41
1753356645604 0.00020000000949949026 42
1753356688198 0.00020000000949949026 43
1753356731739 0.00020000000949949026 44
1753356774110 0.00020000000949949026 45
1753356816847 0.00020000000949949026 46
1753356859128 0.00020000000949949026 47
1753356901648 0.00020000000949949026 48
1753356943991 4.0000002627493814e-05 49
1753356986298 4.0000002627493814e-05 50
1753357028957 4.0000002627493814e-05 51
1753357071269 4.0000002627493814e-05 52
1753357112824 4.0000002627493814e-05 53
1753357155791 4.0000002627493814e-05 54
1753357198629 4.0000002627493814e-05 55
1753357241328 4.0000002627493814e-05 56
1753357283957 4.0000002627493814e-05 57
1753357327720 8.000000889296643e-06 58
1753357370002 8.000000889296643e-06 59
1753357412836 8.000000889296643e-06 60
1753357454842 8.000000889296643e-06 61
1753357497648 8.000000889296643e-06 62
1753357541210 8.000000889296643e-06 63
1753357583676 8.000000889296643e-06 64
1753357626180 8.000000889296643e-06 65
1753357668889 8.000000889296643e-06 66
1753357711446 1.6000001323845936e-06 67
1753357753980 1.6000001323845936e-06 68
1753357796576 1.6000001323845936e-06 69
1753357838480 1.6000001323845936e-06 70
1753357881610 1.6000001323845936e-06 71
1753357923910 1.6000001323845936e-06 72
1753357967169 1.6000001323845936e-06 73
1753358009703 1.6000001323845936e-06 74
1753358052848 1.6000001323845936e-06 75
1753358095638 9.999999974752427e-07 76
1753358138298 9.999999974752427e-07 77
1753358180877 9.999999974752427e-07 78
1753358222372 9.999999974752427e-07 79
1753358265153 9.999999974752427e-07 80
1753358307693 9.999999974752427e-07 81
1753358350740 9.999999974752427e-07 82
1753358394493 9.999999974752427e-07 83
1753358436953 9.999999974752427e-07 84
1753358479880 9.999999974752427e-07 85
1753358522072 9.999999974752427e-07 86
1753358565528 9.999999974752427e-07 87
1753358608605 9.999999974752427e-07 88
1753358651801 9.999999974752427e-07 89
1753358694390 9.999999974752427e-07 90
1753358737563 9.999999974752427e-07 91
1753358779883 9.999999974752427e-07 92
1753358822482 9.999999974752427e-07 93
1753358865426 9.999999974752427e-07 94
1753358907845 9.999999974752427e-07 95
1753358949344 9.999999974752427e-07 96
1753358991606 9.999999974752427e-07 97
1753359034201 9.999999974752427e-07 98
1753359076818 9.999999974752427e-07 99
1753359120130 9.999999974752427e-07 100
1753359163043 9.999999974752427e-07 101
1753359206147 9.999999974752427e-07 102
1753359248574 9.999999974752427e-07 103
1753359291379 9.999999974752427e-07 104
1753359333615 9.999999974752427e-07 105
1753359375441 9.999999974752427e-07 106
1753359418636 9.999999974752427e-07 107
1753359461846 9.999999974752427e-07 108
1753359504420 9.999999974752427e-07 109
1753359546527 9.999999974752427e-07 110
1753359590241 9.999999974752427e-07 111
1753359631830 9.999999974752427e-07 112
1753359673722 9.999999974752427e-07 113
1753359715649 9.999999974752427e-07 114
1753359756496 9.999999974752427e-07 115
1753359799343 9.999999974752427e-07 116
1753359841007 9.999999974752427e-07 117
1753359883492 9.999999974752427e-07 118
1753359926054 9.999999974752427e-07 119
1753359967730 9.999999974752427e-07 120
1753360009928 9.999999974752427e-07 121
1753360053143 9.999999974752427e-07 122
1753360095371 9.999999974752427e-07 123
1753360138013 9.999999974752427e-07 124
1753360181406 9.999999974752427e-07 125
1753360224288 9.999999974752427e-07 126
1753360267347 9.999999974752427e-07 127
1753360309841 9.999999974752427e-07 128
1753360352552 9.999999974752427e-07 129
1753360395651 9.999999974752427e-07 130
1753360438116 9.999999974752427e-07 131
1753360484411 9.999999974752427e-07 132
1753360526608 9.999999974752427e-07 133
1753360569483 9.999999974752427e-07 134
1753360612041 9.999999974752427e-07 135
1753360653787 9.999999974752427e-07 136
1753360696624 9.999999974752427e-07 137
1753360739168 9.999999974752427e-07 138
1753360781103 9.999999974752427e-07 139
1753360824068 9.999999974752427e-07 140
1753360868010 9.999999974752427e-07 141
1753360909565 9.999999974752427e-07 142
1753360952732 9.999999974752427e-07 143
1753360995368 9.999999974752427e-07 144
1753361037778 9.999999974752427e-07 145
1753361080212 9.999999974752427e-07 146
1753361122640 9.999999974752427e-07 147
1753361165941 9.999999974752427e-07 148
1753361209144 9.999999974752427e-07 149
1753361251698 9.999999974752427e-07 150
1753361294873 9.999999974752427e-07 151
1753361337398 9.999999974752427e-07 152
1753361380183 9.999999974752427e-07 153
1753361423106 9.999999974752427e-07 154
1753361465898 9.999999974752427e-07 155
1753361508695 9.999999974752427e-07 156
1753361551555 9.999999974752427e-07 157
1753361594394 9.999999974752427e-07 158
1753361637024 9.999999974752427e-07 159
1753361679992 9.999999974752427e-07 160
1753361722522 9.999999974752427e-07 161
1753361765904 9.999999974752427e-07 162
1753361809285 9.999999974752427e-07 163
1753361852081 9.999999974752427e-07 164
1753361894943 9.999999974752427e-07 165
1753361936786 9.999999974752427e-07 166
1753361979588 9.999999974752427e-07 167
1753362022080 9.999999974752427e-07 168
1753362064742 9.999999974752427e-07 169
1753362108110 9.999999974752427e-07 170
1753362150997 9.999999974752427e-07 171
1753362192707 9.999999974752427e-07 172
1753362236595 9.999999974752427e-07 173
1753362278440 9.999999974752427e-07 174
1753362321529 9.999999974752427e-07 175
1753362363924 9.999999974752427e-07 176
1753362407123 9.999999974752427e-07 177
1753362449785 9.999999974752427e-07 178
1753362492182 9.999999974752427e-07 179
1753362534489 9.999999974752427e-07 180
1753362578121 9.999999974752427e-07 181
1753362621427 9.999999974752427e-07 182
1753362663334 9.999999974752427e-07 183
1753362704940 9.999999974752427e-07 184
1753362747037 9.999999974752427e-07 185
1753362788096 9.999999974752427e-07 186
1753362829805 9.999999974752427e-07 187
1753362871514 9.999999974752427e-07 188
1753362913376 9.999999974752427e-07 189
1753362955480 9.999999974752427e-07 190
1753362997820 9.999999974752427e-07 191
1753363038990 9.999999974752427e-07 192
1753363081017 9.999999974752427e-07 193
1753363122735 9.999999974752427e-07 194
1753363164647 9.999999974752427e-07 195
1753363206456 9.999999974752427e-07 196
1753363249021 9.999999974752427e-07 197
1753363290810 9.999999974752427e-07 198
1753363332589 9.999999974752427e-07 199
1753363374203 9.999999974752427e-07 200
1753363416311 9.999999974752427e-07 201
1753363458209 9.999999974752427e-07 202
1753363499314 9.999999974752427e-07 203
1753363541447 9.999999974752427e-07 204
1753363583247 9.999999974752427e-07 205
1753363625488 9.999999974752427e-07 206
1753363667300 9.999999974752427e-07 207
1753363709064 9.999999974752427e-07 208
1753363750725 9.999999974752427e-07 209
1753363791815 9.999999974752427e-07 210
1753363833859 9.999999974752427e-07 211
1753363874999 9.999999974752427e-07 212
1753363916934 9.999999974752427e-07 213
1753363960187 9.999999974752427e-07 214
1753364002817 9.999999974752427e-07 215
1753364045148 9.999999974752427e-07 216
1753364087134 9.999999974752427e-07 217
1753364129090 9.999999974752427e-07 218
1753364170751 9.999999974752427e-07 219
1753364212564 9.999999974752427e-07 220
1753364254840 9.999999974752427e-07 221
1753364297399 9.999999974752427e-07 222
1753364339313 9.999999974752427e-07 223
1753364381061 9.999999974752427e-07 224
1753364422990 9.999999974752427e-07 225
1753364465532 9.999999974752427e-07 226
1753364508010 9.999999974752427e-07 227
1753364550692 9.999999974752427e-07 228
1753364592495 9.999999974752427e-07 229
1753364635111 9.999999974752427e-07 230
1753364677914 9.999999974752427e-07 231
1753364719955 9.999999974752427e-07 232
1753364761831 9.999999974752427e-07 233
1753364804443 9.999999974752427e-07 234
1753364846475 9.999999974752427e-07 235
1753364888503 9.999999974752427e-07 236
1753364930670 9.999999974752427e-07 237
1753364973225 9.999999974752427e-07 238
1753365015106 9.999999974752427e-07 239
1753365056945 9.999999974752427e-07 240
1753365099704 9.999999974752427e-07 241
1753365142346 9.999999974752427e-07 242
1753365184015 9.999999974752427e-07 243
1753365226347 9.999999974752427e-07 244
1753365268982 9.999999974752427e-07 245
1753365311474 9.999999974752427e-07 246
1753365354219 9.999999974752427e-07 247
1753365396569 9.999999974752427e-07 248
1753365439137 9.999999974752427e-07 249
1753365480980 9.999999974752427e-07 250
1753365523672 9.999999974752427e-07 251
1753365566205 9.999999974752427e-07 252
1753365609310 9.999999974752427e-07 253
1753365652035 9.999999974752427e-07 254
1753365694098 9.999999974752427e-07 255
1753365736521 9.999999974752427e-07 256
1753365779319 9.999999974752427e-07 257
1753365821861 9.999999974752427e-07 258
1753365864442 9.999999974752427e-07 259
1753365907103 9.999999974752427e-07 260
1753365949529 9.999999974752427e-07 261
1753365992246 9.999999974752427e-07 262
1753366036204 9.999999974752427e-07 263
1753366078680 9.999999974752427e-07 264
1753366121513 9.999999974752427e-07 265
1753366165026 9.999999974752427e-07 266
1753366208486 9.999999974752427e-07 267
1753366251500 9.999999974752427e-07 268
1753366294717 9.999999974752427e-07 269
1753366337344 9.999999974752427e-07 270
1753366380401 9.999999974752427e-07 271
1753366423587 9.999999974752427e-07 272
1753366465443 9.999999974752427e-07 273
1753366507867 9.999999974752427e-07 274
1753366551301 9.999999974752427e-07 275
1753366593364 9.999999974752427e-07 276
1753366635978 9.999999974752427e-07 277
1753366679123 9.999999974752427e-07 278
1753366722391 9.999999974752427e-07 279
1753366764582 9.999999974752427e-07 280
1753366807321 9.999999974752427e-07 281
1753366850573 9.999999974752427e-07 282
1753366893236 9.999999974752427e-07 283
1753366936501 9.999999974752427e-07 284
1753366978414 9.999999974752427e-07 285
1753367021122 9.999999974752427e-07 286
1753367064239 9.999999974752427e-07 287
1753367107072 9.999999974752427e-07 288
1753367149840 9.999999974752427e-07 289
1753367192973 9.999999974752427e-07 290
1753367235264 9.999999974752427e-07 291
1753367278063 9.999999974752427e-07 292
1753367319593 9.999999974752427e-07 293
1753367361412 9.999999974752427e-07 294
1753367403303 9.999999974752427e-07 295
1753367444979 9.999999974752427e-07 296
1753367486920 9.999999974752427e-07 297
1753367528697 9.999999974752427e-07 298
1753367570860 9.999999974752427e-07 299
1753367612861 9.999999974752427e-07 300
