1753229715946 1.0 0
1753229734733 2.0 0
1753229753385 3.0 0
1753229771873 4.0 0
1753229790750 5.0 0
1753229809488 6.0 0
1753229828551 7.0 0
1753229847417 8.0 0
1753229866390 9.0 0
1753229885462 10.0 0
1753229904901 11.0 0
1753229923810 12.0 0
1753229942483 13.0 0
1753229961381 14.0 0
1753229999255 16.0 0
1753230017823 17.0 0
1753230036283 18.0 0
1753230054994 19.0 0
1753230073695 20.0 0
1753230092760 21.0 0
1753230111531 22.0 0
1753230149310 24.0 0
1753230168125 25.0 0
1753230205587 27.0 0
1753230224361 28.0 0
1753230243793 29.0 0
1753230262751 30.0 0
1753230301364 32.0 0
1753230395196 37.0 0
1753230414031 38.0 0
1753230432732 39.0 0
1753230451911 40.0 0
1753230470781 41.0 0
1753230509215 43.0 0
1753230528303 44.0 0
1753230547421 45.0 0
1753230699458 53.0 0
1753230756286 56.0 0
1753230775313 57.0 0
