1753229701557 0.53474 1
1753229720696 0.41293 2
1753229739554 0.34848 3
1753229758075 0.29899 4
1753229776568 0.25414 5
1753229795450 0.21118 6
1753229814144 0.17469 7
1753229833184 0.14574 8
1753229852050 0.12283 9
1753229871065 0.10467 10
1753229890177 0.09037 11
1753229909584 0.07899 12
1753229928508 0.06999 13
1753229947133 0.06258 14
1753229966023 0.05633 15
1753229984655 0.0505 16
1753230003927 0.04604 17
1753230022471 0.04267 18
1753230040935 0.03977 19
1753230059683 0.03739 20
1753230078277 0.0354 21
1753230097506 0.03368 22
1753230116201 0.0322 23
1753230135164 0.03094 24
1753230154023 0.0298 25
1753230172849 0.02883 26
1753230191443 0.02805 27
1753230210263 0.02724 28
1753230229044 0.02656 29
1753230248517 0.02591 30
1753230267448 0.0254 31
1753230286795 0.02494 32
1753230306085 0.02448 33
1753230324898 0.02412 34
1753230343737 0.02376 35
1753230362746 0.02339 36
1753230381298 0.02308 37
1753230399856 0.02283 38
1753230418671 0.02259 39
1753230437336 0.02233 40
1753230456558 0.02216 41
1753230475391 0.02192 42
1753230494824 0.02173 43
1753230513799 0.02156 44
1753230532939 0.02136 45
1753230552039 0.0212 46
1753230571390 0.02107 47
1753230590390 0.02094 48
1753230609710 0.02082 49
1753230628561 0.0207 50
1753230647367 0.0206 51
1753230666211 0.0205 52
1753230685223 0.0204 53
1753230704060 0.02034 54
1753230722823 0.02018 55
1753230741878 0.02018 56
1753230760891 0.02006 57
1753230779903 0.01996 58
1753230798755 0.01988 59
1753230817657 0.01979 60
1753230836567 0.01977 61
1753230855436 0.01974 62
1753230874077 0.01966 63
1753230892882 0.01956 64
1753230911441 0.01951 65
1753230930772 0.01945 66
1753230949547 0.01933 67
1753230968140 0.01931 68
1753230987042 0.0193 69
1753231005655 0.01921 70
1753231024003 0.0192 71
1753231042401 0.01911 72
1753231061112 0.01909 73
1753231079854 0.01908 74
1753231098762 0.019 75
1753231117861 0.01897 76
1753231137112 0.01895 77
1753231156181 0.01896 78
1753231174803 0.01885 79
1753231193780 0.01882 80
1753231212595 0.01878 81
1753231231521 0.01879 82
1753231250025 0.01875 83
1753231268791 0.01871 84
1753231288047 0.01865 85
1753231307134 0.01864 86
1753231326030 0.01863 87
1753231344516 0.01859 88
1753231363239 0.01862 89
1753231381910 0.01851 90
1753231400594 0.01848 91
1753231419737 0.01845 92
1753231438826 0.01839 93
1753231457525 0.0184 94
1753231476484 0.01845 95
1753231495966 0.01835 96
1753231514874 0.01832 97
1753231534060 0.01833 98
1753231553147 0.01828 99
1753231571906 0.01831 100
1753231590721 0.01826 101
1753231609676 0.01826 102
1753231628862 0.01824 103
1753231648216 0.01818 104
1753231667053 0.01818 105
1753231686060 0.01814 106
1753231705509 0.01815 107
1753231724635 0.01811 108
1753231743944 0.01809 109
1753231762410 0.01811 110
1753231781468 0.01808 111
1753231800074 0.01804 112
1753231819457 0.01804 113
1753231838337 0.01804 114
1753231857317 0.018 115
1753231876267 0.01799 116
1753231894987 0.01793 117
1753231914460 0.01796 118
1753231933902 0.01794 119
1753231952966 0.0179 120
1753231971457 0.01796 121
1753231990276 0.0179 122
1753232009209 0.01785 123
1753232028604 0.01787 124
1753232047167 0.0178 125
1753232065718 0.01784 126
1753232085016 0.0178 127
1753232104003 0.01783 128
1753232123539 0.01781 129
1753232142197 0.01776 130
1753232161383 0.01775 131
1753232180570 0.01775 132
1753232199228 0.01771 133
1753232218724 0.01771 134
1753232237526 0.01774 135
1753232256518 0.01766 136
1753232275325 0.0177 137
1753232294472 0.01766 138
1753232313601 0.01764 139
1753232332746 0.01763 140
1753232351690 0.01768 141
1753232370717 0.01762 142
1753232389820 0.01762 143
1753232408885 0.01764 144
1753232428040 0.01758 145
1753232447350 0.01761 146
1753232466631 0.01758 147
1753232485514 0.01752 148
1753232504665 0.01753 149
1753232523622 0.01752 150
1753232542654 0.01756 151
1753232561355 0.01749 152
1753232580182 0.01755 153
1753232599343 0.0175 154
1753232618396 0.01745 155
1753232637262 0.01751 156
1753232656270 0.01745 157
1753232674934 0.01742 158
1753232693822 0.0174 159
1753232712593 0.01741 160
1753232731877 0.01744 161
1753232750653 0.01742 162
1753232769644 0.01737 163
1753232788401 0.01738 164
1753232807142 0.01742 165
1753232826269 0.01738 166
1753232844836 0.01735 167
1753232863202 0.01735 168
1753232882406 0.01732 169
1753232901646 0.01732 170
1753232920465 0.01731 171
1753232939628 0.0173 172
1753232958417 0.01734 173
1753232976929 0.01734 174
1753232995975 0.0173 175
1753233014912 0.01732 176
1753233033884 0.01728 177
1753233052351 0.01728 178
1753233071055 0.01724 179
1753233089890 0.01728 180
1753233108807 0.01728 181
1753233127662 0.01723 182
1753233146081 0.01728 183
1753233164996 0.01723 184
1753233184028 0.01721 185
1753233202984 0.01716 186
1753233221984 0.01719 187
1753233241095 0.01716 188
1753233259762 0.01715 189
1753233278940 0.01723 190
1753233297555 0.0172 191
1753233316208 0.01716 192
1753233335111 0.01716 193
1753233354007 0.01718 194
1753233372961 0.01715 195
1753233391928 0.01715 196
1753233411137 0.01713 197
1753233429625 0.01711 198
1753233448947 0.01711 199
1753233467847 0.01711 200
1753233487133 0.01709 201
1753233505742 0.0171 202
1753233525119 0.0171 203
1753233544106 0.01707 204
1753233562823 0.01709 205
1753233581766 0.01713 206
1753233600770 0.01711 207
1753233620092 0.01704 208
1753233639097 0.01704 209
1753233657774 0.01705 210
1753233676771 0.01706 211
1753233695880 0.01708 212
1753233714918 0.01703 213
1753233734105 0.01704 214
1753233753205 0.01701 215
1753233771740 0.017 216
1753233790899 0.01705 217
1753233809711 0.01701 218
1753233828534 0.01699 219
1753233847348 0.01708 220
1753233866251 0.01704 221
1753233885087 0.01703 222
1753233904537 0.01699 223
1753233923193 0.01696 224
1753233941924 0.01701 225
1753233960515 0.017 226
1753233979364 0.01697 227
1753233998363 0.01694 228
1753234017414 0.01693 229
1753234036563 0.01696 230
1753234055671 0.01695 231
1753234074690 0.01698 232
1753234094183 0.01694 233
1753234113208 0.01695 234
1753234132601 0.0169 235
1753234151628 0.01697 236
1753234170887 0.01695 237
1753234190045 0.01688 238
1753234209001 0.01693 239
1753234227933 0.01694 240
1753234247315 0.01691 241
1753234266186 0.01691 242
1753234285426 0.01693 243
1753234304239 0.01692 244
1753234323193 0.01689 245
1753234342518 0.01692 246
1753234361416 0.01691 247
1753234380146 0.01686 248
1753234398735 0.0169 249
1753234417457 0.01691 250
1753234436515 0.01691 251
1753234455486 0.0169 252
1753234474617 0.01682 253
1753234493117 0.01687 254
1753234512576 0.01688 255
1753234532478 0.01686 256
1753234551797 0.01684 257
1753234570983 0.01685 258
1753234589793 0.01685 259
1753234608677 0.01687 260
1753234627428 0.01685 261
1753234646464 0.01686 262
1753234665914 0.01689 263
1753234684878 0.01684 264
1753234704202 0.0168 265
1753234723458 0.01683 266
1753234742134 0.01683 267
1753234761332 0.01682 268
1753234780303 0.01682 269
1753234799119 0.01683 270
1753234818124 0.0168 271
1753234836800 0.0168 272
1753234855622 0.01682 273
1753234874604 0.0168 274
1753234893912 0.01678 275
1753234912732 0.01681 276
1753234931821 0.01677 277
1753234950786 0.01679 278
1753234969934 0.01678 279
1753234989221 0.01679 280
1753235008389 0.0168 281
1753235027536 0.01674 282
1753235046249 0.01677 283
1753235065666 0.01676 284
1753235084623 0.01677 285
1753235103552 0.01673 286
1753235122191 0.01683 287
1753235141341 0.01679 288
1753235160409 0.01674 289
1753235179384 0.01675 290
1753235198166 0.01674 291
1753235217125 0.01674 292
1753235236022 0.01674 293
1753235254883 0.01676 294
1753235272939 0.01678 295
1753235291500 0.01675 296
1753235310251 0.01675 297
1753235329179 0.01677 298
1753235348395 0.01675 299
1753235367773 0.01673 300
