1753360557574 1.0 0
1753360576796 2.0 0
1753360595608 3.0 0
1753360613935 4.0 0
1753360632089 5.0 0
1753360651172 6.0 0
1753360669790 7.0 0
1753360687675 8.0 0
1753360705728 9.0 0
1753360724656 10.0 0
1753360742554 11.0 0
1753360761325 12.0 0
1753360779691 13.0 0
1753360798276 14.0 0
1753360816400 15.0 0
1753360834767 16.0 0
1753360853052 17.0 0
1753360870859 18.0 0
1753360889214 19.0 0
1753360907597 20.0 0
1753360925794 21.0 0
1753360943860 22.0 0
1753360961995 23.0 0
1753360979811 24.0 0
1753360998164 25.0 0
1753361016545 26.0 0
1753361034460 27.0 0
1753361052718 28.0 0
1753361071183 29.0 0
1753361089480 30.0 0
1753361108003 31.0 0
1753361126589 32.0 0
1753361144456 33.0 0
1753361162255 34.0 0
1753361180734 35.0 0
1753361198519 36.0 0
1753361217088 37.0 0
1753361234970 38.0 0
1753361271637 40.0 0
1753361289838 41.0 0
1753361326325 43.0 0
1753361362437 45.0 0
1753361381255 46.0 0
1753361399796 47.0 0
1753361453592 50.0 0
1753361544643 55.0 0
1753361654458 61.0 0
1753361727827 65.0 0
1753361746446 66.0 0
