1753360542554 0.58091 1
1753360561774 0.47173 2
1753360580864 0.40208 3
1753360599746 0.34468 4
1753360617910 0.29603 5
1753360636114 0.25174 6
1753360655199 0.21283 7
1753360673813 0.18166 8
1753360691719 0.15618 9
1753360709797 0.13526 10
1753360728716 0.11806 11
1753360746645 0.10384 12
1753360765349 0.09226 13
1753360783730 0.08268 14
1753360802315 0.07444 15
1753360820471 0.06769 16
1753360838831 0.06204 17
1753360857105 0.05722 18
1753360874932 0.05311 19
1753360893289 0.04959 20
1753360911561 0.0466 21
1753360929738 0.04395 22
1753360947878 0.04166 23
1753360965941 0.03969 24
1753360983876 0.03788 25
1753361002158 0.03633 26
1753361020433 0.03494 27
1753361038403 0.0337 28
1753361056724 0.0326 29
1753361075169 0.03159 30
1753361093508 0.0307 31
1753361111910 0.02983 32
1753361130550 0.0291 33
1753361148488 0.02843 34
1753361166168 0.02781 35
1753361184656 0.02727 36
1753361202555 0.02674 37
1753361221056 0.0263 38
1753361238880 0.0258 39
1753361257322 0.02538 40
1753361275677 0.02504 41
1753361293758 0.02466 42
1753361311966 0.02433 43
1753361330242 0.02401 44
1753361348387 0.02377 45
1753361366364 0.02346 46
1753361385328 0.02321 47
1753361403742 0.023 48
1753361421540 0.02275 49
1753361439248 0.02255 50
1753361457611 0.02236 51
1753361475989 0.02214 52
1753361493856 0.02196 53
1753361512493 0.02181 54
1753361530496 0.02165 55
1753361548639 0.0215 56
1753361567137 0.02138 57
1753361585169 0.0212 58
1753361603492 0.02108 59
1753361621591 0.02095 60
1753361640090 0.02082 61
1753361658514 0.02074 62
1753361676590 0.02066 63
1753361695024 0.02054 64
1753361713499 0.02039 65
1753361731827 0.02035 66
1753361750443 0.02022 67
1753361769138 0.02014 68
1753361787331 0.02006 69
1753361805633 0.02003 70
1753361823625 0.0199 71
1753361841305 0.01984 72
1753361859623 0.01975 73
1753361878275 0.01966 74
1753361895704 0.01957 75
1753361914320 0.01939 76
1753361932495 0.0193 77
1753361950767 0.01931 78
1753361969246 0.01929 79
1753361987477 0.01927 80
1753362005523 0.01923 81
1753362024284 0.0192 82
1753362043009 0.01919 83
1753362061702 0.01917 84
1753362079780 0.01913 85
1753362098512 0.01914 86
1753362116165 0.01907 87
1753362133832 0.01908 88
1753362151567 0.01906 89
1753362169463 0.01907 90
1753362187486 0.0191 91
1753362206262 0.01906 92
1753362224156 0.01907 93
1753362243219 0.01905 94
1753362261303 0.01907 95
1753362278995 0.01905 96
1753362297205 0.01907 97
1753362315391 0.01905 98
1753362333167 0.01904 99
1753362351276 0.01904 100
1753362369325 0.01905 101
1753362387403 0.01904 102
1753362405511 0.01905 103
1753362424001 0.01904 104
1753362442948 0.01904 105
1753362460852 0.01904 106
1753362479022 0.01905 107
1753362496809 0.01905 108
1753362515285 0.01903 109
1753362534274 0.01903 110
1753362552153 0.01904 111
1753362570743 0.01904 112
1753362588978 0.01901 113
1753362607117 0.01906 114
1753362625038 0.01904 115
1753362643010 0.01904 116
1753362661640 0.01904 117
1753362679517 0.01902 118
1753362698109 0.01907 119
1753362716229 0.01906 120
1753362733849 0.01903 121
1753362751506 0.01903 122
1753362770001 0.01905 123
1753362788387 0.01903 124
1753362806601 0.01904 125
1753362824808 0.01903 126
1753362843216 0.01903 127
1753362862057 0.01905 128
1753362880121 0.01906 129
1753362898705 0.01906 130
1753362916938 0.01906 131
1753362934907 0.01903 132
1753362953160 0.01899 133
1753362971552 0.01906 134
1753362990120 0.01905 135
1753363007834 0.01904 136
1753363025616 0.01906 137
1753363044021 0.01907 138
1753363062142 0.01902 139
1753363080559 0.01905 140
1753363099211 0.01902 141
1753363117851 0.01903 142
1753363136437 0.01902 143
1753363155034 0.01904 144
1753363173893 0.01904 145
1753363191881 0.01909 146
1753363209697 0.01905 147
1753363227919 0.01902 148
1753363245715 0.01904 149
1753363263842 0.01906 150
1753363281675 0.01901 151
1753363299877 0.01902 152
1753363318606 0.01907 153
1753363336823 0.01904 154
1753363354811 0.01904 155
1753363373147 0.01905 156
1753363391043 0.01906 157
1753363409400 0.01903 158
1753363427849 0.01905 159
1753363446427 0.01902 160
1753363464829 0.01901 161
1753363483314 0.01901 162
1753363501595 0.01901 163
1753363520058 0.01905 164
1753363538083 0.01901 165
1753363556159 0.01903 166
1753363574331 0.01905 167
1753363592432 0.01902 168
1753363610920 0.01902 169
1753363629553 0.01904 170
1753363648279 0.01901 171
1753363666798 0.01901 172
1753363685072 0.01904 173
1753363703140 0.01903 174
1753363721019 0.01902 175
1753363739083 0.01903 176
1753363757888 0.01903 177
1753363776155 0.01903 178
1753363794763 0.01906 179
1753363812508 0.019 180
1753363830059 0.01901 181
1753363848812 0.01902 182
1753363867085 0.01901 183
1753363885313 0.01903 184
1753363903739 0.01901 185
1753363922183 0.01903 186
1753363940861 0.01905 187
1753363959419 0.01905 188
1753363977939 0.01898 189
1753363995953 0.019 190
1753364014661 0.01902 191
1753364032918 0.01903 192
1753364051213 0.01901 193
1753364068943 0.01903 194
1753364087577 0.01901 195
1753364105467 0.01902 196
1753364123709 0.01904 197
1753364142360 0.01902 198
1753364161041 0.01899 199
1753364180042 0.019 200
1753364198371 0.01903 201
1753364216517 0.01901 202
1753364235288 0.019 203
1753364253638 0.01901 204
1753364271914 0.01903 205
1753364289504 0.01906 206
1753364307882 0.01901 207
1753364326339 0.01903 208
1753364344331 0.01901 209
1753364362217 0.01901 210
1753364380626 0.01902 211
1753364399171 0.01902 212
1753364417362 0.01902 213
1753364435531 0.01902 214
1753364453709 0.01901 215
1753364471828 0.01901 216
1753364489108 0.01899 217
1753364506934 0.01901 218
1753364525460 0.01899 219
1753364543553 0.019 220
1753364562111 0.01902 221
1753364580100 0.01901 222
1753364597906 0.01905 223
1753364616478 0.01902 224
1753364634913 0.01901 225
1753364652873 0.01901 226
1753364671457 0.019 227
1753364689715 0.01899 228
1753364708081 0.01903 229
1753364726578 0.01904 230
1753364744671 0.01898 231
1753364762717 0.019 232
1753364781100 0.01902 233
1753364799479 0.01904 234
1753364817826 0.01898 235
1753364836412 0.01899 236
1753364855362 0.01903 237
1753364873678 0.019 238
1753364892266 0.01899 239
1753364910403 0.01899 240
1753364928994 0.01901 241
1753364946575 0.01898 242
1753364964766 0.01898 243
1753364983029 0.01897 244
1753365000837 0.01902 245
1753365018852 0.01901 246
1753365037624 0.01901 247
1753365055626 0.01901 248
1753365073790 0.019 249
1753365092212 0.01899 250
1753365110142 0.01902 251
1753365128102 0.01898 252
1753365146032 0.019 253
1753365164486 0.019 254
1753365182435 0.01902 255
1753365200565 0.01896 256
1753365217888 0.019 257
1753365236217 0.019 258
1753365254919 0.01899 259
1753365273357 0.01899 260
1753365291343 0.019 261
1753365309684 0.01897 262
1753365327879 0.01901 263
1753365346769 0.01898 264
1753365365142 0.019 265
1753365383816 0.019 266
1753365402465 0.01898 267
1753365420599 0.01901 268
1753365439206 0.01897 269
1753365457733 0.01898 270
1753365476085 0.01897 271
1753365494344 0.01898 272
1753365513541 0.01899 273
1753365532009 0.01899 274
1753365550565 0.01898 275
1753365568701 0.019 276
1753365586943 0.01897 277
1753365605262 0.01894 278
1753365623710 0.01899 279
1753365642033 0.01898 280
1753365660612 0.01898 281
1753365678161 0.01897 282
1753365696317 0.019 283
1753365714604 0.01899 284
1753365732187 0.01893 285
1753365750522 0.01897 286
1753365768258 0.01899 287
1753365786465 0.01897 288
1753365805095 0.01898 289
1753365823392 0.01898 290
1753365841309 0.01896 291
1753365859107 0.01896 292
1753365877450 0.01898 293
1753365895742 0.01898 294
1753365914161 0.01896 295
1753365932233 0.01898 296
1753365950438 0.01896 297
1753365968508 0.01897 298
1753365987039 0.01895 299
1753366005688 0.01898 300
