1753360557581 0.0010000000474974513 1
1753360576804 0.0010000000474974513 2
1753360595613 0.0010000000474974513 3
1753360613940 0.0010000000474974513 4
1753360632097 0.0010000000474974513 5
1753360651182 0.0010000000474974513 6
1753360669795 0.0010000000474974513 7
1753360687684 0.0010000000474974513 8
1753360705735 0.0010000000474974513 9
1753360724660 0.0010000000474974513 10
1753360742559 0.0010000000474974513 11
1753360761329 0.0010000000474974513 12
1753360779698 0.0010000000474974513 13
1753360798283 0.0010000000474974513 14
1753360816405 0.0010000000474974513 15
1753360834772 0.0010000000474974513 16
1753360853057 0.0010000000474974513 17
1753360870865 0.0010000000474974513 18
1753360889219 0.0010000000474974513 19
1753360907602 0.0010000000474974513 20
1753360925804 0.0010000000474974513 21
1753360943867 0.0010000000474974513 22
1753360962005 0.0010000000474974513 23
1753360979815 0.0010000000474974513 24
1753360998169 0.0010000000474974513 25
1753361016549 0.0010000000474974513 26
1753361034465 0.0010000000474974513 27
1753361052722 0.0010000000474974513 28
1753361071191 0.0010000000474974513 29
1753361089487 0.0010000000474974513 30
1753361108010 0.0010000000474974513 31
1753361126593 0.0010000000474974513 32
1753361144461 0.0010000000474974513 33
1753361162260 0.0010000000474974513 34
1753361180739 0.0010000000474974513 35
1753361198524 0.0010000000474974513 36
1753361217093 0.0010000000474974513 37
1753361234978 0.0010000000474974513 38
1753361253290 0.0010000000474974513 39
1753361271641 0.0010000000474974513 40
1753361289846 0.0010000000474974513 41
1753361308082 0.0010000000474974513 42
1753361326330 0.0010000000474974513 43
1753361344498 0.0010000000474974513 44
1753361362444 0.0010000000474974513 45
1753361381263 0.0010000000474974513 46
1753361399805 0.0010000000474974513 47
1753361417575 0.0010000000474974513 48
1753361435338 0.0010000000474974513 49
1753361453598 0.0010000000474974513 50
1753361472010 0.0010000000474974513 51
1753361489851 0.0010000000474974513 52
1753361508490 0.0010000000474974513 53
1753361526511 0.0010000000474974513 54
1753361544650 0.0010000000474974513 55
1753361563105 0.0010000000474974513 56
1753361581135 0.0010000000474974513 57
1753361599515 0.0010000000474974513 58
1753361617504 0.0010000000474974513 59
1753361636109 0.0010000000474974513 60
1753361654463 0.0010000000474974513 61
1753361672612 0.0010000000474974513 62
1753361690972 0.0010000000474974513 63
1753361709470 0.0010000000474974513 64
1753361727832 0.0010000000474974513 65
1753361746454 0.0010000000474974513 66
1753361765114 0.0010000000474974513 67
1753361783366 0.0010000000474974513 68
1753361801618 0.0010000000474974513 69
1753361819556 0.0010000000474974513 70
1753361837317 0.0010000000474974513 71
1753361855589 0.0010000000474974513 72
1753361874252 0.0010000000474974513 73
1753361891720 0.0010000000474974513 74
1753361910293 0.00020000000949949026 75
1753361928448 0.00020000000949949026 76
1753361946790 0.00020000000949949026 77
1753361965338 0.00020000000949949026 78
1753361983551 0.00020000000949949026 79
1753362001584 0.00020000000949949026 80
1753362020231 0.00020000000949949026 81
1753362039008 0.00020000000949949026 82
1753362057778 0.00020000000949949026 83
1753362075834 4.0000002627493814e-05 84
1753362094446 4.0000002627493814e-05 85
1753362112258 4.0000002627493814e-05 86
1753362129846 4.0000002627493814e-05 87
1753362147571 4.0000002627493814e-05 88
1753362165444 4.0000002627493814e-05 89
1753362183463 4.0000002627493814e-05 90
1753362202270 4.0000002627493814e-05 91
1753362220174 4.0000002627493814e-05 92
1753362239245 8.000000889296643e-06 93
1753362257277 8.000000889296643e-06 94
1753362275019 8.000000889296643e-06 95
1753362293134 8.000000889296643e-06 96
1753362311334 8.000000889296643e-06 97
1753362329176 8.000000889296643e-06 98
1753362347259 8.000000889296643e-06 99
1753362365249 8.000000889296643e-06 100
1753362383447 8.000000889296643e-06 101
1753362401581 1.6000001323845936e-06 102
1753362420063 1.6000001323845936e-06 103
1753362438965 1.6000001323845936e-06 104
1753362456847 1.6000001323845936e-06 105
1753362474989 1.6000001323845936e-06 106
1753362492809 1.6000001323845936e-06 107
1753362511277 1.6000001323845936e-06 108
1753362530226 1.6000001323845936e-06 109
1753362548116 1.6000001323845936e-06 110
1753362566815 9.999999974752427e-07 111
1753362585041 9.999999974752427e-07 112
1753362603168 9.999999974752427e-07 113
1753362621057 9.999999974752427e-07 114
1753362639048 9.999999974752427e-07 115
1753362657637 9.999999974752427e-07 116
1753362675524 9.999999974752427e-07 117
1753362694135 9.999999974752427e-07 118
1753362712236 9.999999974752427e-07 119
1753362729863 9.999999974752427e-07 120
1753362747570 9.999999974752427e-07 121
1753362765930 9.999999974752427e-07 122
1753362784364 9.999999974752427e-07 123
1753362802565 9.999999974752427e-07 124
1753362820759 9.999999974752427e-07 125
1753362839186 9.999999974752427e-07 126
1753362857983 9.999999974752427e-07 127
1753362876128 9.999999974752427e-07 128
1753362894687 9.999999974752427e-07 129
1753362912915 9.999999974752427e-07 130
1753362930902 9.999999974752427e-07 131
1753362949154 9.999999974752427e-07 132
1753362967510 9.999999974752427e-07 133
1753362986105 9.999999974752427e-07 134
1753363003784 9.999999974752427e-07 135
1753363021619 9.999999974752427e-07 136
1753363039981 9.999999974752427e-07 137
1753363058163 9.999999974752427e-07 138
1753363076548 9.999999974752427e-07 139
1753363095218 9.999999974752427e-07 140
1753363113939 9.999999974752427e-07 141
1753363132423 9.999999974752427e-07 142
1753363150979 9.999999974752427e-07 143
1753363169864 9.999999974752427e-07 144
1753363187820 9.999999974752427e-07 145
1753363205739 9.999999974752427e-07 146
1753363223890 9.999999974752427e-07 147
1753363241705 9.999999974752427e-07 148
1753363259805 9.999999974752427e-07 149
1753363277607 9.999999974752427e-07 150
1753363295852 9.999999974752427e-07 151
1753363314583 9.999999974752427e-07 152
1753363332803 9.999999974752427e-07 153
1753363350816 9.999999974752427e-07 154
1753363369148 9.999999974752427e-07 155
1753363387074 9.999999974752427e-07 156
1753363405332 9.999999974752427e-07 157
1753363423802 9.999999974752427e-07 158
1753363442397 9.999999974752427e-07 159
1753363460847 9.999999974752427e-07 160
1753363479275 9.999999974752427e-07 161
1753363497563 9.999999974752427e-07 162
1753363516034 9.999999974752427e-07 163
1753363534040 9.999999974752427e-07 164
1753363552151 9.999999974752427e-07 165
1753363570287 9.999999974752427e-07 166
1753363588411 9.999999974752427e-07 167
1753363606871 9.999999974752427e-07 168
1753363625545 9.999999974752427e-07 169
1753363644306 9.999999974752427e-07 170
1753363662856 9.999999974752427e-07 171
1753363681116 9.999999974752427e-07 172
1753363699124 9.999999974752427e-07 173
1753363717091 9.999999974752427e-07 174
1753363735042 9.999999974752427e-07 175
1753363753865 9.999999974752427e-07 176
1753363772146 9.999999974752427e-07 177
1753363790768 9.999999974752427e-07 178
1753363808536 9.999999974752427e-07 179
1753363826063 9.999999974752427e-07 180
1753363844566 9.999999974752427e-07 181
1753363863083 9.999999974752427e-07 182
1753363880889 9.999999974752427e-07 183
1753363899698 9.999999974752427e-07 184
1753363918205 9.999999974752427e-07 185
1753363936779 9.999999974752427e-07 186
1753363955455 9.999999974752427e-07 187
1753363974054 9.999999974752427e-07 188
1753363991964 9.999999974752427e-07 189
1753364010624 9.999999974752427e-07 190
1753364028884 9.999999974752427e-07 191
1753364047241 9.999999974752427e-07 192
1753364064917 9.999999974752427e-07 193
1753364083580 9.999999974752427e-07 194
1753364101454 9.999999974752427e-07 195
1753364119719 9.999999974752427e-07 196
1753364138347 9.999999974752427e-07 197
1753364156987 9.999999974752427e-07 198
1753364175979 9.999999974752427e-07 199
1753364194349 9.999999974752427e-07 200
1753364212526 9.999999974752427e-07 201
1753364231329 9.999999974752427e-07 202
1753364249611 9.999999974752427e-07 203
1753364267929 9.999999974752427e-07 204
1753364285521 9.999999974752427e-07 205
1753364303867 9.999999974752427e-07 206
1753364322325 9.999999974752427e-07 207
1753364340333 9.999999974752427e-07 208
1753364358165 9.999999974752427e-07 209
1753364376594 9.999999974752427e-07 210
1753364395189 9.999999974752427e-07 211
1753364413273 9.999999974752427e-07 212
1753364431482 9.999999974752427e-07 213
1753364449648 9.999999974752427e-07 214
1753364467880 9.999999974752427e-07 215
1753364485134 9.999999974752427e-07 216
1753364502901 9.999999974752427e-07 217
1753364521433 9.999999974752427e-07 218
1753364539574 9.999999974752427e-07 219
1753364558088 9.999999974752427e-07 220
1753364576111 9.999999974752427e-07 221
1753364593890 9.999999974752427e-07 222
1753364612453 9.999999974752427e-07 223
1753364630957 9.999999974752427e-07 224
1753364648879 9.999999974752427e-07 225
1753364667487 9.999999974752427e-07 226
1753364685698 9.999999974752427e-07 227
1753364704089 9.999999974752427e-07 228
1753364722532 9.999999974752427e-07 229
1753364740619 9.999999974752427e-07 230
1753364758695 9.999999974752427e-07 231
1753364777052 9.999999974752427e-07 232
1753364795484 9.999999974752427e-07 233
1753364813870 9.999999974752427e-07 234
1753364832405 9.999999974752427e-07 235
1753364851322 9.999999974752427e-07 236
1753364869704 9.999999974752427e-07 237
1753364888257 9.999999974752427e-07 238
1753364906466 9.999999974752427e-07 239
1753364924952 9.999999974752427e-07 240
1753364942609 9.999999974752427e-07 241
1753364960830 9.999999974752427e-07 242
1753364979081 9.999999974752427e-07 243
1753364996822 9.999999974752427e-07 244
1753365014848 9.999999974752427e-07 245
1753365033656 9.999999974752427e-07 246
1753365051600 9.999999974752427e-07 247
1753365069854 9.999999974752427e-07 248
1753365088243 9.999999974752427e-07 249
1753365106173 9.999999974752427e-07 250
1753365124149 9.999999974752427e-07 251
1753365142095 9.999999974752427e-07 252
1753365160533 9.999999974752427e-07 253
1753365178363 9.999999974752427e-07 254
1753365196581 9.999999974752427e-07 255
1753365213924 9.999999974752427e-07 256
1753365232251 9.999999974752427e-07 257
1753365250914 9.999999974752427e-07 258
1753365269387 9.999999974752427e-07 259
1753365287351 9.999999974752427e-07 260
1753365305635 9.999999974752427e-07 261
1753365323912 9.999999974752427e-07 262
1753365342694 9.999999974752427e-07 263
1753365361147 9.999999974752427e-07 264
1753365379861 9.999999974752427e-07 265
1753365398433 9.999999974752427e-07 266
1753365416630 9.999999974752427e-07 267
1753365435252 9.999999974752427e-07 268
1753365453746 9.999999974752427e-07 269
1753365472125 9.999999974752427e-07 270
1753365490382 9.999999974752427e-07 271
1753365509505 9.999999974752427e-07 272
1753365528020 9.999999974752427e-07 273
1753365546596 9.999999974752427e-07 274
1753365564799 9.999999974752427e-07 275
1753365582922 9.999999974752427e-07 276
1753365601314 9.999999974752427e-07 277
1753365619697 9.999999974752427e-07 278
1753365638032 9.999999974752427e-07 279
1753365656570 9.999999974752427e-07 280
1753365674128 9.999999974752427e-07 281
1753365692335 9.999999974752427e-07 282
1753365710594 9.999999974752427e-07 283
1753365728154 9.999999974752427e-07 284
1753365746584 9.999999974752427e-07 285
1753365764218 9.999999974752427e-07 286
1753365782518 9.999999974752427e-07 287
1753365801059 9.999999974752427e-07 288
1753365819349 9.999999974752427e-07 289
1753365837248 9.999999974752427e-07 290
1753365855143 9.999999974752427e-07 291
1753365873446 9.999999974752427e-07 292
1753365891770 9.999999974752427e-07 293
1753365910171 9.999999974752427e-07 294
1753365928216 9.999999974752427e-07 295
1753365946532 9.999999974752427e-07 296
1753365964587 9.999999974752427e-07 297
1753365982999 9.999999974752427e-07 298
1753366001670 9.999999974752427e-07 299
1753366020121 9.999999974752427e-07 300
