1753261887204 1.0 0
1753261900972 2.0 0
1753261915136 3.0 0
1753261929002 4.0 0
1753261943367 5.0 0
1753261957241 6.0 0
1753261970914 7.0 0
1753261984945 8.0 0
1753261998629 9.0 0
1753262012432 10.0 0
1753262026244 11.0 0
1753262040256 12.0 0
1753262053851 13.0 0
1753262067750 14.0 0
1753262081234 15.0 0
1753262095191 16.0 0
1753262109024 17.0 0
1753262122753 18.0 0
1753262136762 19.0 0
1753262150456 20.0 0
1753262164227 21.0 0
1753262177919 22.0 0
1753262191478 23.0 0
1753262205326 24.0 0
1753262219121 25.0 0
1753262232841 26.0 0
1753262246624 27.0 0
1753262260169 28.0 0
1753262273954 29.0 0
1753262287505 30.0 0
1753262301671 31.0 0
1753262315672 32.0 0
1753262329506 33.0 0
1753262343472 34.0 0
1753262357281 35.0 0
1753262370795 36.0 0
1753262384598 37.0 0
1753262397995 38.0 0
1753262411796 39.0 0
1753262425536 40.0 0
1753262439032 41.0 0
1753262452685 42.0 0
1753262480096 44.0 0
1753262493645 45.0 0
1753262507684 46.0 0
1753262535160 48.0 0
1753262549164 49.0 0
1753262562842 50.0 0
1753262603728 53.0 0
1753262617609 54.0 0
1753262631329 55.0 0
1753262658929 57.0 0
1753262687009 59.0 0
1753262770240 65.0 0
1753262936147 77.0 0
1753263032769 84.0 0
1753263239905 99.0 0
