1753261874405 0.52441 1
1753261889916 0.44424 2
1753261903646 0.39329 3
1753261917902 0.35166 4
1753261932059 0.31606 5
1753261946003 0.2848 6
1753261959890 0.25692 7
1753261973527 0.23184 8
1753261987524 0.20921 9
1753262001447 0.18936 10
1753262015088 0.1718 11
1753262028901 0.15636 12
1753262042958 0.14264 13
1753262056495 0.13059 14
1753262070302 0.1198 15
1753262083903 0.11006 16
1753262097713 0.09315 17
1753262111595 0.08286 18
1753262125389 0.07584 19
1753262139459 0.07002 20
1753262153115 0.06498 21
1753262166851 0.06064 22
1753262180452 0.05671 23
1753262194114 0.05333 24
1753262207976 0.05034 25
1753262221801 0.04764 26
1753262235451 0.04526 27
1753262249333 0.0432 28
1753262262818 0.0413 29
1753262276547 0.03958 30
1753262290186 0.03809 31
1753262304353 0.03666 32
1753262318326 0.03548 33
1753262332181 0.03431 34
1753262346095 0.0333 35
1753262359958 0.03236 36
1753262373412 0.03147 37
1753262387146 0.03073 38
1753262400652 0.02993 39
1753262414425 0.02928 40
1753262428091 0.02873 41
1753262441625 0.02807 42
1753262455351 0.02754 43
1753262468999 0.02704 44
1753262482745 0.0266 45
1753262496250 0.02617 46
1753262510279 0.02583 47
1753262524082 0.02541 48
1753262537853 0.02505 49
1753262551745 0.02473 50
1753262565471 0.02445 51
1753262579199 0.02416 52
1753262592860 0.02391 53
1753262606321 0.02364 54
1753262620218 0.02343 55
1753262634035 0.02318 56
1753262647592 0.02296 57
1753262661474 0.02276 58
1753262675577 0.02257 59
1753262689662 0.0224 60
1753262703351 0.02222 61
1753262717250 0.02207 62
1753262731302 0.02193 63
1753262745046 0.02179 64
1753262759150 0.02164 65
1753262772853 0.02149 66
1753262786624 0.02137 67
1753262800512 0.02126 68
1753262814150 0.02113 69
1753262828134 0.02097 70
1753262841997 0.02089 71
1753262855711 0.02079 72
1753262869883 0.02071 73
1753262883550 0.02065 74
1753262897430 0.02055 75
1753262911097 0.02051 76
1753262924913 0.02039 77
1753262938841 0.0203 78
1753262952592 0.0202 79
1753262966610 0.02014 80
1753262980283 0.02002 81
1753262993995 0.01997 82
1753263007847 0.01987 83
1753263021577 0.01993 84
1753263035458 0.01975 85
1753263049237 0.01968 86
1753263063005 0.01967 87
1753263076807 0.0196 88
1753263090392 0.01959 89
1753263104120 0.0195 90
1753263118166 0.01944 91
1753263132015 0.01941 92
1753263145742 0.01937 93
1753263159393 0.01934 94
1753263173195 0.01929 95
1753263187315 0.01925 96
1753263200983 0.0192 97
1753263214790 0.01913 98
1753263228864 0.01916 99
1753263242585 0.01904 100
1753263256333 0.01905 101
1753263270108 0.01902 102
1753263283979 0.01896 103
1753263297776 0.01893 104
1753263311385 0.01891 105
1753263325126 0.01885 106
1753263338734 0.01882 107
1753263352536 0.01876 108
1753263366264 0.01878 109
1753263379913 0.01871 110
1753263393917 0.0187 111
1753263407678 0.01866 112
1753263421521 0.01864 113
1753263435377 0.01865 114
1753263449173 0.01859 115
1753263462844 0.01853 116
1753263476958 0.01849 117
1753263490897 0.01852 118
1753263504641 0.01848 119
1753263518296 0.01847 120
1753263532197 0.01843 121
1753263545944 0.0184 122
1753263559541 0.01842 123
1753263573329 0.01837 124
1753263586949 0.01836 125
1753263600781 0.01829 126
1753263614530 0.01826 127
1753263628420 0.01828 128
1753263642427 0.01826 129
1753263655939 0.01822 130
1753263669485 0.01821 131
1753263683303 0.01818 132
1753263697145 0.01812 133
1753263710882 0.01815 134
1753263724555 0.01808 135
1753263738406 0.01808 136
1753263752062 0.01807 137
1753263765682 0.01805 138
1753263779520 0.01804 139
1753263793221 0.01805 140
1753263807031 0.01801 141
1753263820800 0.01802 142
1753263834324 0.01798 143
1753263848217 0.01791 144
1753263861829 0.0179 145
1753263875313 0.01788 146
1753263889000 0.01792 147
1753263902741 0.01788 148
1753263916503 0.01788 149
1753263930075 0.0178 150
1753263943877 0.0178 151
1753263957536 0.0178 152
1753263971145 0.01778 153
1753263984839 0.01776 154
1753263998408 0.01781 155
1753264012165 0.01777 156
1753264025910 0.01772 157
1753264039405 0.01769 158
1753264053024 0.01774 159
1753264066508 0.01769 160
1753264080336 0.01766 161
1753264094040 0.01767 162
1753264107838 0.01761 163
1753264121610 0.01759 164
1753264135401 0.01761 165
1753264149342 0.01763 166
1753264163168 0.01755 167
1753264177031 0.01758 168
1753264191063 0.01761 169
1753264204737 0.01757 170
1753264218659 0.01756 171
1753264232554 0.01756 172
1753264246210 0.0175 173
1753264260149 0.01749 174
1753264273790 0.01748 175
1753264287498 0.01751 176
1753264301523 0.01745 177
1753264315550 0.01748 178
1753264329530 0.01746 179
1753264343352 0.01748 180
1753264357078 0.01744 181
1753264370896 0.0174 182
1753264384519 0.01739 183
1753264398364 0.01735 184
1753264412226 0.01743 185
1753264425938 0.01742 186
1753264439764 0.01735 187
1753264453553 0.01741 188
1753264467358 0.01736 189
1753264481082 0.01731 190
1753264494731 0.0173 191
1753264508593 0.01732 192
1753264522277 0.01736 193
1753264536038 0.01733 194
1753264549882 0.0173 195
1753264563817 0.0173 196
1753264577328 0.01733 197
1753264591075 0.01732 198
1753264604830 0.01731 199
1753264618541 0.01723 200
1753264632618 0.01725 201
1753264646412 0.01727 202
1753264660113 0.01723 203
1753264673934 0.01719 204
1753264687630 0.01724 205
1753264701289 0.01723 206
1753264715105 0.01722 207
1753264728935 0.01722 208
1753264742696 0.01715 209
1753264756372 0.01715 210
1753264770279 0.01714 211
1753264783867 0.01719 212
1753264797351 0.01715 213
1753264811121 0.01718 214
1753264824914 0.01716 215
1753264838734 0.01715 216
1753264852737 0.01716 217
1753264866470 0.01719 218
1753264880087 0.01711 219
1753264894050 0.01713 220
1753264907867 0.01715 221
1753264921978 0.01712 222
1753264935547 0.01711 223
1753264949550 0.01709 224
1753264963143 0.01709 225
1753264977108 0.01706 226
1753264991075 0.01707 227
1753265005382 0.01707 228
1753265019008 0.01706 229
1753265033094 0.01708 230
1753265046878 0.01697 231
1753265060588 0.01708 232
1753265074563 0.01708 233
1753265088252 0.01707 234
1753265102194 0.01705 235
1753265115753 0.01702 236
1753265129548 0.017 237
1753265143143 0.01701 238
1753265157021 0.01698 239
1753265170966 0.01701 240
1753265184540 0.01697 241
1753265198342 0.01697 242
1753265212194 0.01699 243
1753265225810 0.01698 244
1753265239559 0.01701 245
1753265253271 0.01697 246
1753265267005 0.01699 247
1753265280854 0.01698 248
1753265294546 0.01696 249
1753265308454 0.01691 250
1753265322196 0.01694 251
1753265336059 0.01694 252
1753265349742 0.01695 253
1753265363346 0.01693 254
1753265377284 0.0169 255
1753265390904 0.01691 256
1753265404891 0.0169 257
1753265418966 0.01692 258
1753265432611 0.0169 259
1753265446705 0.01688 260
1753265460446 0.01691 261
1753265474051 0.01694 262
1753265487993 0.01687 263
1753265501720 0.01688 264
1753265515817 0.01694 265
1753265529562 0.01695 266
1753265543677 0.01686 267
1753265557385 0.01689 268
1753265571187 0.01687 269
1753265585035 0.01685 270
1753265598746 0.01686 271
1753265612637 0.01687 272
1753265626595 0.01685 273
1753265640317 0.01687 274
1753265654364 0.01686 275
1753265667946 0.01685 276
1753265681574 0.01685 277
1753265695580 0.01683 278
1753265709104 0.01683 279
1753265723078 0.01685 280
1753265736733 0.01681 281
1753265750626 0.01686 282
1753265764466 0.01683 283
1753265778251 0.01686 284
1753265792041 0.01678 285
1753265805745 0.01678 286
1753265819467 0.01687 287
1753265833591 0.01684 288
1753265847342 0.01678 289
1753265861150 0.01677 290
1753265875143 0.01681 291
1753265888888 0.01679 292
1753265902910 0.01678 293
1753265916568 0.01679 294
1753265930313 0.01679 295
1753265944025 0.01672 296
1753265957634 0.01676 297
1753265971724 0.01678 298
1753265985477 0.01677 299
1753265999655 0.01673 300
