1749661242443 1.0 0
1749661329925 2.0 0
1749661421746 3.0 0
1749661515013 4.0 0
1749661610880 5.0 0
1749661710776 6.0 0
1749661811901 7.0 0
1749661910219 8.0 0
1749662009534 9.0 0
1749662106712 10.0 0
1749662208364 11.0 0
1749662309460 12.0 0
1749662411649 13.0 0
1749662512243 14.0 0
1749662613973 15.0 0
1749662716028 16.0 0
1749662815967 17.0 0
1749662918709 18.0 0
1749663023968 19.0 0
1749663129564 20.0 0
1749663240647 21.0 0
1749663340866 22.0 0
1749663440114 23.0 0
1749663538853 24.0 0
1749663638231 25.0 0
1749663741049 26.0 0
1749663840652 27.0 0
1749663940532 28.0 0
1749664047662 29.0 0
1749664156956 30.0 0
1749664264356 31.0 0
1749664374862 32.0 0
1749664484200 33.0 0
1749664687291 35.0 0
1749664780847 36.0 0
1749664875608 37.0 0
1749664971059 38.0 0
1749665066527 39.0 0
1749665161936 40.0 0
1749665257626 41.0 0
1749665353333 42.0 0
1749665449090 43.0 0
1749665545112 44.0 0
1749665641204 45.0 0
1749665846314 47.0 0
1749666073104 49.0 0
1749666183436 50.0 0
1749666405220 52.0 0
1749666511914 53.0 0
1749666836814 56.0 0
1749666945529 57.0 0
1749667165512 59.0 0
1749667276792 60.0 0
1749667387931 61.0 0
1749667496228 62.0 0
1749667609650 63.0 0
1749667722081 64.0 0
1749668185366 68.0 0
1749668381282 70.0 0
1749668689073 73.0 0
1749668782854 74.0 0
1749669063871 77.0 0
1749669344211 80.0 0
1749669995471 87.0 0
1749670088540 88.0 0
1749670459511 92.0 0
1749670737306 95.0 0
1749671500005 103.0 0
1749671781275 106.0 0
