1749661226537 0.52894 1
1749661314405 0.41404 2
1749661404397 0.35018 3
1749661497935 0.30658 4
1749661592567 0.27134 5
1749661692405 0.23973 6
1749661792926 0.21191 7
1749661892582 0.18733 8
1749661991482 0.16603 9
1749662088836 0.14747 10
1749662190032 0.13124 11
1749662290429 0.11732 12
1749662392813 0.10545 13
1749662493157 0.09528 14
1749662595336 0.0867 15
1749662697363 0.0791 16
1749662797579 0.07226 17
1749662899331 0.06604 18
1749663005270 0.06043 19
1749663110396 0.0552 20
1749663221781 0.05123 21
1749663322134 0.04805 22
1749663421944 0.04538 23
1749663520708 0.04307 24
1749663619801 0.04104 25
1749663722468 0.03924 26
1749663822498 0.03758 27
1749663921567 0.03626 28
1749664027345 0.03491 29
1749664136647 0.0337 30
1749664244206 0.03263 31
1749664354456 0.03163 32
1749664463862 0.03074 33
1749664567922 0.02982 34
1749664670081 0.02913 35
1749664763595 0.02837 36
1749664857947 0.02778 37
1749664953351 0.0271 38
1749665048977 0.02659 39
1749665144268 0.02609 40
1749665239908 0.02564 41
1749665335741 0.02527 42
1749665431197 0.0248 43
1749665527413 0.02434 44
1749665623565 0.02415 45
1749665720169 0.02382 46
1749665825121 0.02345 47
1749665934143 0.02345 48
1749666052239 0.02301 49
1749666162604 0.02292 50
1749666274409 0.02272 51
1749666385585 0.02243 52
1749666492318 0.02213 53
1749666599832 0.02201 54
1749666707752 0.02175 55
1749666815786 0.02172 56
1749666925454 0.02143 57
1749667034510 0.02124 58
1749667144171 0.02115 59
1749667256753 0.02107 60
1749667367108 0.02094 61
1749667476162 0.02073 62
1749667585832 0.02066 63
1749667702157 0.02051 64
1749667810016 0.02035 65
1749667928556 0.02034 66
1749668054408 0.02008 67
1749668165848 0.02008 68
1749668268991 0.02013 69
1749668364078 0.01991 70
1749668458736 0.02002 71
1749668561653 0.01992 72
1749668668851 0.02001 73
1749668766010 0.01962 74
1749668858948 0.01954 75
1749668952982 0.01937 76
1749669046810 0.01939 77
1749669140184 0.01922 78
1749669233377 0.01933 79
1749669327253 0.01936 80
1749669420696 0.01907 81
1749669513363 0.01911 82
1749669606123 0.01902 83
1749669699620 0.01889 84
1749669792659 0.01882 85
1749669885629 0.01888 86
1749669978540 0.01895 87
1749670071778 0.01885 88
1749670163809 0.01867 89
1749670256329 0.01862 90
1749670349964 0.01865 91
1749670442691 0.0186 92
1749670534795 0.01845 93
1749670627283 0.01851 94
1749670720681 0.01842 95
1749670812492 0.01838 96
1749670904846 0.0182 97
1749670998591 0.01831 98
1749671090798 0.01833 99
1749671182564 0.01819 100
1749671282858 0.01818 101
1749671387802 0.01816 102
1749671483179 0.01814 103
1749671575895 0.01809 104
1749671668729 0.0181 105
1749671762972 0.01817 106
1749671863122 0.01787 107
1749671956560 0.018 108
1749672053390 0.01809 109
1749672152989 0.01811 110
1749672248513 0.01802 111
1749672344105 0.01795 112
1749672449666 0.01778 113
1749672549962 0.01787 114
1749672648015 0.01774 115
1749672749923 0.01766 116
