1753230180104 1.0 0
1753230220123 2.0 0
1753230259805 3.0 0
1753230299724 4.0 0
1753230340199 5.0 0
1753230380305 6.0 0
1753230420330 7.0 0
1753230460131 8.0 0
1753230500076 9.0 0
1753230539805 10.0 0
1753230579317 11.0 0
1753230619941 12.0 0
1753230659912 13.0 0
1753230700185 14.0 0
1753230740473 15.0 0
1753230781048 16.0 0
1753230821497 17.0 0
1753230861290 18.0 0
1753230901744 19.0 0
1753230942241 20.0 0
1753230983145 21.0 0
1753231023279 22.0 0
1753231063842 23.0 0
1753231104454 24.0 0
1753231145088 25.0 0
1753231185970 26.0 0
1753231226153 27.0 0
1753231266891 28.0 0
1753231307326 29.0 0
1753231388180 31.0 0
1753231510523 34.0 0
1753231550424 35.0 0
1753231590996 36.0 0
1753232683650 63.0 0
