1753230154697 0.45133 1
1753230195826 0.31791 2
1753230235969 0.23911 3
1753230275564 0.18092 4
1753230315598 0.13956 5
1753230356064 0.11007 6
1753230396198 0.08904 7
1753230436086 0.07374 8
1753230475977 0.06191 9
1753230515884 0.05324 10
1753230555676 0.04689 11
1753230595198 0.04204 12
1753230635851 0.03827 13
1753230675756 0.03531 14
1753230716212 0.03292 15
1753230756813 0.031 16
1753230796957 0.02938 17
1753230837671 0.02806 18
1753230877585 0.02694 19
1753230918004 0.026 20
1753230958348 0.0252 21
1753230999164 0.02449 22
1753231039483 0.02391 23
1753231079984 0.02337 24
1753231120512 0.02295 25
1753231161446 0.02249 26
1753231202014 0.02215 27
1753231242419 0.02183 28
1753231283111 0.02151 29
1753231323609 0.02125 30
1753231364162 0.02102 31
1753231404499 0.0208 32
1753231445282 0.0206 33
1753231486097 0.02041 34
1753231526708 0.02027 35
1753231566878 0.02013 36
1753231607251 0.01998 37
1753231647480 0.01985 38
1753231688059 0.01973 39
1753231728612 0.01962 40
1753231768982 0.01953 41
1753231809424 0.01942 42
1753231849607 0.01934 43
1753231890235 0.01925 44
1753231930801 0.0192 45
1753231971249 0.01912 46
1753232011424 0.01904 47
1753232051567 0.01899 48
1753232091827 0.01892 49
1753232132766 0.01886 50
1753232173073 0.01882 51
1753232213753 0.01876 52
1753232254485 0.01872 53
1753232294807 0.01867 54
1753232335231 0.01864 55
1753232375415 0.0186 56
1753232415952 0.01855 57
1753232456415 0.01852 58
1753232497069 0.01849 59
1753232537445 0.01846 60
1753232578442 0.01842 61
1753232619256 0.01838 62
1753232659708 0.01837 63
1753232700028 0.01832 64
1753232740625 0.01828 65
1753232781258 0.01829 66
1753232821872 0.01826 67
1753232862987 0.01822 68
1753232903985 0.01821 69
1753232944528 0.01817 70
1753232984853 0.01815 71
1753233025293 0.01813 72
1753233066039 0.01812 73
1753233106834 0.01811 74
1753233146801 0.01809 75
1753233187380 0.01807 76
1753233227757 0.01806 77
1753233268090 0.01803 78
1753233308436 0.01801 79
1753233348931 0.01801 80
1753233389726 0.01797 81
1753233429933 0.01798 82
1753233470795 0.01795 83
1753233510759 0.01793 84
1753233551098 0.01792 85
1753233591631 0.0179 86
1753233632124 0.01788 87
1753233672411 0.01788 88
1753233713454 0.01787 89
1753233753865 0.01785 90
1753233794579 0.01782 91
1753233835259 0.01783 92
1753233875655 0.01782 93
1753233915905 0.01781 94
1753233956732 0.01778 95
1753233996944 0.0178 96
1753234037309 0.01777 97
1753234077767 0.01775 98
1753234117924 0.01775 99
1753234158722 0.01773 100
1753234198515 0.01772 101
1753234239484 0.01773 102
1753234280141 0.01773 103
1753234320819 0.01769 104
1753234361156 0.01769 105
1753234401361 0.01769 106
1753234442241 0.01767 107
1753234483407 0.01765 108
1753234523733 0.01766 109
1753234563506 0.01764 110
1753234603164 0.01763 111
1753234643439 0.01764 112
1753234683792 0.01764 113
1753234725184 0.01762 114
1753234765926 0.0176 115
1753234806748 0.01759 116
1753234847963 0.01759 117
1753234888088 0.01758 118
1753234928097 0.01756 119
1753234969151 0.01756 120
1753235009127 0.01755 121
1753235049778 0.01756 122
1753235089906 0.01756 123
1753235130301 0.01754 124
1753235171098 0.01752 125
1753235211441 0.01751 126
1753235252668 0.01751 127
1753235293135 0.0175 128
1753235334006 0.01749 129
1753235374392 0.01749 130
1753235414836 0.01751 131
1753235455822 0.0175 132
1753235496230 0.01746 133
1753235536223 0.01745 134
1753235576769 0.01744 135
1753235617242 0.01744 136
1753235657267 0.01745 137
1753235697559 0.01745 138
1753235737924 0.01743 139
1753235778264 0.01744 140
1753235818868 0.01741 141
1753235858920 0.01741 142
1753235899123 0.0174 143
1753235939947 0.01742 144
1753235980028 0.0174 145
1753236020589 0.01739 146
1753236061146 0.01739 147
1753236101541 0.01738 148
1753236142049 0.01739 149
1753236182884 0.01736 150
1753236223447 0.01737 151
1753236263956 0.01734 152
1753236304077 0.01736 153
1753236344294 0.01734 154
1753236384944 0.01737 155
1753236424955 0.01734 156
1753236465639 0.01735 157
1753236505920 0.01731 158
1753236546279 0.01733 159
1753236586808 0.01733 160
1753236627615 0.01732 161
1753236667994 0.0173 162
1753236708517 0.01729 163
1753236748880 0.0173 164
1753236789627 0.01733 165
1753236829703 0.01729 166
1753236869760 0.01728 167
1753236910124 0.0173 168
1753236950589 0.01727 169
1753236990678 0.01726 170
1753237030924 0.01727 171
1753237070971 0.01726 172
1753237111551 0.01726 173
1753237151832 0.01725 174
1753237192302 0.01725 175
1753237232643 0.01724 176
1753237273065 0.01726 177
1753237313476 0.01724 178
1753237354033 0.01723 179
1753237394468 0.01724 180
1753237434966 0.0172 181
1753237475835 0.01721 182
1753237516416 0.01724 183
1753237556711 0.01723 184
1753237597133 0.01722 185
1753237637654 0.01721 186
1753237678479 0.01719 187
1753237718866 0.01721 188
1753237759780 0.01721 189
1753237799929 0.01719 190
1753237840243 0.01718 191
1753237880486 0.01718 192
1753237920933 0.01718 193
1753237961400 0.01718 194
1753238001505 0.0172 195
1753238041953 0.01719 196
1753238082252 0.01716 197
1753238122520 0.01716 198
1753238163026 0.01717 199
1753238203610 0.01717 200
1753238244320 0.01716 201
1753238285255 0.01715 202
1753238325625 0.01714 203
1753238366600 0.01715 204
1753238407041 0.01715 205
1753238447860 0.01714 206
1753238488142 0.01717 207
1753238529029 0.01715 208
1753238569272 0.01712 209
1753238609643 0.01712 210
1753238649816 0.01711 211
1753238690347 0.01712 212
1753238730552 0.0171 213
1753238771667 0.01712 214
1753238812350 0.01712 215
1753238853068 0.01712 216
1753238893566 0.01711 217
1753238934128 0.01711 218
1753238974268 0.01709 219
1753239014517 0.0171 220
1753239055045 0.0171 221
1753239095753 0.01707 222
1753239135960 0.01708 223
1753239176430 0.0171 224
1753239217251 0.01709 225
1753239257411 0.01708 226
1753239298420 0.01709 227
1753239338888 0.01706 228
1753239379275 0.01706 229
1753239419628 0.01708 230
1753239459835 0.01707 231
1753239500010 0.01709 232
1753239540754 0.01706 233
1753239580996 0.01706 234
1753239621578 0.01706 235
1753239662209 0.01707 236
1753239702735 0.01705 237
1753239743182 0.01704 238
1753239783923 0.01704 239
1753239824756 0.01702 240
1753239865118 0.01703 241
1753239905563 0.01705 242
1753239946342 0.01702 243
1753239986551 0.01703 244
1753240027378 0.01704 245
1753240067472 0.01703 246
1753240107815 0.01703 247
1753240148426 0.01701 248
1753240189011 0.01701 249
1753240229461 0.01702 250
1753240269530 0.01702 251
1753240310099 0.01702 252
1753240350271 0.01703 253
1753240391214 0.01701 254
1753240431790 0.017 255
1753240472285 0.01701 256
1753240512519 0.01699 257
1753240553502 0.01698 258
1753240593945 0.01701 259
1753240634046 0.01699 260
1753240674419 0.017 261
1753240715023 0.01698 262
1753240755237 0.017 263
1753240795372 0.01699 264
1753240835417 0.01697 265
1753240876132 0.01697 266
1753240916364 0.01699 267
1753240956795 0.01698 268
1753240997141 0.01698 269
1753241037439 0.01697 270
1753241077786 0.01697 271
1753241118181 0.01699 272
1753241158374 0.01696 273
1753241199030 0.01697 274
1753241239546 0.01696 275
1753241279416 0.01695 276
1753241320184 0.01696 277
1753241361366 0.01695 278
1753241401370 0.01695 279
1753241441887 0.01696 280
1753241481818 0.01697 281
1753241522150 0.01695 282
1753241562088 0.01694 283
1753241602449 0.01694 284
1753241642910 0.01697 285
1753241683347 0.01696 286
1753241723495 0.01695 287
1753241764687 0.01696 288
1753241805310 0.01696 289
1753241845794 0.01695 290
1753241885637 0.01695 291
1753241926683 0.01695 292
1753241966849 0.01693 293
1753242007178 0.01694 294
1753242047785 0.01692 295
1753242088444 0.01691 296
1753242128844 0.01692 297
1753242169177 0.01691 298
1753242209541 0.01692 299
1753242250035 0.01691 300
