1753281611788 0.51388 1
1753281642110 0.33507 2
1753281671317 0.18416 3
1753281700520 0.10701 4
1753281729403 0.07029 5
1753281757968 0.0516 6
1753281787203 0.04116 7
1753281816108 0.03487 8
1753281845080 0.03079 9
1753281874219 0.02804 10
1753281902977 0.02608 11
1753281932415 0.02464 12
1753281961704 0.02353 13
1753281990460 0.0227 14
1753282019713 0.02202 15
1753282048987 0.02149 16
1753282077934 0.02103 17
1753282106868 0.02055 18
1753282136006 0.0202 19
1753282164682 0.01993 20
1753282194183 0.01974 21
1753282223721 0.01956 22
1753282252813 0.01939 23
1753282281612 0.01925 24
1753282311036 0.01915 25
1753282340204 0.01904 26
1753282368926 0.01892 27
1753282397593 0.01885 28
1753282426152 0.01877 29
1753282455090 0.0187 30
1753282483951 0.01866 31
1753282512931 0.01858 32
1753282542372 0.01853 33
1753282571699 0.01848 34
1753282600924 0.01843 35
1753282630116 0.01838 36
1753282659218 0.01838 37
1753282687969 0.01832 38
1753282717214 0.01828 39
1753282746966 0.01826 40
1753282776509 0.01823 41
1753282806215 0.0182 42
1753282835495 0.01817 43
1753282864499 0.01814 44
1753282893544 0.01812 45
1753282922858 0.01809 46
1753282952375 0.01807 47
1753282981350 0.01806 48
1753283010358 0.01803 49
1753283039453 0.01802 50
1753283068859 0.01801 51
1753283097773 0.01799 52
1753283126766 0.01795 53
1753283156280 0.01795 54
1753283185370 0.01792 55
1753283214192 0.01792 56
1753283243128 0.0179 57
1753283272592 0.01789 58
1753283301945 0.01789 59
1753283331544 0.01786 60
1753283360713 0.01786 61
1753283389476 0.01782 62
1753283418385 0.01782 63
1753283447790 0.0178 64
1753283477178 0.01779 65
1753283506613 0.0178 66
1753283535794 0.01778 67
1753283565242 0.01778 68
1753283593838 0.01777 69
1753283623202 0.01774 70
1753283652476 0.01773 71
1753283681644 0.01773 72
1753283710478 0.01772 73
1753283739713 0.01769 74
1753283768374 0.01769 75
1753283797800 0.01769 76
1753283826747 0.01766 77
1753283856423 0.01766 78
1753283885378 0.01767 79
1753283913996 0.01763 80
1753283943285 0.01764 81
1753283972736 0.01761 82
1753284001391 0.01762 83
1753284030715 0.0176 84
1753284060276 0.01762 85
1753284089310 0.01761 86
1753284118890 0.0176 87
1753284148352 0.01757 88
1753284177812 0.01759 89
1753284206741 0.01756 90
1753284235700 0.01756 91
1753284264574 0.01754 92
1753284293841 0.01755 93
1753284322843 0.01754 94
1753284352308 0.01753 95
1753284381422 0.01753 96
1753284409630 0.01752 97
1753284438700 0.0175 98
1753284467648 0.01749 99
1753284496712 0.0175 100
1753284525793 0.01747 101
1753284554816 0.01747 102
1753284584156 0.01748 103
1753284612778 0.01747 104
1753284642022 0.01746 105
1753284670822 0.01745 106
1753284699587 0.01743 107
1753284728415 0.01745 108
1753284757042 0.01743 109
1753284786282 0.01742 110
1753284815743 0.01742 111
1753284844684 0.01742 112
1753284873504 0.0174 113
1753284902915 0.0174 114
1753284932510 0.0174 115
1753284961809 0.01739 116
1753284991071 0.01738 117
1753285020876 0.01736 118
1753285049536 0.01738 119
1753285078392 0.01736 120
1753285107944 0.01736 121
1753285136821 0.01736 122
1753285165848 0.01737 123
1753285194517 0.01732 124
1753285223640 0.01734 125
1753285252790 0.01733 126
1753285282075 0.01735 127
1753285311453 0.01733 128
1753285340804 0.01734 129
1753285370081 0.01732 130
1753285398985 0.01731 131
1753285428299 0.01731 132
1753285457430 0.01733 133
1753285486397 0.01731 134
1753285515770 0.01728 135
1753285545265 0.01728 136
1753285574186 0.01728 137
1753285603387 0.01727 138
1753285632853 0.01727 139
1753285661994 0.01729 140
1753285690852 0.01726 141
1753285719593 0.01727 142
1753285748396 0.01726 143
1753285777445 0.01726 144
1753285806169 0.01724 145
1753285834904 0.01725 146
1753285863079 0.01723 147
1753285892265 0.01724 148
1753285921900 0.01724 149
1753285950858 0.01721 150
1753285980062 0.01721 151
1753286008850 0.01723 152
1753286038171 0.01721 153
1753286067193 0.0172 154
1753286096367 0.01719 155
1753286125593 0.0172 156
1753286154917 0.0172 157
1753286184605 0.0172 158
1753286213487 0.01719 159
1753286242727 0.01718 160
1753286271510 0.01717 161
1753286300309 0.01719 162
1753286329903 0.01718 163
1753286359258 0.01716 164
1753286388353 0.01717 165
1753286417922 0.01714 166
1753286446625 0.01715 167
1753286475464 0.01717 168
1753286504252 0.01715 169
1753286533676 0.01715 170
1753286562929 0.01716 171
1753286591769 0.01715 172
1753286620777 0.01712 173
1753286650393 0.01714 174
1753286679985 0.01714 175
1753286709092 0.01714 176
1753286737678 0.01712 177
1753286766870 0.01713 178
1753286796293 0.01711 179
1753286825314 0.01711 180
1753286854967 0.01709 181
1753286884476 0.0171 182
1753286913473 0.01712 183
1753286942854 0.01711 184
1753286972064 0.01711 185
1753287001649 0.01709 186
1753287030831 0.01708 187
1753287060254 0.01708 188
1753287089251 0.0171 189
1753287118542 0.0171 190
1753287147595 0.01709 191
1753287176825 0.0171 192
1753287206501 0.01709 193
1753287235377 0.01706 194
1753287264251 0.01707 195
1753287293510 0.01708 196
1753287322418 0.01706 197
1753287351429 0.01706 198
1753287380710 0.01704 199
1753287409562 0.01707 200
1753287438284 0.01706 201
1753287467633 0.01704 202
1753287496828 0.01706 203
1753287526245 0.01706 204
1753287555357 0.01705 205
1753287584134 0.01704 206
1753287613844 0.01703 207
1753287642636 0.01704 208
1753287671946 0.01704 209
1753287701170 0.01702 210
1753287730140 0.01704 211
1753287759773 0.01703 212
1753287788831 0.01703 213
1753287817871 0.01705 214
1753287846856 0.017 215
1753287875695 0.01702 216
1753287904799 0.01703 217
1753287933521 0.01701 218
1753287963490 0.01702 219
1753287993106 0.01703 220
1753288022377 0.017 221
1753288051582 0.01699 222
1753288081116 0.017 223
1753288110296 0.01701 224
1753288139583 0.01699 225
1753288168512 0.01699 226
1753288198070 0.01699 227
1753288227061 0.01699 228
1753288255850 0.017 229
1753288285534 0.01698 230
1753288313879 0.01699 231
1753288343279 0.01699 232
1753288372886 0.01699 233
1753288402442 0.01698 234
1753288431468 0.01697 235
1753288461074 0.01698 236
1753288490585 0.01698 237
1753288519973 0.01697 238
1753288548381 0.01696 239
1753288577670 0.01696 240
1753288606469 0.01696 241
1753288635074 0.01697 242
1753288664241 0.01696 243
1753288692445 0.01696 244
1753288721568 0.01697 245
1753288750256 0.01696 246
1753288779581 0.01694 247
1753288809020 0.01695 248
1753288838089 0.01694 249
1753288867686 0.01695 250
1753288896442 0.01695 251
1753288925780 0.01693 252
1753288954914 0.01694 253
1753288983912 0.01694 254
1753289013162 0.01695 255
1753289042441 0.01695 256
1753289071255 0.01693 257
1753289100396 0.01694 258
1753289129493 0.01692 259
1753289159095 0.01692 260
1753289188468 0.01693 261
1753289217519 0.01691 262
1753289246586 0.01693 263
1753289275858 0.01692 264
1753289305467 0.01691 265
1753289335067 0.01691 266
1753289364214 0.01691 267
1753289393211 0.01693 268
1753289422335 0.01691 269
1753289451167 0.01691 270
1753289480246 0.01691 271
1753289509279 0.01689 272
1753289538388 0.0169 273
1753289567590 0.0169 274
1753289596443 0.01691 275
1753289625362 0.01691 276
1753289654352 0.01691 277
1753289683259 0.01689 278
1753289712130 0.01689 279
1753289741192 0.0169 280
1753289770031 0.0169 281
1753289799029 0.01689 282
1753289827777 0.01687 283
1753289857210 0.01689 284
1753289886385 0.0169 285
1753289914977 0.01688 286
1753289943998 0.0169 287
1753289973359 0.01688 288
1753290002685 0.01687 289
1753290032144 0.01686 290
1753290061184 0.01687 291
1753290090542 0.01687 292
1753290119470 0.01688 293
1753290148463 0.01687 294
1753290177596 0.01688 295
1753290207186 0.01687 296
1753290236137 0.01686 297
1753290265125 0.01686 298
1753290293900 0.01687 299
1753290323045 0.01687 300
