1753367804574 0.55672 1
1753367847055 0.35186 2
1753367888541 0.22703 3
1753367929014 0.1501 4
1753367969525 0.10481 5
1753368010150 0.07783 6
1753368050704 0.06111 7
1753368091260 0.0503 8
1753368133709 0.043 9
1753368174370 0.03786 10
1753368215126 0.03418 11
1753368256310 0.03139 12
1753368297285 0.02926 13
1753368338552 0.02763 14
1753368379866 0.0263 15
1753368421627 0.02522 16
1753368462804 0.02439 17
1753368504463 0.02359 18
1753368545559 0.02301 19
1753368586683 0.02249 20
1753368628186 0.02201 21
1753368670312 0.02167 22
1753368711791 0.0213 23
1753368753545 0.02102 24
1753368795263 0.02073 25
1753368838737 0.02049 26
1753368881603 0.02028 27
1753368924246 0.02008 28
1753368966318 0.0199 29
1753369008008 0.01972 30
1753369049695 0.01962 31
1753369091929 0.01946 32
1753369134268 0.01936 33
1753369176241 0.01923 34
1753369218799 0.01912 35
1753369261625 0.01903 36
1753369304155 0.01894 37
1753369346185 0.01888 38
1753369389052 0.0188 39
1753369431353 0.01874 40
1753369474977 0.01851 41
1753369517952 0.01848 42
1753369560858 0.01842 43
1753369602941 0.01841 44
1753369644798 0.01837 45
1753369687479 0.01837 46
1753369729431 0.01833 47
1753369772167 0.01833 48
1753369814915 0.0183 49
1753369856294 0.01825 50
1753369898761 0.01823 51
1753369941254 0.01823 52
1753369984164 0.01823 53
1753370026197 0.01823 54
1753370067630 0.01819 55
1753370110032 0.0182 56
1753370151846 0.01819 57
1753370193614 0.01819 58
1753370235647 0.01817 59
1753370277690 0.01817 60
1753370319665 0.01818 61
1753370361990 0.01818 62
1753370404697 0.01816 63
1753370446273 0.01816 64
1753370488979 0.01817 65
1753370531819 0.01816 66
1753370574842 0.01816 67
1753370617009 0.01817 68
1753370659887 0.01815 69
1753370702747 0.01815 70
1753370745282 0.01815 71
1753370788094 0.01817 72
1753370830890 0.01817 73
1753370873806 0.01813 74
1753370916436 0.01815 75
1753370959360 0.01815 76
1753371002096 0.01814 77
1753371045341 0.01817 78
1753371087455 0.01817 79
1753371130226 0.01815 80
1753371173335 0.01816 81
1753371215736 0.01816 82
1753371258334 0.01816 83
1753371300738 0.01815 84
1753371343078 0.01815 85
1753371385038 0.01815 86
1753371426867 0.01818 87
1753371470038 0.01816 88
1753371512907 0.01816 89
1753371555421 0.01815 90
1753371597843 0.01815 91
1753371640907 0.01814 92
1753371684045 0.01818 93
1753371726287 0.01816 94
1753371769019 0.01814 95
1753371811933 0.01817 96
1753371854830 0.01814 97
1753371897759 0.01816 98
1753371941234 0.01812 99
1753371984492 0.01814 100
1753372026931 0.01814 101
1753372069244 0.01814 102
1753372111236 0.01814 103
1753372152662 0.01813 104
1753372195629 0.01816 105
1753372236989 0.01816 106
1753372278942 0.01813 107
1753372321257 0.01816 108
1753372363880 0.01814 109
1753372406005 0.01815 110
1753372448188 0.01815 111
1753372490182 0.01816 112
1753372532749 0.01815 113
1753372574671 0.01815 114
1753372616776 0.01815 115
1753372659314 0.01814 116
1753372701356 0.01813 117
1753372743398 0.01814 118
1753372786136 0.01813 119
1753372828484 0.01815 120
1753372871281 0.01814 121
1753372913200 0.01814 122
1753372955464 0.01813 123
1753372998012 0.01813 124
1753373040331 0.01814 125
1753373082457 0.01814 126
1753373125231 0.01816 127
1753373167978 0.01812 128
1753373210570 0.01813 129
1753373252427 0.01814 130
1753373294489 0.01814 131
1753373336681 0.01815 132
1753373378785 0.01812 133
1753373420987 0.01813 134
1753373463081 0.01812 135
1753373505892 0.01814 136
1753373547457 0.01811 137
1753373590260 0.01812 138
1753373632652 0.01812 139
1753373674972 0.01811 140
1753373719401 0.01813 141
1753373761443 0.01814 142
1753373803166 0.01811 143
1753373844950 0.01812 144
1753373886577 0.01812 145
1753373928792 0.01814 146
1753373971610 0.01812 147
1753374014561 0.01811 148
1753374056854 0.01812 149
1753374099116 0.01812 150
1753374141786 0.01813 151
1753374184242 0.01813 152
1753374225889 0.01812 153
1753374268791 0.01814 154
1753374310753 0.01813 155
1753374352930 0.01811 156
1753374394826 0.01812 157
1753374436367 0.0181 158
1753374478871 0.01811 159
1753374521047 0.0181 160
1753374562904 0.01811 161
1753374605501 0.01812 162
1753374648270 0.0181 163
1753374690859 0.01812 164
1753374732951 0.01812 165
1753374775873 0.0181 166
1753374818198 0.0181 167
1753374860889 0.01811 168
1753374903379 0.01811 169
1753374946172 0.0181 170
1753374988812 0.0181 171
1753375031274 0.01811 172
1753375073928 0.01809 173
1753375116108 0.01811 174
1753375157643 0.01813 175
1753375199946 0.01811 176
1753375242342 0.0181 177
1753375285147 0.01812 178
1753375327286 0.01808 179
1753375369525 0.01812 180
1753375412246 0.01811 181
1753375454954 0.01809 182
1753375497660 0.01807 183
1753375539286 0.0181 184
1753375581909 0.01809 185
1753375623686 0.01809 186
1753375666325 0.01814 187
1753375708607 0.01808 188
1753375750830 0.01811 189
1753375792986 0.01809 190
1753375834915 0.0181 191
1753375877381 0.01808 192
1753375919409 0.0181 193
1753375961327 0.0181 194
1753376003483 0.01807 195
1753376045330 0.01809 196
1753376087688 0.01809 197
1753376129482 0.01808 198
1753376171599 0.01811 199
1753376213687 0.01809 200
1753376255058 0.01808 201
1753376297016 0.01808 202
1753376339004 0.01809 203
1753376381104 0.0181 204
1753376422563 0.01808 205
1753376464907 0.01809 206
1753376507077 0.01808 207
1753376549439 0.01808 208
1753376591880 0.01807 209
1753376634114 0.01808 210
1753376675154 0.01807 211
1753376716961 0.01809 212
1753376759644 0.01811 213
1753376801986 0.01808 214
1753376844458 0.01807 215
1753376886410 0.01808 216
1753376928589 0.01807 217
1753376970789 0.01808 218
1753377012885 0.01806 219
1753377055466 0.01807 220
1753377097523 0.01807 221
1753377140123 0.01809 222
1753377181936 0.01806 223
1753377224195 0.01806 224
1753377265744 0.01807 225
1753377307719 0.01806 226
1753377350797 0.01808 227
1753377392571 0.01807 228
1753377434870 0.01807 229
1753377477590 0.0181 230
1753377520024 0.0181 231
1753377562107 0.01808 232
1753377604463 0.01807 233
1753377646047 0.01806 234
1753377688548 0.01806 235
1753377730453 0.01806 236
1753377772511 0.01809 237
1753377814549 0.01806 238
1753377856697 0.01808 239
1753377898791 0.01807 240
1753377940532 0.01808 241
1753377982575 0.01803 242
1753378024307 0.01807 243
1753378065506 0.01804 244
1753378108072 0.01805 245
1753378150295 0.01806 246
1753378192528 0.01806 247
1753378235136 0.01808 248
1753378277458 0.01806 249
1753378318827 0.01806 250
1753378361120 0.01806 251
1753378403203 0.01807 252
1753378446597 0.01805 253
1753378489659 0.01807 254
1753378532192 0.01806 255
1753378574488 0.01806 256
1753378616381 0.01805 257
1753378658222 0.01806 258
1753378699644 0.01805 259
1753378741446 0.01807 260
1753378783498 0.01806 261
1753378825820 0.01804 262
1753378867677 0.01806 263
1753378909854 0.01805 264
1753378951507 0.01803 265
1753378993887 0.01806 266
1753379036164 0.01806 267
1753379078099 0.01805 268
1753379120608 0.01803 269
1753379162500 0.01804 270
1753379204670 0.01804 271
1753379247086 0.01805 272
1753379289463 0.01806 273
1753379331715 0.01804 274
1753379374569 0.01806 275
1753379417032 0.01803 276
1753379458604 0.01807 277
1753379500784 0.01805 278
1753379543349 0.01804 279
1753379585133 0.01804 280
1753379627277 0.01804 281
1753379670500 0.01805 282
1753379712616 0.01804 283
1753379754798 0.01803 284
1753379796963 0.01806 285
1753379839032 0.01805 286
1753379881367 0.01803 287
1753379924264 0.01805 288
1753379966129 0.01803 289
1753380008524 0.01806 290
1753380050676 0.01803 291
1753380092850 0.01802 292
1753380135472 0.01802 293
1753380176945 0.01802 294
1753380219710 0.01805 295
1753380262266 0.01803 296
1753380304690 0.01802 297
1753380346195 0.01802 298
1753380388748 0.01803 299
1753380431149 0.01804 300
