1753367823088 0.0010000000474974513 1
1753367864664 0.0010000000474974513 2
1753367905168 0.0010000000474974513 3
1753367945738 0.0010000000474974513 4
1753367986251 0.0010000000474974513 5
1753368026875 0.0010000000474974513 6
1753368067469 0.0010000000474974513 7
1753368109879 0.0010000000474974513 8
1753368150439 0.0010000000474974513 9
1753368191263 0.0010000000474974513 10
1753368232052 0.0010000000474974513 11
1753368273234 0.0010000000474974513 12
1753368314184 0.0010000000474974513 13
1753368355424 0.0010000000474974513 14
1753368397300 0.0010000000474974513 15
1753368438383 0.0010000000474974513 16
1753368479828 0.0010000000474974513 17
1753368521156 0.0010000000474974513 18
1753368562186 0.0010000000474974513 19
1753368603436 0.0010000000474974513 20
1753368644934 0.0010000000474974513 21
1753368686968 0.0010000000474974513 22
1753368728468 0.0010000000474974513 23
1753368770161 0.0010000000474974513 24
1753368813258 0.0010000000474974513 25
1753368856273 0.0010000000474974513 26
1753368899072 0.0010000000474974513 27
1753368941174 0.0010000000474974513 28
1753368983782 0.0010000000474974513 29
1753369025501 0.0010000000474974513 30
1753369067556 0.0010000000474974513 31
1753369109957 0.0010000000474974513 32
1753369151969 0.0010000000474974513 33
1753369193712 0.0010000000474974513 34
1753369236659 0.0010000000474974513 35
1753369279096 0.0010000000474974513 36
1753369320923 0.0010000000474974513 37
1753369363647 0.0010000000474974513 38
1753369405944 0.0010000000474974513 39
1753369449640 0.00020000000949949026 40
1753369492563 0.00020000000949949026 41
1753369535635 0.00020000000949949026 42
1753369577701 0.00020000000949949026 43
1753369619890 0.00020000000949949026 44
1753369662248 0.00020000000949949026 45
1753369704405 0.00020000000949949026 46
1753369746903 0.00020000000949949026 47
1753369789634 0.00020000000949949026 48
1753369831438 4.0000002627493814e-05 49
1753369873771 4.0000002627493814e-05 50
1753369916010 4.0000002627493814e-05 51
1753369958877 4.0000002627493814e-05 52
1753370000844 4.0000002627493814e-05 53
1753370042948 4.0000002627493814e-05 54
1753370085216 4.0000002627493814e-05 55
1753370127477 4.0000002627493814e-05 56
1753370169337 4.0000002627493814e-05 57
1753370211277 8.000000889296643e-06 58
1753370253126 8.000000889296643e-06 59
1753370295160 8.000000889296643e-06 60
1753370337544 8.000000889296643e-06 61
1753370380198 8.000000889296643e-06 62
1753370421635 8.000000889296643e-06 63
1753370463880 8.000000889296643e-06 64
1753370506460 8.000000889296643e-06 65
1753370549304 8.000000889296643e-06 66
1753370591920 1.6000001323845936e-06 67
1753370634506 1.6000001323845936e-06 68
1753370677357 1.6000001323845936e-06 69
1753370720238 1.6000001323845936e-06 70
1753370762921 1.6000001323845936e-06 71
1753370805635 1.6000001323845936e-06 72
1753370848362 1.6000001323845936e-06 73
1753370891416 1.6000001323845936e-06 74
1753370933917 1.6000001323845936e-06 75
1753370976869 9.999999974752427e-07 76
1753371020137 9.999999974752427e-07 77
1753371062269 9.999999974752427e-07 78
1753371104910 9.999999974752427e-07 79
1753371147668 9.999999974752427e-07 80
1753371190786 9.999999974752427e-07 81
1753371233187 9.999999974752427e-07 82
1753371275797 9.999999974752427e-07 83
1753371317826 9.999999974752427e-07 84
1753371359708 9.999999974752427e-07 85
1753371401762 9.999999974752427e-07 86
1753371444947 9.999999974752427e-07 87
1753371487779 9.999999974752427e-07 88
1753371530633 9.999999974752427e-07 89
1753371572740 9.999999974752427e-07 90
1753371615346 9.999999974752427e-07 91
1753371658574 9.999999974752427e-07 92
1753371701079 9.999999974752427e-07 93
1753371743985 9.999999974752427e-07 94
1753371786614 9.999999974752427e-07 95
1753371829643 9.999999974752427e-07 96
1753371872542 9.999999974752427e-07 97
1753371916009 9.999999974752427e-07 98
1753371959064 9.999999974752427e-07 99
1753372001934 9.999999974752427e-07 100
1753372044916 9.999999974752427e-07 101
1753372086284 9.999999974752427e-07 102
1753372128162 9.999999974752427e-07 103
1753372170890 9.999999974752427e-07 104
1753372212388 9.999999974752427e-07 105
1753372254237 9.999999974752427e-07 106
1753372296930 9.999999974752427e-07 107
1753372339059 9.999999974752427e-07 108
1753372381383 9.999999974752427e-07 109
1753372423405 9.999999974752427e-07 110
1753372465706 9.999999974752427e-07 111
1753372508108 9.999999974752427e-07 112
1753372550223 9.999999974752427e-07 113
1753372592247 9.999999974752427e-07 114
1753372634772 9.999999974752427e-07 115
1753372676811 9.999999974752427e-07 116
1753372718641 9.999999974752427e-07 117
1753372761566 9.999999974752427e-07 118
1753372803687 9.999999974752427e-07 119
1753372846687 9.999999974752427e-07 120
1753372888790 9.999999974752427e-07 121
1753372930709 9.999999974752427e-07 122
1753372972983 9.999999974752427e-07 123
1753373015544 9.999999974752427e-07 124
1753373057833 9.999999974752427e-07 125
1753373100633 9.999999974752427e-07 126
1753373142923 9.999999974752427e-07 127
1753373185868 9.999999974752427e-07 128
1753373227529 9.999999974752427e-07 129
1753373269735 9.999999974752427e-07 130
1753373311842 9.999999974752427e-07 131
1753373354198 9.999999974752427e-07 132
1753373396509 9.999999974752427e-07 133
1753373438039 9.999999974752427e-07 134
1753373481286 9.999999974752427e-07 135
1753373522534 9.999999974752427e-07 136
1753373565617 9.999999974752427e-07 137
1753373608104 9.999999974752427e-07 138
1753373650149 9.999999974752427e-07 139
1753373695020 9.999999974752427e-07 140
1753373736966 9.999999974752427e-07 141
1753373778464 9.999999974752427e-07 142
1753373820086 9.999999974752427e-07 143
1753373861892 9.999999974752427e-07 144
1753373904062 9.999999974752427e-07 145
1753373947017 9.999999974752427e-07 146
1753373989812 9.999999974752427e-07 147
1753374032125 9.999999974752427e-07 148
1753374074713 9.999999974752427e-07 149
1753374117285 9.999999974752427e-07 150
1753374159383 9.999999974752427e-07 151
1753374201172 9.999999974752427e-07 152
1753374244126 9.999999974752427e-07 153
1753374286257 9.999999974752427e-07 154
1753374328048 9.999999974752427e-07 155
1753374369916 9.999999974752427e-07 156
1753374411719 9.999999974752427e-07 157
1753374454307 9.999999974752427e-07 158
1753374496344 9.999999974752427e-07 159
1753374538099 9.999999974752427e-07 160
1753374581135 9.999999974752427e-07 161
1753374623697 9.999999974752427e-07 162
1753374666473 9.999999974752427e-07 163
1753374708438 9.999999974752427e-07 164
1753374751187 9.999999974752427e-07 165
1753374793427 9.999999974752427e-07 166
1753374836428 9.999999974752427e-07 167
1753374878649 9.999999974752427e-07 168
1753374921588 9.999999974752427e-07 169
1753374964437 9.999999974752427e-07 170
1753375006577 9.999999974752427e-07 171
1753375049517 9.999999974752427e-07 172
1753375091674 9.999999974752427e-07 173
1753375132886 9.999999974752427e-07 174
1753375175371 9.999999974752427e-07 175
1753375217703 9.999999974752427e-07 176
1753375260526 9.999999974752427e-07 177
1753375302600 9.999999974752427e-07 178
1753375345032 9.999999974752427e-07 179
1753375387755 9.999999974752427e-07 180
1753375430462 9.999999974752427e-07 181
1753375472893 9.999999974752427e-07 182
1753375514549 9.999999974752427e-07 183
1753375557420 9.999999974752427e-07 184
1753375599152 9.999999974752427e-07 185
1753375641687 9.999999974752427e-07 186
1753375684185 9.999999974752427e-07 187
1753375726008 9.999999974752427e-07 188
1753375768434 9.999999974752427e-07 189
1753375810449 9.999999974752427e-07 190
1753375852595 9.999999974752427e-07 191
1753375894852 9.999999974752427e-07 192
1753375936898 9.999999974752427e-07 193
1753375978447 9.999999974752427e-07 194
1753376020954 9.999999974752427e-07 195
1753376063089 9.999999974752427e-07 196
1753376104601 9.999999974752427e-07 197
1753376147118 9.999999974752427e-07 198
1753376189101 9.999999974752427e-07 199
1753376230381 9.999999974752427e-07 200
1753376272512 9.999999974752427e-07 201
1753376314492 9.999999974752427e-07 202
1753376356482 9.999999974752427e-07 203
1753376397849 9.999999974752427e-07 204
1753376440306 9.999999974752427e-07 205
1753376482656 9.999999974752427e-07 206
1753376524521 9.999999974752427e-07 207
1753376567186 9.999999974752427e-07 208
1753376609467 9.999999974752427e-07 209
1753376650740 9.999999974752427e-07 210
1753376692446 9.999999974752427e-07 211
1753376734897 9.999999974752427e-07 212
1753376777583 9.999999974752427e-07 213
1753376819672 9.999999974752427e-07 214
1753376861943 9.999999974752427e-07 215
1753376904054 9.999999974752427e-07 216
1753376946097 9.999999974752427e-07 217
1753376988302 9.999999974752427e-07 218
1753377030625 9.999999974752427e-07 219
1753377072991 9.999999974752427e-07 220
1753377115255 9.999999974752427e-07 221
1753377157644 9.999999974752427e-07 222
1753377199710 9.999999974752427e-07 223
1753377240950 9.999999974752427e-07 224
1753377283138 9.999999974752427e-07 225
1753377326006 9.999999974752427e-07 226
1753377368000 9.999999974752427e-07 227
1753377410080 9.999999974752427e-07 228
1753377453133 9.999999974752427e-07 229
1753377495336 9.999999974752427e-07 230
1753377537489 9.999999974752427e-07 231
1753377579818 9.999999974752427e-07 232
1753377621264 9.999999974752427e-07 233
1753377663797 9.999999974752427e-07 234
1753377705600 9.999999974752427e-07 235
1753377748034 9.999999974752427e-07 236
1753377789874 9.999999974752427e-07 237
1753377832065 9.999999974752427e-07 238
1753377874198 9.999999974752427e-07 239
1753377915549 9.999999974752427e-07 240
1753377958030 9.999999974752427e-07 241
1753377999251 9.999999974752427e-07 242
1753378040980 9.999999974752427e-07 243
1753378083103 9.999999974752427e-07 244
1753378125652 9.999999974752427e-07 245
1753378167806 9.999999974752427e-07 246
1753378210528 9.999999974752427e-07 247
1753378252969 9.999999974752427e-07 248
1753378294210 9.999999974752427e-07 249
1753378336379 9.999999974752427e-07 250
1753378378598 9.999999974752427e-07 251
1753378421816 9.999999974752427e-07 252
1753378464840 9.999999974752427e-07 253
1753378507732 9.999999974752427e-07 254
1753378549706 9.999999974752427e-07 255
1753378591353 9.999999974752427e-07 256
1753378633260 9.999999974752427e-07 257
1753378674939 9.999999974752427e-07 258
1753378716520 9.999999974752427e-07 259
1753378758858 9.999999974752427e-07 260
1753378801057 9.999999974752427e-07 261
1753378843054 9.999999974752427e-07 262
1753378884888 9.999999974752427e-07 263
1753378926961 9.999999974752427e-07 264
1753378969073 9.999999974752427e-07 265
1753379011456 9.999999974752427e-07 266
1753379053693 9.999999974752427e-07 267
1753379095625 9.999999974752427e-07 268
1753379138171 9.999999974752427e-07 269
1753379180005 9.999999974752427e-07 270
1753379222219 9.999999974752427e-07 271
1753379264593 9.999999974752427e-07 272
1753379307183 9.999999974752427e-07 273
1753379349894 9.999999974752427e-07 274
1753379392089 9.999999974752427e-07 275
1753379433734 9.999999974752427e-07 276
1753379476146 9.999999974752427e-07 277
1753379518294 9.999999974752427e-07 278
1753379560202 9.999999974752427e-07 279
1753379602818 9.999999974752427e-07 280
1753379645527 9.999999974752427e-07 281
1753379688016 9.999999974752427e-07 282
1753379730143 9.999999974752427e-07 283
1753379772346 9.999999974752427e-07 284
1753379814480 9.999999974752427e-07 285
1753379856390 9.999999974752427e-07 286
1753379899667 9.999999974752427e-07 287
1753379941109 9.999999974752427e-07 288
1753379983834 9.999999974752427e-07 289
1753380025747 9.999999974752427e-07 290
1753380068204 9.999999974752427e-07 291
1753380110791 9.999999974752427e-07 292
1753380152219 9.999999974752427e-07 293
1753380195023 9.999999974752427e-07 294
1753380237548 9.999999974752427e-07 295
1753380279971 9.999999974752427e-07 296
1753380321700 9.999999974752427e-07 297
1753380363893 9.999999974752427e-07 298
1753380406495 9.999999974752427e-07 299
1753380449004 9.999999974752427e-07 300
