1752767540448 1.0 0
1752767557394 2.0 0
1752767574243 3.0 0
1752767591730 4.0 0
1752767608934 5.0 0
1752767625852 6.0 0
1752767642662 7.0 0
1752767659589 8.0 0
1752767676801 9.0 0
1752767693979 10.0 0
1752767710850 11.0 0
1752767727676 12.0 0
1752767744436 13.0 0
1752767761589 14.0 0
1752767778791 15.0 0
1752767795985 16.0 0
1752767813223 17.0 0
1752767830329 18.0 0
1752767847599 19.0 0
1752767865228 20.0 0
1752767882439 21.0 0
1752767899641 22.0 0
1752767916819 23.0 0
1752767933991 24.0 0
1752767951178 25.0 0
1752767985540 27.0 0
1752768002657 28.0 0
1752768019852 29.0 0
1752768036748 30.0 0
1752768053052 31.0 0
1752768118576 35.0 0
1752768134892 36.0 0
1752768168022 38.0 0
1752768201640 40.0 0
1752768251171 43.0 0
