1752767526357 0.71402 1
1752767543517 0.55707 2
1752767560461 0.44563 3
1752767577325 0.34456 4
1752767594824 0.26532 5
1752767612032 0.20671 6
1752767628924 0.16371 7
1752767645752 0.13284 8
1752767662689 0.10953 9
1752767679881 0.09209 10
1752767697087 0.0787 11
1752767713944 0.06876 12
1752767730742 0.06106 13
1752767747494 0.05506 14
1752767764699 0.0503 15
1752767781885 0.04633 16
1752767799096 0.04311 17
1752767816321 0.04045 18
1752767833441 0.03823 19
1752767850700 0.03619 20
1752767868337 0.03401 21
1752767885516 0.03225 22
1752767902721 0.03104 23
1752767919899 0.03005 24
1752767937063 0.02912 25
1752767954249 0.0284 26
1752767971338 0.02777 27
1752767988589 0.02722 28
1752768005759 0.02678 29
1752768022977 0.02627 30
1752768039833 0.02591 31
1752768056135 0.0255 32
1752768072427 0.02521 33
1752768088655 0.02488 34
1752768104938 0.02457 35
1752768121644 0.0243 36
1752768137912 0.02408 37
1752768154244 0.02385 38
1752768171089 0.02364 39
1752768187859 0.02341 40
1752768204713 0.02329 41
1752768221133 0.02314 42
1752768237540 0.02301 43
1752768254238 0.02283 44
1752768270616 0.02267 45
1752768286963 0.02257 46
1752768303357 0.02248 47
1752768319726 0.02238 48
1752768336093 0.02229 49
1752768352513 0.02212 50
1752768369062 0.02202 51
1752768385943 0.0219 52
1752768402241 0.02182 53
