1753245172993 1.0 0
1753245191000 2.0 0
1753245207870 3.0 0
1753245224605 4.0 0
1753245241784 5.0 0
1753245258790 6.0 0
1753245275497 7.0 0
1753245292197 8.0 0
1753245309071 9.0 0
1753245326314 10.0 0
1753245343139 11.0 0
1753245360266 12.0 0
1753245377552 13.0 0
1753245394826 14.0 0
1753245411687 15.0 0
1753245428714 16.0 0
1753245446008 17.0 0
1753245462829 18.0 0
1753245479790 19.0 0
1753245496798 20.0 0
1753245514013 21.0 0
1753245530945 22.0 0
1753245547829 23.0 0
1753245581766 25.0 0
1753245598784 26.0 0
1753245615727 27.0 0
1753245650081 29.0 0
1753245701141 32.0 0
1753245718001 33.0 0
1753245785570 37.0 0
1753245904736 44.0 0
1753245921481 45.0 0
