1753245159965 0.58161 1
1753245179112 0.44875 2
1753245196702 0.34902 3
1753245213642 0.25291 4
1753245230345 0.17995 5
1753245247451 0.13212 6
1753245264396 0.10068 7
1753245281151 0.07974 8
1753245297853 0.06516 9
1753245314821 0.05505 10
1753245331988 0.04775 11
1753245348931 0.04217 12
1753245365990 0.03729 13
1753245383310 0.03413 14
1753245400570 0.03161 15
1753245417505 0.0297 16
1753245434536 0.02817 17
1753245451802 0.02693 18
1753245468556 0.02593 19
1753245485549 0.02508 20
1753245502610 0.02447 21
1753245519737 0.02375 22
1753245536710 0.02317 23
1753245553436 0.02274 24
1753245570503 0.02243 25
1753245587515 0.02196 26
1753245604514 0.02166 27
1753245621486 0.02151 28
1753245638657 0.02114 29
1753245656004 0.0209 30
1753245672824 0.0207 31
1753245689616 0.02054 32
1753245706866 0.02037 33
1753245723718 0.02022 34
1753245740351 0.0201 35
1753245757443 0.01998 36
1753245774527 0.01993 37
1753245791307 0.01974 38
1753245808227 0.01963 39
1753245825219 0.01948 40
1753245842296 0.0194 41
1753245859283 0.01937 42
1753245876107 0.01936 43
1753245893260 0.0193 44
1753245910481 0.01931 45
1753245927210 0.01914 46
1753245944068 0.01912 47
1753245961262 0.01903 48
1753245978000 0.01899 49
1753245994916 0.01892 50
1753246011919 0.01883 51
1753246028988 0.01878 52
1753246045734 0.01881 53
1753246062392 0.01875 54
1753246079430 0.01871 55
1753246096510 0.01869 56
1753246113186 0.01869 57
1753246130163 0.01856 58
1753246147253 0.01852 59
1753246164383 0.01852 60
1753246181189 0.01851 61
1753246198101 0.01847 62
1753246215435 0.01852 63
1753246232224 0.01843 64
1753246249012 0.01835 65
1753246266183 0.01831 66
1753246282863 0.01827 67
1753246299736 0.01828 68
1753246316474 0.01832 69
1753246333347 0.0183 70
1753246350603 0.01828 71
1753246367388 0.01829 72
1753246384210 0.01831 73
1753246401508 0.01826 74
1753246418346 0.01817 75
1753246435125 0.01811 76
1753246451904 0.01812 77
1753246469013 0.01811 78
1753246485671 0.0181 79
1753246502360 0.01808 80
1753246519489 0.01807 81
1753246536288 0.01809 82
1753246553060 0.01813 83
1753246569767 0.01808 84
1753246586555 0.01806 85
1753246603749 0.018 86
1753246620386 0.01806 87
1753246637143 0.01801 88
1753246654364 0.01796 89
1753246671118 0.01795 90
1753246688188 0.01793 91
1753246705047 0.01791 92
1753246722160 0.01786 93
1753246738862 0.01791 94
1753246755657 0.01787 95
1753246772859 0.01787 96
1753246789691 0.01786 97
1753246806393 0.01782 98
1753246823304 0.01784 99
1753246840210 0.01783 100
1753246857490 0.01799 101
1753246874276 0.01794 102
1753246891163 0.01781 103
1753246908262 0.01782 104
1753246924975 0.01776 105
1753246941630 0.01777 106
1753246958578 0.01779 107
1753246975598 0.01777 108
1753246992415 0.01773 109
1753247009139 0.01771 110
1753247026384 0.01769 111
1753247043224 0.01772 112
1753247059997 0.01769 113
1753247076778 0.01768 114
1753247093843 0.01765 115
1753247110772 0.01767 116
1753247127606 0.01777 117
1753247144548 0.01768 118
1753247161702 0.01763 119
1753247178467 0.01768 120
1753247195191 0.01762 121
1753247212175 0.01764 122
1753247229238 0.01757 123
1753247246098 0.01757 124
1753247262798 0.01758 125
1753247279882 0.01752 126
1753247296863 0.01753 127
1753247313735 0.01757 128
1753247330655 0.0176 129
1753247347728 0.01757 130
1753247364848 0.01754 131
1753247381597 0.01756 132
1753247398527 0.01758 133
1753247415625 0.01762 134
1753247432372 0.01751 135
1753247449146 0.0176 136
1753247466115 0.01753 137
1753247483055 0.01746 138
1753247499841 0.01745 139
1753247516663 0.0175 140
1753247533713 0.01754 141
1753247550612 0.01751 142
1753247567237 0.01743 143
1753247584155 0.01742 144
1753247601301 0.01751 145
1753247618349 0.01742 146
1753247634992 0.01753 147
1753247651690 0.01739 148
1753247668916 0.01748 149
1753247685861 0.01739 150
1753247702632 0.0174 151
1753247719552 0.0174 152
1753247736894 0.01742 153
1753247753725 0.01746 154
1753247770610 0.01734 155
1753247787665 0.01735 156
1753247804725 0.01736 157
1753247821489 0.0174 158
1753247838085 0.01738 159
1753247855077 0.01743 160
1753247872135 0.01744 161
1753247888933 0.01755 162
1753247905639 0.01746 163
1753247922871 0.01734 164
1753247939500 0.01731 165
1753247956211 0.01738 166
1753247973213 0.01741 167
1753247990321 0.01729 168
1753248007162 0.01726 169
1753248023867 0.01735 170
1753248040933 0.01731 171
1753248058491 0.01742 172
1753248075351 0.01731 173
1753248092060 0.01729 174
1753248108934 0.01729 175
1753248126049 0.01737 176
1753248142703 0.01725 177
1753248159417 0.01731 178
1753248176593 0.01723 179
1753248193376 0.0173 180
1753248210240 0.01726 181
1753248227082 0.01722 182
1753248243974 0.01724 183
1753248260880 0.0172 184
1753248277689 0.01721 185
1753248294915 0.01725 186
1753248311962 0.01715 187
1753248328769 0.01715 188
1753248345614 0.01715 189
1753248362740 0.01718 190
1753248379439 0.01715 191
1753248396426 0.01715 192
1753248413260 0.01718 193
1753248430165 0.01716 194
1753248447438 0.01744 195
1753248464155 0.01712 196
1753248481129 0.01712 197
1753248497849 0.01714 198
1753248514563 0.01712 199
1753248531270 0.01714 200
1753248547928 0.01723 201
1753248564817 0.01712 202
1753248581530 0.01711 203
1753248598322 0.01712 204
1753248615366 0.01716 205
1753248632076 0.01717 206
1753248648904 0.01715 207
1753248665767 0.01707 208
1753248682638 0.01706 209
1753248699812 0.01713 210
1753248716609 0.01713 211
1753248733742 0.01732 212
1753248750589 0.01713 213
1753248767406 0.01715 214
1753248784152 0.01712 215
1753248800929 0.01709 216
1753248817871 0.01717 217
1753248834525 0.0171 218
1753248851277 0.01717 219
1753248868281 0.01709 220
1753248884976 0.01715 221
1753248901529 0.01708 222
1753248918379 0.01706 223
1753248935141 0.01704 224
1753248952352 0.01702 225
1753248969011 0.0171 226
1753248985963 0.01707 227
1753249002932 0.01699 228
1753249019912 0.01698 229
1753249036833 0.01703 230
1753249053812 0.01698 231
1753249070699 0.01699 232
1753249087427 0.017 233
1753249104056 0.017 234
1753249120899 0.01701 235
1753249138099 0.01709 236
1753249154687 0.01697 237
1753249171839 0.01698 238
1753249188516 0.01704 239
1753249205546 0.01705 240
1753249222505 0.01706 241
1753249239388 0.01695 242
1753249256191 0.01702 243
1753249272975 0.01703 244
1753249289778 0.01698 245
1753249306638 0.01698 246
1753249323748 0.01693 247
1753249340569 0.01694 248
1753249357248 0.01696 249
1753249374233 0.017 250
1753249391537 0.01701 251
1753249408277 0.01706 252
1753249425667 0.01745 253
1753249442511 0.017 254
1753249459589 0.01697 255
1753249476354 0.0169 256
1753249493425 0.01692 257
1753249510636 0.01691 258
1753249527295 0.01699 259
1753249544155 0.01698 260
1753249561163 0.01708 261
1753249578165 0.01708 262
1753249594920 0.01699 263
1753249611564 0.01693 264
1753249628470 0.0169 265
1753249645262 0.01694 266
1753249662021 0.0169 267
1753249678906 0.01687 268
1753249695632 0.01689 269
1753249712397 0.01686 270
1753249729287 0.01685 271
1753249746195 0.01687 272
1753249763220 0.01685 273
1753249780064 0.01694 274
1753249796886 0.01685 275
1753249813725 0.01698 276
1753249830500 0.01688 277
1753249847509 0.01692 278
1753249864236 0.01695 279
1753249881029 0.0171 280
1753249898085 0.01692 281
1753249914797 0.0169 282
1753249931893 0.0169 283
1753249948801 0.01693 284
1753249965432 0.01687 285
1753249982355 0.01684 286
1753249999065 0.01684 287
1753250016030 0.01685 288
1753250033045 0.01687 289
1753250049792 0.01688 290
1753250066924 0.01687 291
1753250083673 0.01696 292
1753250100460 0.01686 293
1753250117670 0.01735 294
1753250134463 0.01693 295
1753250151469 0.0169 296
1753250168204 0.01685 297
1753250185469 0.01683 298
1753250202167 0.01684 299
1753250218920 0.01683 300
