1753394059638 1.0 0
1753394078881 2.0 0
1753394097896 3.0 0
1753394117091 4.0 0
1753394135989 5.0 0
1753394154568 6.0 0
1753394173911 7.0 0
1753394192998 8.0 0
1753394212372 9.0 0
1753394231863 10.0 0
1753394250713 11.0 0
1753394269615 12.0 0
1753394288554 13.0 0
1753394307255 14.0 0
1753394326679 15.0 0
1753394345259 16.0 0
1753394364043 17.0 0
1753394383241 18.0 0
1753394402398 19.0 0
1753394421055 20.0 0
1753394439520 21.0 0
1753394458924 22.0 0
1753394477904 23.0 0
1753394496703 24.0 0
1753394515682 25.0 0
1753394534224 26.0 0
1753394553378 27.0 0
1753394572426 28.0 0
1753394610901 30.0 0
1753394629968 31.0 0
1753394649484 32.0 0
1753394668925 33.0 0
1753394706893 35.0 0
1753394763109 38.0 0
1753394801501 40.0 0
1753394840044 42.0 0
1753394859076 43.0 0
