1753394045564 0.45918 1
1753394064408 0.35829 2
1753394083601 0.28447 3
1753394102663 0.22699 4
1753394121755 0.18285 5
1753394140728 0.14938 6
1753394159306 0.12398 7
1753394178636 0.10467 8
1753394197714 0.08995 9
1753394217096 0.07857 10
1753394236612 0.0697 11
1753394255442 0.0627 12
1753394274381 0.05717 13
1753394293270 0.05267 14
1753394311990 0.04898 15
1753394331360 0.04594 16
1753394349996 0.04348 17
1753394368799 0.04129 18
1753394387994 0.03946 19
1753394407146 0.03789 20
1753394425701 0.0366 21
1753394444277 0.03544 22
1753394463560 0.03447 23
1753394482563 0.03354 24
1753394501378 0.03279 25
1753394520411 0.03208 26
1753394538970 0.03146 27
1753394558066 0.03091 28
1753394577083 0.03042 29
1753394596362 0.02996 30
1753394615650 0.02953 31
1753394634694 0.02919 32
1753394654251 0.02883 33
1753394673713 0.02848 34
1753394692707 0.0282 35
1753394711640 0.02793 36
1753394730753 0.0277 37
1753394749194 0.02747 38
1753394767880 0.02732 39
1753394787018 0.02707 40
1753394806269 0.02687 41
1753394825442 0.02673 42
1753394844819 0.02653 43
1753394863796 0.0264 44
1753394882749 0.02626 45
1753394901347 0.02613 46
1753394920150 0.02598 47
1753394938972 0.02582 48
1753394957508 0.02572 49
1753394976490 0.02561 50
1753394995018 0.02549 51
1753395014284 0.0254 52
1753395033373 0.02523 53
1753395052728 0.02515 54
1753395071687 0.02511 55
1753395090493 0.02509 56
1753395109763 0.02507 57
1753395128756 0.02504 58
1753395147973 0.02502 59
1753395166971 0.02501 60
1753395186027 0.02498 61
1753395204801 0.02493 62
1753395223860 0.02488 63
1753395243084 0.02489 64
1753395262289 0.0249 65
1753395281101 0.02489 66
1753395300555 0.02487 67
1753395319808 0.02488 68
1753395338586 0.02488 69
1753395357116 0.02484 70
1753395376123 0.02485 71
1753395395154 0.02483 72
1753395414440 0.02485 73
1753395433216 0.02482 74
1753395452073 0.02484 75
1753395470767 0.02486 76
1753395489807 0.02483 77
1753395508648 0.02484 78
1753395527115 0.02484 79
1753395545834 0.02483 80
1753395564521 0.02485 81
1753395583459 0.02483 82
1753395602461 0.02484 83
1753395621594 0.02484 84
1753395640829 0.02484 85
1753395659840 0.02483 86
1753395678807 0.02483 87
1753395698088 0.02483 88
1753395716799 0.02484 89
1753395735103 0.02482 90
1753395753970 0.02484 91
1753395772620 0.02484 92
1753395791305 0.02482 93
1753395810347 0.02483 94
1753395829428 0.02483 95
1753395848568 0.02482 96
1753395867755 0.02482 97
1753395886256 0.02481 98
1753395905120 0.02481 99
1753395924224 0.02482 100
1753395942888 0.02484 101
1753395962058 0.02481 102
1753395980731 0.02483 103
1753395999272 0.02482 104
1753396018244 0.02481 105
1753396037482 0.02484 106
1753396057017 0.02483 107
1753396075994 0.02481 108
1753396095531 0.02483 109
1753396114128 0.02481 110
1753396133186 0.02482 111
1753396152063 0.02483 112
1753396170880 0.02485 113
1753396189982 0.0248 114
1753396208556 0.02485 115
1753396227397 0.02482 116
1753396246753 0.02483 117
1753396265734 0.02483 118
1753396284385 0.0248 119
1753396303564 0.02482 120
1753396322204 0.02483 121
1753396341498 0.02482 122
1753396360134 0.0248 123
1753396379192 0.02482 124
1753396398235 0.02482 125
1753396417014 0.02482 126
1753396435724 0.0248 127
1753396454398 0.02482 128
1753396473355 0.02481 129
1753396491711 0.02483 130
1753396510240 0.02481 131
1753396529158 0.02483 132
1753396547706 0.02485 133
1753396566436 0.02481 134
1753396585795 0.02483 135
1753396605018 0.02482 136
1753396624014 0.02481 137
1753396643129 0.02481 138
1753396661843 0.02481 139
1753396681155 0.02482 140
1753396700198 0.02481 141
1753396719745 0.02481 142
1753396738673 0.02477 143
1753396757648 0.02481 144
1753396776504 0.02479 145
1753396795453 0.02479 146
1753396814340 0.0248 147
1753396833464 0.02483 148
1753396852610 0.02481 149
1753396871482 0.02484 150
1753396890258 0.02482 151
1753396909594 0.02482 152
1753396928566 0.02481 153
1753396947035 0.0248 154
1753396965737 0.0248 155
1753396984869 0.02481 156
1753397003668 0.02482 157
1753397022863 0.0248 158
1753397041686 0.02483 159
1753397060532 0.0248 160
1753397079836 0.02479 161
1753397098803 0.02481 162
1753397117842 0.02481 163
1753397136635 0.02482 164
1753397154853 0.02478 165
1753397173628 0.02479 166
1753397192696 0.0248 167
1753397211525 0.02479 168
1753397230498 0.02481 169
1753397249636 0.02478 170
1753397268925 0.02478 171
1753397287840 0.02478 172
1753397306890 0.0248 173
1753397325640 0.02481 174
1753397344197 0.0248 175
1753397362867 0.0248 176
1753397381168 0.02478 177
1753397400610 0.02478 178
1753397419575 0.02478 179
1753397438933 0.02479 180
1753397457702 0.0248 181
1753397476614 0.02479 182
1753397495588 0.02479 183
1753397514214 0.02477 184
1753397532807 0.0248 185
1753397550985 0.02476 186
1753397570039 0.0248 187
1753397588659 0.02479 188
1753397607226 0.02479 189
1753397626463 0.02479 190
1753397645861 0.0248 191
1753397665207 0.02476 192
1753397683793 0.0248 193
1753397702289 0.02477 194
1753397721672 0.02476 195
1753397740255 0.02478 196
1753397759048 0.02476 197
1753397778366 0.02478 198
1753397796908 0.02476 199
1753397815980 0.02477 200
1753397834977 0.02478 201
1753397853592 0.02476 202
1753397873100 0.02479 203
1753397891879 0.02478 204
1753397911081 0.02475 205
1753397930345 0.02476 206
1753397948700 0.02477 207
1753397967247 0.02477 208
1753397986477 0.02478 209
1753398005610 0.02476 210
1753398024732 0.02476 211
1753398043598 0.02476 212
1753398062546 0.02477 213
1753398081660 0.02475 214
1753398100065 0.02474 215
1753398119100 0.02476 216
1753398137741 0.02477 217
1753398156364 0.02478 218
1753398175374 0.02475 219
1753398194794 0.02476 220
1753398213695 0.02476 221
1753398232895 0.02473 222
1753398251653 0.02475 223
1753398270324 0.02476 224
1753398289393 0.02477 225
1753398308434 0.02475 226
1753398327590 0.02473 227
1753398346597 0.02474 228
1753398365540 0.02476 229
1753398384262 0.02474 230
1753398403330 0.02473 231
1753398422610 0.02475 232
1753398441608 0.02476 233
1753398460452 0.02476 234
1753398479348 0.02473 235
1753398498097 0.02478 236
1753398516907 0.02474 237
1753398535714 0.02473 238
1753398554413 0.02474 239
1753398572895 0.02475 240
1753398591511 0.02474 241
1753398609968 0.02472 242
1753398628833 0.02473 243
1753398647420 0.02474 244
1753398665940 0.02472 245
1753398684757 0.02473 246
1753398703766 0.02474 247
1753398722753 0.02472 248
1753398741480 0.02474 249
1753398760286 0.02471 250
1753398779208 0.02473 251
1753398798361 0.02471 252
1753398817418 0.02473 253
1753398836127 0.02472 254
1753398855017 0.02472 255
1753398873995 0.02473 256
1753398892785 0.02473 257
1753398911895 0.02471 258
1753398930923 0.02474 259
1753398949640 0.02473 260
1753398968501 0.02472 261
1753398987146 0.02472 262
1753399006378 0.02471 263
1753399025399 0.02471 264
1753399044059 0.02473 265
1753399062588 0.02471 266
1753399081284 0.0247 267
1753399100301 0.02472 268
1753399119439 0.02471 269
1753399138141 0.02472 270
1753399157137 0.0247 271
1753399176595 0.02471 272
1753399195743 0.02473 273
1753399214279 0.02471 274
1753399233525 0.0247 275
1753399251961 0.0247 276
1753399270930 0.0247 277
1753399289606 0.02469 278
1753399308819 0.0247 279
1753399327628 0.02469 280
1753399346524 0.02468 281
1753399365511 0.02469 282
1753399384221 0.0247 283
1753399402928 0.0247 284
1753399422364 0.02468 285
1753399441148 0.02468 286
1753399460054 0.0247 287
1753399478773 0.02469 288
1753399497589 0.02471 289
1753399516548 0.0247 290
1753399535387 0.02469 291
1753399554404 0.02469 292
1753399573478 0.02467 293
1753399591891 0.02468 294
1753399610986 0.0247 295
1753399629940 0.02469 296
1753399648741 0.02468 297
1753399667277 0.02469 298
1753399685992 0.02466 299
1753399704901 0.02467 300
