1753394059653 0.0010000000474974513 1
1753394078886 0.0010000000474974513 2
1753394097900 0.0010000000474974513 3
1753394117100 0.0010000000474974513 4
1753394135993 0.0010000000474974513 5
1753394154571 0.0010000000474974513 6
1753394173920 0.0010000000474974513 7
1753394193006 0.0010000000474974513 8
1753394212377 0.0010000000474974513 9
1753394231868 0.0010000000474974513 10
1753394250717 0.0010000000474974513 11
1753394269619 0.0010000000474974513 12
1753394288558 0.0010000000474974513 13
1753394307261 0.0010000000474974513 14
1753394326686 0.0010000000474974513 15
1753394345269 0.0010000000474974513 16
1753394364051 0.0010000000474974513 17
1753394383247 0.0010000000474974513 18
1753394402402 0.0010000000474974513 19
1753394421059 0.0010000000474974513 20
1753394439525 0.0010000000474974513 21
1753394458929 0.0010000000474974513 22
1753394477908 0.0010000000474974513 23
1753394496711 0.0010000000474974513 24
1753394515687 0.0010000000474974513 25
1753394534231 0.0010000000474974513 26
1753394553382 0.0010000000474974513 27
1753394572430 0.0010000000474974513 28
1753394591616 0.0010000000474974513 29
1753394610905 0.0010000000474974513 30
1753394629972 0.0010000000474974513 31
1753394649490 0.0010000000474974513 32
1753394668933 0.0010000000474974513 33
1753394688041 0.0010000000474974513 34
1753394706898 0.0010000000474974513 35
1753394726001 0.0010000000474974513 36
1753394744536 0.0010000000474974513 37
1753394763113 0.0010000000474974513 38
1753394782249 0.0010000000474974513 39
1753394801507 0.0010000000474974513 40
1753394820702 0.0010000000474974513 41
1753394840052 0.0010000000474974513 42
1753394859080 0.0010000000474974513 43
1753394878010 0.0010000000474974513 44
1753394896576 0.0010000000474974513 45
1753394915396 0.0010000000474974513 46
1753394934265 0.0010000000474974513 47
1753394952815 0.0010000000474974513 48
1753394971718 0.0010000000474974513 49
1753394990258 0.0010000000474974513 50
1753395009639 0.0010000000474974513 51
1753395028703 0.00020000000949949026 52
1753395047998 0.00020000000949949026 53
1753395067028 0.00020000000949949026 54
1753395085724 0.00020000000949949026 55
1753395105043 0.00020000000949949026 56
1753395124042 0.00020000000949949026 57
1753395143257 0.00020000000949949026 58
1753395162194 0.00020000000949949026 59
1753395181351 0.00020000000949949026 60
1753395200147 4.0000002627493814e-05 61
1753395219136 4.0000002627493814e-05 62
1753395238333 4.0000002627493814e-05 63
1753395257609 4.0000002627493814e-05 64
1753395276371 4.0000002627493814e-05 65
1753395295794 4.0000002627493814e-05 66
1753395315056 4.0000002627493814e-05 67
1753395333957 4.0000002627493814e-05 68
1753395352500 4.0000002627493814e-05 69
1753395371482 8.000000889296643e-06 70
1753395390465 8.000000889296643e-06 71
1753395409709 8.000000889296643e-06 72
1753395428442 8.000000889296643e-06 73
1753395447418 8.000000889296643e-06 74
1753395466144 8.000000889296643e-06 75
1753395485110 8.000000889296643e-06 76
1753395503978 8.000000889296643e-06 77
1753395522484 8.000000889296643e-06 78
1753395541209 1.6000001323845936e-06 79
1753395559858 1.6000001323845936e-06 80
1753395578707 1.6000001323845936e-06 81
1753395597689 1.6000001323845936e-06 82
1753395616522 1.6000001323845936e-06 83
1753395636094 1.6000001323845936e-06 84
1753395655094 1.6000001323845936e-06 85
1753395674159 1.6000001323845936e-06 86
1753395693305 1.6000001323845936e-06 87
1753395712054 9.999999974752427e-07 88
1753395730390 9.999999974752427e-07 89
1753395749247 9.999999974752427e-07 90
1753395767893 9.999999974752427e-07 91
1753395786614 9.999999974752427e-07 92
1753395805598 9.999999974752427e-07 93
1753395824613 9.999999974752427e-07 94
1753395843898 9.999999974752427e-07 95
1753395862983 9.999999974752427e-07 96
1753395881505 9.999999974752427e-07 97
1753395900437 9.999999974752427e-07 98
1753395919451 9.999999974752427e-07 99
1753395938179 9.999999974752427e-07 100
1753395957329 9.999999974752427e-07 101
1753395976099 9.999999974752427e-07 102
1753395994594 9.999999974752427e-07 103
1753396013516 9.999999974752427e-07 104
1753396032804 9.999999974752427e-07 105
1753396052385 9.999999974752427e-07 106
1753396071282 9.999999974752427e-07 107
1753396090854 9.999999974752427e-07 108
1753396109494 9.999999974752427e-07 109
1753396128529 9.999999974752427e-07 110
1753396147436 9.999999974752427e-07 111
1753396166269 9.999999974752427e-07 112
1753396185380 9.999999974752427e-07 113
1753396203915 9.999999974752427e-07 114
1753396222499 9.999999974752427e-07 115
1753396241758 9.999999974752427e-07 116
1753396260972 9.999999974752427e-07 117
1753396279575 9.999999974752427e-07 118
1753396298928 9.999999974752427e-07 119
1753396317552 9.999999974752427e-07 120
1753396336833 9.999999974752427e-07 121
1753396355445 9.999999974752427e-07 122
1753396374517 9.999999974752427e-07 123
1753396393610 9.999999974752427e-07 124
1753396412403 9.999999974752427e-07 125
1753396431132 9.999999974752427e-07 126
1753396449798 9.999999974752427e-07 127
1753396468569 9.999999974752427e-07 128
1753396487017 9.999999974752427e-07 129
1753396505544 9.999999974752427e-07 130
1753396524401 9.999999974752427e-07 131
1753396543031 9.999999974752427e-07 132
1753396561761 9.999999974752427e-07 133
1753396581055 9.999999974752427e-07 134
1753396600271 9.999999974752427e-07 135
1753396619370 9.999999974752427e-07 136
1753396638443 9.999999974752427e-07 137
1753396657129 9.999999974752427e-07 138
1753396676397 9.999999974752427e-07 139
1753396695505 9.999999974752427e-07 140
1753396715056 9.999999974752427e-07 141
1753396733991 9.999999974752427e-07 142
1753396752940 9.999999974752427e-07 143
1753396771807 9.999999974752427e-07 144
1753396790713 9.999999974752427e-07 145
1753396809700 9.999999974752427e-07 146
1753396828774 9.999999974752427e-07 147
1753396847852 9.999999974752427e-07 148
1753396866576 9.999999974752427e-07 149
1753396885523 9.999999974752427e-07 150
1753396904886 9.999999974752427e-07 151
1753396923909 9.999999974752427e-07 152
1753396942372 9.999999974752427e-07 153
1753396961081 9.999999974752427e-07 154
1753396980217 9.999999974752427e-07 155
1753396999068 9.999999974752427e-07 156
1753397018097 9.999999974752427e-07 157
1753397037001 9.999999974752427e-07 158
1753397055876 9.999999974752427e-07 159
1753397075181 9.999999974752427e-07 160
1753397094073 9.999999974752427e-07 161
1753397113217 9.999999974752427e-07 162
1753397131998 9.999999974752427e-07 163
1753397150197 9.999999974752427e-07 164
1753397169027 9.999999974752427e-07 165
1753397188007 9.999999974752427e-07 166
1753397206904 9.999999974752427e-07 167
1753397225845 9.999999974752427e-07 168
1753397244948 9.999999974752427e-07 169
1753397264290 9.999999974752427e-07 170
1753397283177 9.999999974752427e-07 171
1753397302233 9.999999974752427e-07 172
1753397321049 9.999999974752427e-07 173
1753397339555 9.999999974752427e-07 174
1753397358202 9.999999974752427e-07 175
1753397376409 9.999999974752427e-07 176
1753397395873 9.999999974752427e-07 177
1753397414819 9.999999974752427e-07 178
1753397434324 9.999999974752427e-07 179
1753397453033 9.999999974752427e-07 180
1753397471869 9.999999974752427e-07 181
1753397490939 9.999999974752427e-07 182
1753397509561 9.999999974752427e-07 183
1753397528122 9.999999974752427e-07 184
1753397546321 9.999999974752427e-07 185
1753397565322 9.999999974752427e-07 186
1753397583901 9.999999974752427e-07 187
1753397602603 9.999999974752427e-07 188
1753397621801 9.999999974752427e-07 189
1753397641189 9.999999974752427e-07 190
1753397660618 9.999999974752427e-07 191
1753397679068 9.999999974752427e-07 192
1753397697536 9.999999974752427e-07 193
1753397716924 9.999999974752427e-07 194
1753397735553 9.999999974752427e-07 195
1753397754398 9.999999974752427e-07 196
1753397773710 9.999999974752427e-07 197
1753397792277 9.999999974752427e-07 198
1753397811230 9.999999974752427e-07 199
1753397830152 9.999999974752427e-07 200
1753397848846 9.999999974752427e-07 201
1753397868360 9.999999974752427e-07 202
1753397887195 9.999999974752427e-07 203
1753397906406 9.999999974752427e-07 204
1753397925590 9.999999974752427e-07 205
1753397944024 9.999999974752427e-07 206
1753397962535 9.999999974752427e-07 207
1753397981813 9.999999974752427e-07 208
1753398000913 9.999999974752427e-07 209
1753398019993 9.999999974752427e-07 210
1753398038884 9.999999974752427e-07 211
1753398057790 9.999999974752427e-07 212
1753398076917 9.999999974752427e-07 213
1753398095351 9.999999974752427e-07 214
1753398114369 9.999999974752427e-07 215
1753398133100 9.999999974752427e-07 216
1753398151698 9.999999974752427e-07 217
1753398170647 9.999999974752427e-07 218
1753398190037 9.999999974752427e-07 219
1753398208912 9.999999974752427e-07 220
1753398228213 9.999999974752427e-07 221
1753398247040 9.999999974752427e-07 222
1753398265678 9.999999974752427e-07 223
1753398284693 9.999999974752427e-07 224
1753398303705 9.999999974752427e-07 225
1753398322838 9.999999974752427e-07 226
1753398341895 9.999999974752427e-07 227
1753398360855 9.999999974752427e-07 228
1753398379609 9.999999974752427e-07 229
1753398398656 9.999999974752427e-07 230
1753398417823 9.999999974752427e-07 231
1753398436827 9.999999974752427e-07 232
1753398455685 9.999999974752427e-07 233
1753398474684 9.999999974752427e-07 234
1753398493346 9.999999974752427e-07 235
1753398512307 9.999999974752427e-07 236
1753398530967 9.999999974752427e-07 237
1753398549793 9.999999974752427e-07 238
1753398568259 9.999999974752427e-07 239
1753398586847 9.999999974752427e-07 240
1753398605179 9.999999974752427e-07 241
1753398624147 9.999999974752427e-07 242
1753398642769 9.999999974752427e-07 243
1753398661320 9.999999974752427e-07 244
1753398680091 9.999999974752427e-07 245
1753398699099 9.999999974752427e-07 246
1753398717962 9.999999974752427e-07 247
1753398736815 9.999999974752427e-07 248
1753398755680 9.999999974752427e-07 249
1753398774507 9.999999974752427e-07 250
1753398793641 9.999999974752427e-07 251
1753398812786 9.999999974752427e-07 252
1753398831392 9.999999974752427e-07 253
1753398850268 9.999999974752427e-07 254
1753398869315 9.999999974752427e-07 255
1753398888134 9.999999974752427e-07 256
1753398907161 9.999999974752427e-07 257
1753398926250 9.999999974752427e-07 258
1753398944934 9.999999974752427e-07 259
1753398963857 9.999999974752427e-07 260
1753398982443 9.999999974752427e-07 261
1753399001661 9.999999974752427e-07 262
1753399020709 9.999999974752427e-07 263
1753399039349 9.999999974752427e-07 264
1753399057910 9.999999974752427e-07 265
1753399076588 9.999999974752427e-07 266
1753399095605 9.999999974752427e-07 267
1753399114779 9.999999974752427e-07 268
1753399133469 9.999999974752427e-07 269
1753399152464 9.999999974752427e-07 270
1753399171922 9.999999974752427e-07 271
1753399191060 9.999999974752427e-07 272
1753399209662 9.999999974752427e-07 273
1753399228782 9.999999974752427e-07 274
1753399247346 9.999999974752427e-07 275
1753399266239 9.999999974752427e-07 276
1753399284976 9.999999974752427e-07 277
1753399303892 9.999999974752427e-07 278
1753399322914 9.999999974752427e-07 279
1753399341818 9.999999974752427e-07 280
1753399360766 9.999999974752427e-07 281
1753399379632 9.999999974752427e-07 282
1753399398264 9.999999974752427e-07 283
1753399417733 9.999999974752427e-07 284
1753399436554 9.999999974752427e-07 285
1753399455408 9.999999974752427e-07 286
1753399474118 9.999999974752427e-07 287
1753399492872 9.999999974752427e-07 288
1753399511863 9.999999974752427e-07 289
1753399530625 9.999999974752427e-07 290
1753399549792 9.999999974752427e-07 291
1753399568825 9.999999974752427e-07 292
1753399587247 9.999999974752427e-07 293
1753399606364 9.999999974752427e-07 294
1753399625301 9.999999974752427e-07 295
1753399644117 9.999999974752427e-07 296
1753399662621 9.999999974752427e-07 297
1753399681364 9.999999974752427e-07 298
1753399700257 9.999999974752427e-07 299
1753399719147 9.999999974752427e-07 300
