1749654719331 1.0 0
1749654723063 5.0 0
1749654724013 6.0 0
1749654724965 7.0 0
1749654725917 8.0 0
1749654726862 9.0 0
1749654727802 10.0 0
1749654728752 11.0 0
1749654729696 12.0 0
1749654730637 13.0 0
1749654731579 14.0 0
1749654732524 15.0 0
1749654733471 16.0 0
1749654735364 18.0 0
1749654736301 19.0 0
1749654738185 21.0 0
1749654739140 22.0 0
1749654740143 23.0 0
1749654741090 24.0 0
1749654742033 25.0 0
1749654742980 26.0 0
1749654743932 27.0 0
1749654744889 28.0 0
1749654745839 29.0 0
1749654746782 30.0 0
1749654747728 31.0 0
1749654748669 32.0 0
1749654749614 33.0 0
1749654750573 34.0 0
1749654751522 35.0 0
1749654752470 36.0 0
1749654753411 37.0 0
1749654754358 38.0 0
1749654755311 39.0 0
1749654756252 40.0 0
1749654757198 41.0 0
1749654758145 42.0 0
1749654759089 43.0 0
1749654760989 45.0 0
1749654761934 46.0 0
1749654764753 49.0 0
1749654766691 51.0 0
1749654767632 52.0 0
1749654768574 53.0 0
1749654770466 55.0 0
1749654771421 56.0 0
1749654775182 60.0 0
1749654776133 61.0 0
1749654779923 65.0 0
1749654780870 66.0 0
1749654781828 67.0 0
1749654782781 68.0 0
1749654789366 75.0 0
1749654790321 76.0 0
1749654791292 77.0 0
1749654796070 82.0 0
1749654797960 84.0 0
1749654803654 90.0 0
1749654804608 91.0 0
1749654809511 96.0 0
1749654810456 97.0 0
1749654815310 102.0 0
1749654817421 104.0 0
1749654819385 106.0 0
1749654824319 111.0 0
1749654825306 112.0 0
1749654826283 113.0 0
1749654835304 122.0 0
1749654837342 124.0 0
1749654838361 125.0 0
1749654839396 126.0 0
1749654840450 127.0 0
1749654841483 128.0 0
1749654842525 129.0 0
1749654846700 133.0 0
1749654876938 160.0 0
1749654882979 165.0 0
1749654888882 170.0 0
1749654890024 171.0 0
1749654899457 179.0 0
1749654900743 180.0 0
1749654905673 184.0 0
1749654906876 185.0 0
1749654908037 186.0 0
1749654909226 187.0 0
1749654916175 193.0 0
1749654917305 194.0 0
1749654936927 211.0 0
1749654938130 212.0 0
1749654939407 213.0 0
1749654941658 215.0 0
1749654942775 216.0 0
1749654947223 220.0 0
1749654958294 230.0 0
1749654963843 235.0 0
1749654964962 236.0 0
1749654967137 238.0 0
1749654969477 240.0 0
1749654970593 241.0 0
1749654975054 245.0 0
1749654978373 248.0 0
1749654979523 249.0 0
1749654981791 251.0 0
1749654983015 252.0 0
1749654985368 254.0 0
1749654988788 257.0 0
1749654989997 258.0 0
1749654991141 259.0 0
1749654994515 262.0 0
1749655015818 281.0 0
1749655016902 282.0 0
1749655020354 285.0 0
1749655024925 289.0 0
1749655027113 291.0 0
1749655029299 293.0 0
1749655032579 296.0 0
1749655044590 307.0 0
1749655047860 310.0 0
1749655052200 314.0 0
1749655057621 319.0 0
1749655063044 324.0 0
1749655068457 329.0 0
1749655075014 335.0 0
1749655076101 336.0 0
1749655091934 350.0 0
1749655106885 363.0 0
1749655121005 375.0 0
1749655141134 392.0 0
1749655232117 472.0 0
1749655248141 486.0 0
1749655267180 503.0 0
1749655301881 534.0 0
1749655315105 546.0 0
1749655343281 571.0 0
1749655355602 582.0 0
1749655368959 594.0 0
1749655682331 860.0 0
1749655696887 872.0 0
