1749654719113 0.7316 1
1749654720075 0.70117 2
1749654720996 0.68335 3
1749654721929 0.6662 4
1749654722865 0.64933 5
1749654723817 0.63675 6
1749654724768 0.62283 7
1749654725719 0.613 8
1749654726664 0.60101 9
1749654727603 0.59247 10
1749654728544 0.58595 11
1749654729500 0.57636 12
1749654730440 0.57091 13
1749654731378 0.56526 14
1749654732326 0.55978 15
1749654733272 0.55728 16
1749654734234 0.55146 17
1749654735166 0.54795 18
1749654736106 0.54597 19
1749654737054 0.542 20
1749654737986 0.5391 21
1749654738937 0.5349 22
1749654739945 0.53171 23
1749654740892 0.52657 24
1749654741837 0.52299 25
1749654742783 0.51718 26
1749654743729 0.51404 27
1749654744690 0.50776 28
1749654745640 0.50194 29
1749654746586 0.49526 30
1749654747530 0.48772 31
1749654748472 0.48174 32
1749654749417 0.4767 33
1749654750374 0.4705 34
1749654751325 0.46525 35
1749654752272 0.45863 36
1749654753216 0.45282 37
1749654754159 0.44763 38
1749654755102 0.44251 39
1749654756055 0.43704 40
1749654756996 0.43193 41
1749654757946 0.42731 42
1749654758886 0.42283 43
1749654759840 0.41794 44
1749654760791 0.41328 45
1749654761737 0.40903 46
1749654762683 0.40452 47
1749654763618 0.40082 48
1749654764554 0.3961 49
1749654765499 0.39194 50
1749654766493 0.3889 51
1749654767433 0.38404 52
1749654768376 0.38057 53
1749654769334 0.37625 54
1749654770270 0.37314 55
1749654771223 0.36878 56
1749654772168 0.365 57
1749654773106 0.36086 58
1749654774045 0.35859 59
1749654774985 0.3549 60
1749654775935 0.35002 61
1749654776894 0.34654 62
1749654777837 0.34331 63
1749654778779 0.33968 64
1749654779726 0.33597 65
1749654780672 0.33268 66
1749654781629 0.32918 67
1749654782583 0.32505 68
1749654783530 0.32239 69
1749654784475 0.31851 70
1749654785410 0.31562 71
1749654786344 0.31107 72
1749654787286 0.30876 73
1749654788226 0.30541 74
1749654789170 0.30307 75
1749654790115 0.29949 76
1749654791093 0.29653 77
1749654792046 0.29325 78
1749654793058 0.29034 79
1749654793999 0.28727 80
1749654794943 0.28399 81
1749654795874 0.28101 82
1749654796818 0.27806 83
1749654797763 0.27683 84
1749654798709 0.27361 85
1749654799663 0.26997 86
1749654800598 0.26806 87
1749654801544 0.26574 88
1749654802489 0.26245 89
1749654803454 0.26031 90
1749654804410 0.2568 91
1749654805351 0.25406 92
1749654806495 0.25184 93
1749654807426 0.25055 94
1749654808372 0.25034 95
1749654809314 0.24553 96
1749654810263 0.24272 97
1749654811201 0.2394 98
1749654812244 0.23688 99
1749654813209 0.23464 100
1749654814170 0.23358 101
1749654815113 0.231 102
1749654816156 0.22791 103
1749654817154 0.22609 104
1749654818210 0.22414 105
1749654819180 0.22125 106
1749654820214 0.21909 107
1749654821178 0.21805 108
1749654822148 0.21562 109
1749654823115 0.2134 110
1749654824106 0.21059 111
1749654825103 0.20832 112
1749654826074 0.20683 113
1749654827062 0.20436 114
1749654828045 0.20453 115
1749654829033 0.2048 116
1749654830049 0.204 117
1749654831047 0.20172 118
1749654832042 0.19729 119
1749654833063 0.19711 120
1749654834071 0.19355 121
1749654835093 0.19188 122
1749654836112 0.1896 123
1749654837128 0.1881 124
1749654838145 0.18533 125
1749654839179 0.18528 126
1749654840236 0.18218 127
1749654841265 0.18009 128
1749654842311 0.17936 129
1749654843347 0.17844 130
1749654844388 0.17701 131
1749654845441 0.17358 132
1749654846481 0.17169 133
1749654847528 0.1704 134
1749654848566 0.17044 135
1749654849681 0.16737 136
1749654850749 0.16604 137
1749654851809 0.16529 138
1749654852864 0.16294 139
1749654854132 0.16285 140
1749654855224 0.1596 141
1749654856299 0.1609 142
1749654857368 0.15787 143
1749654858440 0.15642 144
1749654859537 0.15609 145
1749654860638 0.15407 146
1749654861734 0.15261 147
1749654862819 0.15204 148
1749654863929 0.14957 149
1749654865056 0.15043 150
1749654866147 0.1466 151
1749654867248 0.14546 152
1749654868335 0.14339 153
1749654869424 0.14302 154
1749654870571 0.14177 155
1749654871897 0.14027 156
1749654873075 0.13972 157
1749654874255 0.13802 158
1749654875475 0.13744 159
1749654876676 0.13779 160
1749654877946 0.13322 161
1749654879165 0.13373 162
1749654880323 0.13212 163
1749654881487 0.13104 164
1749654882714 0.12977 165
1749654883906 0.12975 166
1749654885031 0.12856 167
1749654886199 0.12557 168
1749654887409 0.12516 169
1749654888644 0.12558 170
1749654889788 0.12342 171
1749654890908 0.12314 172
1749654892032 0.12153 173
1749654893211 0.11998 174
1749654894407 0.11983 175
1749654895600 0.11919 176
1749654896795 0.1177 177
1749654897991 0.11683 178
1749654899183 0.11555 179
1749654900472 0.11426 180
1749654901781 0.11419 181
1749654902966 0.11216 182
1749654904200 0.11181 183
1749654905410 0.11103 184
1749654906602 0.10893 185
1749654907800 0.10786 186
1749654908965 0.10752 187
1749654910140 0.10598 188
1749654911257 0.10539 189
1749654912374 0.10509 190
1749654913543 0.10416 191
1749654914736 0.10298 192
1749654915941 0.104 193
1749654917068 0.10221 194
1749654918191 0.10103 195
1749654919373 0.10121 196
1749654920536 0.10065 197
1749654921742 0.09992 198
1749654922887 0.09917 199
1749654924011 0.09781 200
1749654925153 0.09862 201
1749654926268 0.09747 202
1749654927371 0.0957 203
1749654928481 0.09407 204
1749654929600 0.09429 205
1749654930771 0.09723 206
1749654932037 0.09412 207
1749654933156 0.09344 208
1749654934330 0.09274 209
1749654935460 0.09139 210
1749654936683 0.0902 211
1749654937853 0.09007 212
1749654939155 0.08925 213
1749654940298 0.08716 214
1749654941423 0.08691 215
1749654942538 0.08708 216
1749654943651 0.08651 217
1749654944774 0.08508 218
1749654945866 0.08451 219
1749654946991 0.08703 220
1749654948104 0.08738 221
1749654949206 0.08742 222
1749654950312 0.08579 223
1749654951423 0.08498 224
1749654952527 0.08357 225
1749654953626 0.08324 226
1749654954728 0.08253 227
1749654955832 0.08222 228
1749654956964 0.08026 229
1749654958059 0.07964 230
1749654959158 0.07958 231
1749654960261 0.07777 232
1749654961386 0.07726 233
1749654962519 0.07726 234
1749654963612 0.07597 235
1749654964728 0.07475 236
1749654965826 0.07322 237
1749654966909 0.07338 238
1749654968037 0.07158 239
1749654969230 0.06985 240
1749654970360 0.06891 241
1749654971468 0.06634 242
1749654972553 0.06196 243
1749654973663 0.06099 244
1749654974787 0.06021 245
1749654975946 0.05889 246
1749654977029 0.05726 247
1749654978140 0.05654 248
1749654979284 0.05603 249
1749654980419 0.05591 250
1749654981527 0.0552 251
1749654982766 0.05424 252
1749654983958 0.05365 253
1749654985120 0.05318 254
1749654986290 0.054 255
1749654987429 0.05263 256
1749654988547 0.05198 257
1749654989757 0.05182 258
1749654990899 0.0518 259
1749654992021 0.05088 260
1749654993166 0.05177 261
1749654994279 0.05048 262
1749654995384 0.05056 263
1749654996471 0.05029 264
1749654997555 0.05011 265
1749654998645 0.04994 266
1749654999756 0.04936 267
1749655000873 0.04862 268
1749655002097 0.04872 269
1749655003244 0.04803 270
1749655004409 0.04754 271
1749655005548 0.04801 272
1749655006822 0.04703 273
1749655007929 0.04652 274
1749655009025 0.04635 275
1749655010142 0.04638 276
1749655011228 0.04532 277
1749655012315 0.0457 278
1749655013397 0.04599 279
1749655014495 0.04539 280
1749655015589 0.0442 281
1749655016674 0.04706 282
1749655017787 0.04507 283
1749655018941 0.04464 284
1749655020121 0.0437 285
1749655021235 0.04426 286
1749655022414 0.04338 287
1749655023590 0.0437 288
1749655024695 0.04298 289
1749655025800 0.04294 290
1749655026881 0.04203 291
1749655027976 0.04177 292
1749655029057 0.04213 293
1749655030161 0.04181 294
1749655031261 0.04176 295
1749655032350 0.04156 296
1749655033438 0.0411 297
1749655034537 0.04046 298
1749655035612 0.04042 299
1749655036707 0.04014 300
1749655037848 0.04002 301
1749655038922 0.0401 302
1749655040021 0.04006 303
1749655041103 0.03937 304
1749655042204 0.03924 305
1749655043278 0.03922 306
1749655044360 0.03898 307
1749655045452 0.03896 308
1749655046529 0.03905 309
1749655047630 0.03839 310
1749655048718 0.04013 311
1749655049809 0.03829 312
1749655050885 0.03879 313
1749655051962 0.03813 314
1749655053060 0.03877 315
1749655054137 0.03791 316
1749655055227 0.03767 317
1749655056301 0.03806 318
1749655057380 0.0379 319
1749655058480 0.03717 320
1749655059570 0.03684 321
1749655060649 0.037 322
1749655061725 0.03739 323
1749655062809 0.03628 324
1749655063911 0.0369 325
1749655065003 0.03698 326
1749655066067 0.03655 327
1749655067147 0.0356 328
1749655068228 0.03702 329
1749655069324 0.03635 330
1749655070467 0.0373 331
1749655071544 0.03605 332
1749655072615 0.03712 333
1749655073704 0.03591 334
1749655074786 0.03514 335
1749655075874 0.03458 336
1749655076964 0.03531 337
1749655078035 0.03504 338
1749655079129 0.03515 339
1749655080215 0.03606 340
1749655081285 0.03426 341
1749655082357 0.03446 342
1749655083429 0.03468 343
1749655084643 0.0363 344
1749655085862 0.03583 345
1749655086977 0.03363 346
1749655088199 0.0348 347
1749655089460 0.03351 348
1749655090567 0.03336 349
1749655091694 0.03347 350
1749655092830 0.03458 351
1749655094026 0.03333 352
1749655095247 0.03317 353
1749655096409 0.03251 354
1749655097485 0.03538 355
1749655098566 0.03285 356
1749655099660 0.03328 357
1749655100763 0.03284 358
1749655101918 0.03255 359
1749655103080 0.03262 360
1749655104288 0.03227 361
1749655105529 0.03177 362
1749655106653 0.03163 363
1749655107762 0.03158 364
1749655108927 0.03212 365
1749655110140 0.03211 366
1749655111364 0.03185 367
1749655112548 0.03113 368
1749655113692 0.03125 369
1749655114870 0.03184 370
1749655116006 0.03052 371
1749655117303 0.0314 372
1749655118460 0.03055 373
1749655119625 0.03091 374
1749655120754 0.03027 375
1749655121952 0.03108 376
1749655123267 0.0301 377
1749655124369 0.02999 378
1749655125519 0.03057 379
1749655126654 0.03015 380
1749655127958 0.02986 381
1749655129100 0.02971 382
1749655130262 0.03062 383
1749655131390 0.0297 384
1749655132625 0.03005 385
1749655133875 0.02935 386
1749655135059 0.02994 387
1749655136202 0.02916 388
1749655137385 0.02917 389
1749655138575 0.02897 390
1749655139741 0.03007 391
1749655140886 0.02907 392
1749655142108 0.02881 393
1749655143275 0.02863 394
1749655144514 0.02923 395
1749655145631 0.02909 396
1749655146723 0.02834 397
1749655147833 0.02826 398
1749655148929 0.02843 399
1749655150058 0.02859 400
1749655151181 0.02793 401
1749655152296 0.02813 402
1749655153434 0.02793 403
1749655154548 0.02859 404
1749655155723 0.02972 405
1749655156832 0.02763 406
1749655157967 0.02744 407
1749655159126 0.02757 408
1749655160289 0.0278 409
1749655161521 0.0284 410
1749655162688 0.02834 411
1749655163955 0.02755 412
1749655165178 0.02773 413
1749655166456 0.02724 414
1749655167631 0.02732 415
1749655168777 0.02712 416
1749655169905 0.02816 417
1749655171010 0.02682 418
1749655172111 0.02688 419
1749655173201 0.02794 420
1749655174330 0.02848 421
1749655175509 0.02787 422
1749655176728 0.02666 423
1749655177880 0.0274 424
1749655178998 0.02681 425
1749655180148 0.02633 426
1749655181266 0.02657 427
1749655182376 0.02697 428
1749655183478 0.0261 429
1749655184588 0.02618 430
1749655185701 0.02632 431
1749655186807 0.02648 432
1749655187912 0.02636 433
1749655189015 0.02631 434
1749655190173 0.02589 435
1749655191292 0.02695 436
1749655192401 0.02591 437
1749655193505 0.02613 438
1749655194612 0.02587 439
1749655195724 0.02636 440
1749655196828 0.02616 441
1749655197929 0.02684 442
1749655199047 0.02585 443
1749655200228 0.02607 444
1749655201359 0.02547 445
1749655202508 0.02573 446
1749655203610 0.02607 447
1749655204740 0.02548 448
1749655205863 0.02614 449
1749655206996 0.02512 450
1749655208095 0.02557 451
1749655209331 0.02512 452
1749655210493 0.02578 453
1749655211622 0.02499 454
1749655212725 0.02503 455
1749655213834 0.02475 456
1749655214951 0.02471 457
1749655216066 0.02571 458
1749655217188 0.02509 459
1749655218308 0.02495 460
1749655219442 0.02466 461
1749655220580 0.02527 462
1749655221699 0.02448 463
1749655222818 0.0247 464
1749655223944 0.02442 465
1749655225074 0.02442 466
1749655226243 0.02428 467
1749655227373 0.02418 468
1749655228496 0.02482 469
1749655229642 0.0243 470
1749655230759 0.02397 471
1749655231877 0.02429 472
1749655233017 0.02404 473
1749655234155 0.02586 474
1749655235305 0.02386 475
1749655236423 0.02453 476
1749655237569 0.02416 477
1749655238809 0.0239 478
1749655240026 0.02376 479
1749655241156 0.02582 480
1749655242341 0.02375 481
1749655243457 0.02408 482
1749655244605 0.02349 483
1749655245698 0.02418 484
1749655246802 0.02336 485
1749655247905 0.02416 486
1749655249035 0.02362 487
1749655250156 0.02419 488
1749655251299 0.02343 489
1749655252431 0.02337 490
1749655253539 0.02329 491
1749655254861 0.02331 492
1749655255980 0.0236 493
1749655257075 0.02352 494
1749655258156 0.02357 495
1749655259254 0.02438 496
1749655260366 0.02474 497
1749655261447 0.02351 498
1749655262540 0.02396 499
1749655263628 0.02493 500
1749655264752 0.02379 501
1749655265849 0.02624 502
1749655266947 0.02454 503
1749655268056 0.02365 504
1749655269151 0.02316 505
1749655270266 0.02396 506
1749655271361 0.02323 507
1749655272451 0.02408 508
1749655273540 0.02444 509
1749655274690 0.02304 510
1749655275810 0.02296 511
1749655276904 0.02316 512
1749655278013 0.02335 513
1749655279112 0.02274 514
1749655280214 0.02254 515
1749655281322 0.02266 516
1749655282790 0.02258 517
1749655284000 0.02269 518
1749655285129 0.02253 519
1749655286259 0.0228 520
1749655287355 0.02227 521
1749655288446 0.02436 522
1749655289544 0.02225 523
1749655290655 0.02228 524
1749655291761 0.02231 525
1749655292861 0.02281 526
1749655293943 0.02275 527
1749655295056 0.02312 528
1749655296138 0.02429 529
1749655297240 0.02214 530
1749655298349 0.02207 531
1749655299438 0.02314 532
1749655300553 0.02191 533
1749655301647 0.02262 534
1749655302739 0.02236 535
1749655303825 0.02201 536
1749655304910 0.02301 537
1749655305987 0.02253 538
1749655307084 0.02226 539
1749655308226 0.02201 540
1749655309304 0.02197 541
1749655310399 0.02226 542
1749655311485 0.02226 543
1749655312594 0.02229 544
1749655313765 0.02249 545
1749655314876 0.022 546
1749655315970 0.02218 547
1749655317237 0.02192 548
1749655318537 0.02178 549
1749655319644 0.0216 550
1749655320728 0.02294 551
1749655321902 0.02198 552
1749655323025 0.02163 553
1749655324129 0.02162 554
1749655325249 0.02147 555
1749655326332 0.02158 556
1749655327422 0.02252 557
1749655328518 0.02139 558
1749655329615 0.02141 559
1749655330701 0.02134 560
1749655331785 0.02189 561
1749655332914 0.02212 562
1749655334025 0.02122 563
1749655335254 0.02188 564
1749655336345 0.02201 565
1749655337454 0.02202 566
1749655338541 0.02153 567
1749655339688 0.02134 568
1749655340791 0.02287 569
1749655341956 0.02114 570
1749655343049 0.0212 571
1749655344174 0.02114 572
1749655345276 0.02127 573
1749655346389 0.02128 574
1749655347485 0.02136 575
1749655348703 0.02097 576
1749655349815 0.02096 577
1749655350955 0.02066 578
1749655352072 0.02091 579
1749655353157 0.02081 580
1749655354238 0.02095 581
1749655355365 0.02074 582
1749655356519 0.02195 583
1749655357652 0.0233 584
1749655358743 0.02065 585
1749655359852 0.02074 586
1749655360946 0.02182 587
1749655362035 0.02066 588
1749655363118 0.02077 589
1749655364213 0.02132 590
1749655365342 0.02139 591
1749655366519 0.02083 592
1749655367634 0.02064 593
1749655368727 0.02117 594
1749655369846 0.02233 595
1749655370974 0.02127 596
1749655372067 0.02276 597
1749655373162 0.02058 598
1749655374329 0.02052 599
1749655375464 0.02158 600
1749655376570 0.02049 601
1749655377686 0.02037 602
1749655379011 0.02167 603
1749655380124 0.02045 604
1749655381227 0.02106 605
1749655382351 0.02023 606
1749655383435 0.02026 607
1749655384570 0.02026 608
1749655385658 0.02028 609
1749655386766 0.02034 610
1749655387965 0.02023 611
1749655389065 0.02013 612
1749655390169 0.02001 613
1749655391255 0.02003 614
1749655392447 0.02019 615
1749655393547 0.02064 616
1749655394654 0.02014 617
1749655395833 0.02016 618
1749655396981 0.02042 619
1749655398170 0.02089 620
1749655399259 0.02044 621
1749655400364 0.02024 622
1749655401455 0.02002 623
1749655402559 0.02248 624
1749655403830 0.02094 625
1749655405142 0.02098 626
1749655406242 0.02002 627
1749655407323 0.02012 628
1749655408418 0.01994 629
1749655409574 0.02232 630
1749655410664 0.01986 631
1749655411751 0.02058 632
1749655412834 0.02038 633
1749655413959 0.02072 634
1749655415078 0.02016 635
1749655416307 0.01998 636
1749655417533 0.01983 637
1749655418710 0.02073 638
1749655419845 0.02104 639
1749655420934 0.02079 640
1749655422023 0.02004 641
1749655423128 0.02053 642
1749655424313 0.01991 643
1749655425456 0.02003 644
1749655426664 0.01973 645
1749655427834 0.02065 646
1749655428939 0.01989 647
1749655430040 0.01986 648
1749655431136 0.0208 649
1749655432286 0.01999 650
1749655433487 0.01961 651
1749655434870 0.01983 652
1749655436024 0.01966 653
1749655437145 0.01939 654
1749655438257 0.01986 655
1749655439364 0.02037 656
1749655440504 0.01929 657
1749655441599 0.01949 658
1749655442687 0.01949 659
1749655443774 0.0194 660
1749655444886 0.01951 661
1749655446001 0.01959 662
1749655447102 0.01986 663
1749655448242 0.01958 664
1749655449374 0.01986 665
1749655450508 0.01932 666
1749655451610 0.0192 667
1749655452718 0.01936 668
1749655453867 0.02016 669
1749655455063 0.01929 670
1749655456224 0.01934 671
1749655457333 0.01937 672
1749655458593 0.01939 673
1749655459820 0.01924 674
1749655460990 0.02169 675
1749655462232 0.01929 676
1749655463482 0.01924 677
1749655464792 0.01922 678
1749655465990 0.019 679
1749655467138 0.01928 680
1749655468395 0.01894 681
1749655469533 0.0199 682
1749655470706 0.01995 683
1749655471923 0.01933 684
1749655473096 0.01921 685
1749655474264 0.01913 686
1749655475396 0.01917 687
1749655476496 0.01999 688
1749655477612 0.01938 689
1749655478717 0.01959 690
1749655479836 0.01945 691
1749655480937 0.01906 692
1749655482050 0.01908 693
1749655483141 0.01952 694
1749655484241 0.01902 695
1749655485439 0.0191 696
1749655486666 0.02003 697
1749655487881 0.02036 698
1749655489221 0.01916 699
1749655490374 0.01905 700
1749655491572 0.01929 701
1749655492747 0.01994 702
1749655494053 0.01874 703
1749655495423 0.01893 704
1749655496621 0.01949 705
1749655497759 0.01906 706
1749655499204 0.01981 707
1749655500396 0.02101 708
1749655501575 0.02009 709
1749655502728 0.01939 710
1749655504022 0.02111 711
1749655505206 0.01996 712
1749655506337 0.02079 713
1749655507493 0.02212 714
1749655508730 0.02065 715
1749655509989 0.01991 716
1749655511158 0.01981 717
1749655512327 0.02102 718
1749655513461 0.02204 719
1749655514661 0.01966 720
1749655515851 0.02044 721
1749655517073 0.01933 722
1749655518325 0.01872 723
1749655519468 0.0192 724
1749655520589 0.01981 725
1749655521720 0.0214 726
1749655522864 0.01986 727
1749655524015 0.01975 728
1749655525431 0.01896 729
1749655526689 0.01894 730
1749655527887 0.01885 731
1749655529081 0.01879 732
1749655530316 0.0186 733
1749655531536 0.01871 734
1749655532724 0.01875 735
1749655533917 0.01854 736
1749655535167 0.0187 737
1749655536429 0.0188 738
1749655537573 0.01873 739
1749655538763 0.01853 740
1749655539926 0.01842 741
1749655541232 0.01866 742
1749655542439 0.01888 743
1749655543591 0.01843 744
1749655544794 0.01928 745
1749655545972 0.01961 746
1749655547263 0.01971 747
1749655548464 0.01846 748
1749655549627 0.01861 749
1749655550987 0.01856 750
1749655552185 0.01883 751
1749655553383 0.01845 752
1749655554545 0.01842 753
1749655555865 0.01855 754
1749655557170 0.01897 755
1749655558319 0.01854 756
1749655559622 0.01924 757
1749655560809 0.0184 758
1749655561940 0.01989 759
1749655563050 0.01868 760
1749655564153 0.01888 761
1749655565335 0.01885 762
1749655566505 0.01839 763
1749655567694 0.01887 764
1749655568834 0.01838 765
1749655569979 0.01936 766
1749655571192 0.01849 767
1749655572336 0.01847 768
1749655573458 0.01922 769
1749655574570 0.01861 770
1749655575691 0.01857 771
1749655576806 0.0188 772
1749655577932 0.01893 773
1749655579109 0.01859 774
1749655580255 0.01868 775
1749655581565 0.01848 776
1749655582706 0.01948 777
1749655583855 0.01924 778
1749655584991 0.01963 779
1749655586247 0.01982 780
1749655587373 0.01832 781
1749655588521 0.0204 782
1749655589671 0.01842 783
1749655590897 0.01838 784
1749655592103 0.01876 785
1749655593297 0.01969 786
1749655594671 0.01804 787
1749655595878 0.02017 788
1749655597088 0.01825 789
1749655598287 0.0183 790
1749655599639 0.01829 791
1749655600870 0.01817 792
1749655602076 0.01897 793
1749655603325 0.01805 794
1749655604618 0.02081 795
1749655605898 0.01902 796
1749655607093 0.01806 797
1749655608285 0.01807 798
1749655609562 0.0181 799
1749655610710 0.01805 800
1749655611839 0.01804 801
1749655613051 0.02091 802
1749655614239 0.01814 803
1749655615449 0.01798 804
1749655616920 0.01801 805
1749655618130 0.01914 806
1749655619335 0.01899 807
1749655620548 0.01805 808
1749655621749 0.01803 809
1749655623108 0.01796 810
1749655624329 0.01811 811
1749655625536 0.01899 812
1749655626668 0.01883 813
1749655627892 0.01846 814
1749655629115 0.01881 815
1749655630331 0.01888 816
1749655631498 0.01817 817
1749655632857 0.01806 818
1749655634008 0.01804 819
1749655635143 0.01803 820
1749655636282 0.01883 821
1749655637391 0.01794 822
1749655638533 0.01788 823
1749655639729 0.01779 824
1749655640892 0.01885 825
1749655642219 0.01785 826
1749655643410 0.01783 827
1749655644574 0.01781 828
1749655645933 0.01906 829
1749655647286 0.01892 830
1749655648536 0.0182 831
1749655649713 0.01783 832
1749655650905 0.01789 833
1749655652178 0.01871 834
1749655653364 0.01785 835
1749655654521 0.01776 836
1749655655831 0.01778 837
1749655656978 0.01904 838
1749655658156 0.01858 839
1749655659313 0.01754 840
1749655660584 0.01882 841
1749655661698 0.01782 842
1749655662870 0.01777 843
1749655663983 0.0179 844
1749655665119 0.01865 845
1749655666214 0.01801 846
1749655667307 0.01766 847
1749655668434 0.01782 848
1749655669587 0.0194 849
1749655670762 0.01765 850
1749655671893 0.01774 851
1749655673018 0.01776 852
1749655674144 0.01769 853
1749655675264 0.01758 854
1749655676473 0.01905 855
1749655677617 0.0176 856
1749655678743 0.01758 857
1749655679853 0.01763 858
1749655680982 0.01754 859
1749655682098 0.01762 860
1749655683246 0.0176 861
1749655684527 0.01852 862
1749655685759 0.01752 863
1749655686965 0.01745 864
1749655688233 0.01753 865
1749655689519 0.01754 866
1749655690721 0.01765 867
1749655692001 0.01862 868
1749655693179 0.01796 869
1749655694327 0.01958 870
1749655695479 0.01916 871
1749655696630 0.01995 872
1749655697906 0.01928 873
1749655699088 0.01952 874
1749655700292 0.02189 875
1749655701472 0.0189 876
1749655702700 0.01898 877
1749655703871 0.01924 878
1749655705095 0.02071 879
1749655706292 0.0195 880
1749655707747 0.01832 881
1749655708945 0.01842 882
1749655710113 0.01887 883
1749655711368 0.01832 884
1749655712559 0.01811 885
1749655713787 0.01798 886
1749655714993 0.01924 887
1749655716139 0.01815 888
1749655717388 0.01784 889
1749655718542 0.01765 890
1749655719743 0.01796 891
1749655720900 0.01786 892
1749655722207 0.01872 893
1749655723340 0.01869 894
1749655724458 0.01875 895
1749655725570 0.01804 896
1749655726705 0.01882 897
1749655727841 0.01764 898
1749655728968 0.01768 899
1749655730140 0.01808 900
1749655731284 0.01786 901
1749655732521 0.01859 902
1749655733801 0.01787 903
1749655735000 0.01763 904
1749655736171 0.01813 905
1749655737494 0.01756 906
1749655738691 0.01768 907
1749655739849 0.01777 908
1749655741020 0.01754 909
1749655742161 0.01758 910
1749655743619 0.01798 911
1749655745004 0.0179 912
1749655746219 0.01801 913
1749655747405 0.01856 914
1749655748602 0.01748 915
1749655750000 0.01754 916
1749655751182 0.01745 917
1749655752384 0.01757 918
1749655753653 0.0174 919
1749655754845 0.01744 920
1749655755954 0.0174 921
1749655757098 0.01826 922
1749655758252 0.01779 923
1749655759480 0.01708 924
1749655760702 0.01907 925
1749655761924 0.01831 926
1749655763191 0.01791 927
1749655764352 0.01747 928
1749655765631 0.01747 929
1749655766863 0.01815 930
1749655768222 0.01982 931
1749655769417 0.01736 932
1749655770642 0.0173 933
1749655771783 0.01743 934
1749655773154 0.01813 935
1749655774364 0.01815 936
1749655775569 0.01768 937
1749655776726 0.01814 938
1749655778018 0.01737 939
1749655779180 0.01736 940
1749655780319 0.0176 941
1749655781436 0.01711 942
1749655782556 0.01745 943
1749655783666 0.01746 944
1749655784798 0.0172 945
1749655785936 0.01731 946
1749655787207 0.01719 947
1749655788349 0.01809 948
1749655789583 0.01788 949
1749655790924 0.01917 950
1749655792180 0.0173 951
1749655793337 0.01747 952
1749655794728 0.01786 953
1749655795991 0.01713 954
1749655797268 0.0172 955
1749655798521 0.01718 956
1749655799833 0.01722 957
1749655801084 0.01727 958
1749655802342 0.01696 959
1749655803654 0.0171 960
1749655804796 0.01712 961
1749655805935 0.01695 962
1749655807120 0.01711 963
1749655808276 0.01758 964
1749655809639 0.01712 965
1749655810932 0.01917 966
1749655812181 0.01781 967
1749655813413 0.01819 968
1749655814715 0.01744 969
1749655815928 0.01744 970
1749655817115 0.01753 971
1749655818278 0.01746 972
1749655819486 0.01731 973
1749655820769 0.01717 974
1749655822013 0.01698 975
1749655823239 0.01723 976
1749655824483 0.01713 977
1749655825755 0.01725 978
1749655826988 0.01755 979
1749655828324 0.01713 980
1749655829527 0.01722 981
1749655830854 0.0171 982
1749655832045 0.01717 983
1749655833307 0.01788 984
1749655834514 0.01711 985
1749655835811 0.0173 986
1749655837016 0.01728 987
1749655838238 0.01734 988
1749655839404 0.01713 989
1749655840678 0.01711 990
1749655841935 0.01715 991
1749655843164 0.01718 992
1749655844410 0.01718 993
1749655845639 0.01705 994
1749655846971 0.01731 995
1749655848176 0.01703 996
1749655849418 0.01773 997
1749655850620 0.01706 998
1749655851776 0.01795 999
1749655852995 0.01774 1000
