1753267797465 1.0 0
1753267813088 2.0 0
1753267829397 3.0 0
1753267845119 4.0 0
1753267861028 5.0 0
1753267876616 6.0 0
1753267892104 7.0 0
1753267907855 8.0 0
1753267923157 9.0 0
1753267938684 10.0 0
1753267954387 11.0 0
1753267970018 12.0 0
1753267985852 13.0 0
1753268001599 14.0 0
1753268017090 15.0 0
1753268032792 16.0 0
1753268048302 17.0 0
1753268063970 18.0 0
1753268079772 19.0 0
1753268095612 20.0 0
1753268111278 21.0 0
1753268126913 22.0 0
1753268142672 23.0 0
1753268158333 24.0 0
1753268189602 26.0 0
1753268205051 27.0 0
1753268220836 28.0 0
1753268252235 30.0 0
1753268267984 31.0 0
1753268299235 33.0 0
1753268314918 34.0 0
1753268331190 35.0 0
1753268394291 39.0 0
1753268441384 42.0 0
1753268488723 45.0 0
1753268678236 57.0 0
1753268725704 60.0 0
1753268961106 75.0 0
