1753267785105 0.45433 1
1753267801733 0.35055 2
1753267817773 0.28975 3
1753267833658 0.24007 4
1753267849359 0.19817 5
1753267865169 0.1639 6
1753267880753 0.13671 7
1753267896266 0.11465 8
1753267911970 0.09749 9
1753267927374 0.08399 10
1753267942842 0.07333 11
1753267958577 0.06483 12
1753267974253 0.0581 13
1753267990019 0.05248 14
1753268005768 0.04808 15
1753268021325 0.04425 16
1753268036955 0.0412 17
1753268052487 0.03845 18
1753268068216 0.03538 19
1753268083962 0.03334 20
1753268099694 0.03173 21
1753268115490 0.03042 22
1753268131092 0.02923 23
1753268146903 0.02831 24
1753268162452 0.02732 25
1753268178031 0.0267 26
1753268193694 0.02583 27
1753268209290 0.02517 28
1753268224988 0.02475 29
1753268240944 0.02415 30
1753268256459 0.0237 31
1753268272142 0.02328 32
1753268287668 0.02304 33
1753268303348 0.02262 34
1753268319142 0.02249 35
1753268335438 0.02211 36
1753268351056 0.0219 37
1753268366834 0.02171 38
1753268382648 0.0216 39
1753268398426 0.0215 40
1753268414143 0.02128 41
1753268429882 0.02101 42
1753268445529 0.02083 43
1753268461492 0.02075 44
1753268477190 0.02055 45
1753268492878 0.02032 46
1753268508684 0.02025 47
1753268524410 0.02031 48
1753268540217 0.02002 49
1753268555854 0.01988 50
1753268571600 0.01979 51
1753268587204 0.01974 52
1753268603294 0.01968 53
1753268619035 0.01967 54
1753268635087 0.01962 55
1753268650815 0.0195 56
1753268666743 0.01992 57
1753268682403 0.0195 58
1753268698162 0.0193 59
1753268714152 0.01934 60
1753268729843 0.01928 61
1753268745529 0.01911 62
1753268761562 0.01922 63
1753268777180 0.01918 64
1753268792791 0.01906 65
1753268808511 0.01904 66
1753268824093 0.01921 67
1753268839692 0.01894 68
1753268855385 0.01895 69
1753268871177 0.01889 70
1753268886880 0.0188 71
1753268902559 0.01878 72
1753268918232 0.01878 73
1753268933946 0.01884 74
1753268949695 0.01872 75
1753268965256 0.0187 76
1753268981008 0.01864 77
1753268996803 0.01858 78
1753269012418 0.01847 79
1753269028102 0.01852 80
1753269043613 0.01859 81
1753269059079 0.01861 82
1753269074843 0.01854 83
1753269090738 0.01854 84
1753269106730 0.01852 85
1753269122450 0.01837 86
1753269138178 0.01844 87
1753269153823 0.01844 88
1753269169513 0.0183 89
1753269185261 0.0184 90
1753269200856 0.0183 91
1753269216586 0.01861 92
1753269232244 0.01857 93
1753269247781 0.01834 94
1753269263502 0.01855 95
1753269279375 0.0183 96
1753269294840 0.01825 97
1753269310532 0.01827 98
1753269326142 0.01823 99
1753269342119 0.01836 100
1753269357903 0.01823 101
1753269373550 0.01818 102
1753269389196 0.01811 103
1753269404918 0.01807 104
1753269420552 0.0181 105
1753269436170 0.01816 106
1753269451915 0.01812 107
1753269467535 0.01823 108
1753269483208 0.0181 109
1753269498899 0.01814 110
1753269514902 0.01853 111
1753269530576 0.01814 112
1753269546221 0.01829 113
1753269561856 0.01841 114
1753269577717 0.0181 115
1753269593449 0.01811 116
1753269609139 0.01829 117
1753269624865 0.01814 118
1753269640567 0.0181 119
1753269656295 0.01794 120
1753269671845 0.01793 121
1753269687516 0.01807 122
1753269703254 0.01807 123
1753269719025 0.01796 124
1753269734704 0.018 125
1753269750404 0.01789 126
1753269766140 0.01788 127
1753269781691 0.01808 128
1753269797113 0.01792 129
1753269812880 0.01797 130
1753269828649 0.0179 131
1753269844232 0.01783 132
1753269860049 0.01785 133
1753269875724 0.01781 134
1753269891405 0.01797 135
1753269907024 0.0182 136
1753269922761 0.01788 137
1753269938439 0.01781 138
1753269954206 0.0179 139
1753269969934 0.01797 140
1753269985762 0.01787 141
1753270001404 0.01791 142
1753270016991 0.018 143
1753270032398 0.01783 144
1753270048206 0.01785 145
1753270063853 0.01791 146
1753270079538 0.0178 147
1753270095089 0.01774 148
1753270110719 0.01774 149
1753270126307 0.01775 150
1753270141841 0.01777 151
1753270157457 0.01792 152
1753270172985 0.01791 153
1753270188677 0.01792 154
1753270204422 0.01784 155
1753270220288 0.01783 156
1753270236062 0.01779 157
1753270251752 0.01768 158
1753270267406 0.01765 159
1753270283134 0.01778 160
1753270299148 0.01827 161
1753270314775 0.01794 162
1753270330529 0.01785 163
1753270346129 0.01795 164
1753270362135 0.01775 165
1753270377837 0.01774 166
1753270393612 0.01776 167
1753270409128 0.01781 168
1753270424890 0.01766 169
1753270440748 0.01779 170
1753270456487 0.01765 171
1753270472139 0.01763 172
1753270487847 0.01762 173
1753270503473 0.0176 174
1753270519259 0.01771 175
1753270535040 0.0177 176
1753270550668 0.01808 177
1753270566388 0.01782 178
1753270582015 0.01765 179
1753270597941 0.0177 180
1753270613666 0.01775 181
1753270629384 0.0177 182
1753270644970 0.01762 183
1753270660623 0.01763 184
1753270676267 0.01758 185
1753270691977 0.0176 186
1753270707638 0.01753 187
1753270723221 0.01757 188
1753270738931 0.0177 189
1753270754702 0.01768 190
1753270770433 0.01758 191
1753270786235 0.01767 192
1753270802008 0.01775 193
1753270817814 0.0176 194
1753270833483 0.0176 195
1753270849210 0.01756 196
1753270865160 0.01754 197
1753270880895 0.01783 198
1753270896793 0.01769 199
1753270912440 0.01785 200
1753270928151 0.01771 201
1753270943875 0.01761 202
1753270959443 0.01797 203
1753270975137 0.01806 204
1753270990882 0.01771 205
1753271006494 0.01764 206
1753271022142 0.01759 207
1753271037834 0.01799 208
1753271053448 0.01758 209
1753271069311 0.0175 210
1753271085061 0.01751 211
1753271100519 0.01747 212
1753271116132 0.0175 213
1753271131790 0.01744 214
1753271147283 0.0174 215
1753271163069 0.01765 216
1753271178801 0.01747 217
1753271194467 0.01743 218
1753271210410 0.01746 219
1753271226096 0.01742 220
1753271241715 0.01744 221
1753271257339 0.01744 222
1753271273039 0.01744 223
1753271288634 0.01768 224
1753271304265 0.01782 225
1753271319883 0.01756 226
1753271335308 0.01754 227
1753271350836 0.01769 228
1753271366410 0.01742 229
1753271382151 0.01743 230
1753271397825 0.01752 231
1753271413503 0.01758 232
1753271429035 0.01754 233
1753271445150 0.01746 234
1753271460917 0.01747 235
1753271476588 0.01752 236
1753271492256 0.01764 237
1753271507818 0.01744 238
1753271523416 0.01749 239
1753271539231 0.01744 240
1753271554938 0.01768 241
1753271570757 0.01745 242
1753271586285 0.01751 243
1753271601978 0.01743 244
1753271617709 0.01737 245
1753271633549 0.01768 246
1753271649493 0.01742 247
1753271665168 0.01745 248
1753271680869 0.01781 249
1753271696496 0.01744 250
1753271712261 0.01736 251
1753271727924 0.01738 252
1753271743320 0.01739 253
1753271759030 0.0173 254
1753271774733 0.01729 255
1753271790449 0.0173 256
1753271806114 0.01746 257
1753271821804 0.01728 258
1753271837425 0.01744 259
1753271853024 0.01742 260
1753271868659 0.01743 261
1753271884492 0.01733 262
1753271900270 0.01737 263
1753271915902 0.01726 264
1753271931609 0.01727 265
1753271947193 0.0174 266
1753271962943 0.01782 267
1753271978914 0.01742 268
1753271994428 0.01743 269
1753272010118 0.01769 270
1753272025802 0.01739 271
1753272041449 0.01751 272
1753272057390 0.01737 273
1753272072936 0.01736 274
1753272088686 0.01733 275
1753272104358 0.0173 276
1753272120138 0.01735 277
1753272135836 0.01736 278
1753272151553 0.01729 279
1753272167294 0.01737 280
1753272182956 0.01742 281
1753272198573 0.0173 282
1753272213976 0.01759 283
1753272229399 0.01732 284
1753272245023 0.01761 285
1753272260655 0.01736 286
1753272276429 0.01735 287
1753272292093 0.01758 288
1753272307716 0.01739 289
1753272323412 0.01729 290
1753272339102 0.01723 291
1753272354814 0.01726 292
1753272370486 0.01727 293
1753272386088 0.01724 294
1753272401850 0.01738 295
1753272417523 0.01745 296
1753272433192 0.01742 297
1753272448695 0.01738 298
1753272464224 0.01734 299
1753272480056 0.01754 300
