1753150462710 1.0 0
1753150482467 2.0 0
1753150502237 3.0 0
1753150521785 4.0 0
1753150541770 5.0 0
1753150561222 6.0 0
1753150580768 7.0 0
1753150600481 8.0 0
1753150619906 9.0 0
1753150639595 10.0 0
1753150659578 11.0 0
1753150679371 12.0 0
1753150698660 13.0 0
1753150718280 14.0 0
1753150738331 15.0 0
1753150758076 16.0 0
1753150777775 17.0 0
1753150797573 18.0 0
1753150817270 19.0 0
1753150836836 20.0 0
1753150856486 21.0 0
1753150876129 22.0 0
1753150895861 23.0 0
1753150915592 24.0 0
1753150935262 25.0 0
1753150954980 26.0 0
1753150974781 27.0 0
1753150994270 28.0 0
1753151033539 30.0 0
1753151053103 31.0 0
1753151072735 32.0 0
1753151111895 34.0 0
1753151131486 35.0 0
1753151190986 38.0 0
1753151210636 39.0 0
1753151230035 40.0 0
1753151308590 44.0 0
1753151583148 58.0 0
1753151622433 60.0 0
