1753150448424 0.62976 1
1753150468660 0.49315 2
1753150488335 0.39832 3
1753150508015 0.32213 4
1753150527550 0.25867 5
1753150547473 0.20774 6
1753150566967 0.16798 7
1753150586529 0.13759 8
1753150606218 0.1145 9
1753150625711 0.09656 10
1753150645364 0.08292 11
1753150665343 0.07292 12
1753150685095 0.06409 13
1753150704481 0.05736 14
1753150724026 0.05198 15
1753150744207 0.04769 16
1753150763880 0.04512 17
1753150783568 0.04127 18
1753150803380 0.03864 19
1753150823072 0.03648 20
1753150842653 0.03462 21
1753150862360 0.03306 22
1753150881891 0.03165 23
1753150901669 0.03041 24
1753150921460 0.02939 25
1753150941100 0.02848 26
1753150960795 0.02772 27
1753150980570 0.02693 28
1753151000054 0.02631 29
1753151019374 0.02571 30
1753151039288 0.02517 31
1753151058846 0.02472 32
1753151078519 0.02429 33
1753151098230 0.02392 34
1753151117680 0.02344 35
1753151137266 0.02299 36
1753151157308 0.02264 37
1753151176972 0.02234 38
1753151196805 0.02198 39
1753151216425 0.02173 40
1753151235862 0.02152 41
1753151255470 0.02135 42
1753151275202 0.02113 43
1753151294876 0.02094 44
1753151314475 0.02083 45
1753151334362 0.02071 46
1753151353751 0.02056 47
1753151373362 0.02045 48
1753151393001 0.02033 49
1753151412475 0.02025 50
1753151432256 0.02011 51
1753151451760 0.02002 52
1753151471342 0.01998 53
1753151490583 0.01986 54
1753151510102 0.01976 55
1753151529719 0.01965 56
1753151549229 0.01961 57
1753151569385 0.01957 58
1753151588900 0.01949 59
1753151608302 0.01943 60
1753151628166 0.01937 61
1753151647665 0.0193 62
1753151667432 0.01921 63
1753151686775 0.0192 64
1753151706199 0.01911 65
1753151725951 0.01907 66
1753151745273 0.01904 67
1753151765070 0.01898 68
1753151784716 0.01893 69
1753151804384 0.01889 70
1753151824008 0.0189 71
1753151844444 0.01882 72
1753151863895 0.01882 73
1753151883768 0.01875 74
1753151903073 0.01868 75
1753151922530 0.01867 76
1753151941955 0.0186 77
1753151961943 0.01861 78
1753151981525 0.01856 79
1753152001292 0.01853 80
1753152020700 0.01851 81
1753152040173 0.01847 82
1753152059897 0.01845 83
1753152079297 0.01845 84
1753152098851 0.01841 85
1753152118349 0.01838 86
1753152138063 0.01837 87
1753152157863 0.01833 88
1753152177526 0.01835 89
1753152197426 0.0183 90
1753152217014 0.01826 91
1753152236687 0.01824 92
1753152256164 0.01819 93
1753152275748 0.01818 94
1753152295552 0.0182 95
1753152315007 0.01818 96
1753152334687 0.01815 97
1753152354825 0.01812 98
1753152374396 0.01807 99
1753152394105 0.01803 100
1753152413760 0.01814 101
1753152433389 0.01802 102
1753152452966 0.01802 103
1753152472276 0.01798 104
1753152491988 0.01802 105
1753152511458 0.01802 106
1753152531241 0.01796 107
1753152550822 0.01796 108
1753152570403 0.01792 109
1753152590313 0.0179 110
1753152609701 0.01791 111
1753152629159 0.01785 112
1753152648617 0.01786 113
1753152668493 0.01785 114
1753152688629 0.01782 115
1753152708390 0.01782 116
1753152728296 0.01779 117
1753152747970 0.01777 118
1753152767603 0.01778 119
1753152787193 0.01777 120
1753152806486 0.01777 121
1753152826356 0.01771 122
1753152846098 0.01771 123
1753152865793 0.01771 124
1753152885446 0.01771 125
1753152904713 0.01767 126
1753152924453 0.01765 127
1753152944139 0.01767 128
1753152963459 0.01768 129
1753152982632 0.0176 130
1753153002585 0.01764 131
1753153022365 0.01765 132
1753153041875 0.01765 133
1753153061368 0.0176 134
1753153081611 0.0176 135
1753153101238 0.01756 136
1753153120708 0.01753 137
1753153140387 0.01757 138
1753153160532 0.01756 139
1753153180465 0.01753 140
1753153200111 0.01753 141
1753153219619 0.01753 142
1753153239481 0.01749 143
1753153259364 0.01751 144
1753153278823 0.01747 145
1753153298226 0.01747 146
1753153317917 0.01743 147
1753153337274 0.01742 148
1753153357057 0.01746 149
1753153376895 0.01743 150
1753153396079 0.01741 151
1753153415679 0.0174 152
1753153435376 0.01737 153
1753153454715 0.01744 154
1753153474656 0.01742 155
1753153494290 0.01741 156
1753153513574 0.01737 157
1753153533094 0.0174 158
1753153552932 0.01739 159
1753153572606 0.01739 160
1753153592063 0.01733 161
1753153612046 0.01736 162
1753153631609 0.01732 163
1753153650782 0.01733 164
1753153670028 0.01733 165
1753153689381 0.0173 166
1753153709051 0.01729 167
1753153728830 0.01728 168
1753153748121 0.01725 169
1753153768573 0.01728 170
1753153788178 0.01731 171
1753153807621 0.01728 172
1753153827234 0.01731 173
1753153846876 0.01721 174
1753153866262 0.01727 175
1753153885867 0.01726 176
1753153905389 0.01719 177
1753153925231 0.01721 178
1753153944665 0.01724 179
1753153964325 0.01726 180
1753153984192 0.01721 181
1753154003986 0.01721 182
1753154023569 0.0172 183
1753154043094 0.01716 184
1753154062872 0.01727 185
1753154082578 0.01724 186
1753154102194 0.01716 187
1753154121839 0.01717 188
1753154141509 0.01716 189
1753154161146 0.01716 190
1753154180788 0.01714 191
1753154200751 0.01715 192
1753154220256 0.01714 193
1753154239872 0.0171 194
1753154259681 0.0171 195
1753154279444 0.01709 196
1753154298686 0.01713 197
1753154319000 0.01716 198
1753154339158 0.01712 199
1753154358210 0.01713 200
1753154377574 0.0171 201
1753154397684 0.01708 202
1753154417611 0.01706 203
1753154437164 0.01705 204
1753154456775 0.01712 205
1753154476039 0.01709 206
1753154495285 0.01704 207
1753154514794 0.01704 208
1753154534295 0.01706 209
1753154553478 0.01704 210
1753154573040 0.01704 211
1753154592418 0.017 212
1753154612047 0.01701 213
1753154631892 0.01712 214
1753154651418 0.01705 215
1753154671308 0.01703 216
1753154690982 0.01706 217
1753154710487 0.01705 218
1753154730409 0.01703 219
1753154750023 0.01696 220
1753154769878 0.01702 221
1753154789541 0.01699 222
1753154808938 0.01701 223
1753154828359 0.01696 224
1753154847874 0.01701 225
1753154867275 0.01699 226
1753154886347 0.01703 227
1753154905599 0.017 228
1753154925617 0.01699 229
1753154945204 0.01696 230
1753154964901 0.01698 231
1753154984467 0.01698 232
1753155003866 0.01695 233
1753155023811 0.01699 234
1753155043602 0.01702 235
1753155063370 0.01696 236
1753155082937 0.01689 237
1753155102035 0.01701 238
1753155121655 0.01692 239
1753155141458 0.01696 240
1753155161337 0.01697 241
1753155180411 0.01694 242
1753155200010 0.0169 243
1753155219930 0.01692 244
1753155239283 0.01693 245
1753155258571 0.01693 246
1753155277947 0.01691 247
1753155297954 0.01691 248
1753155317620 0.01687 249
1753155337199 0.01691 250
1753155356938 0.01688 251
1753155376303 0.0169 252
1753155396019 0.01689 253
1753155415321 0.01687 254
1753155434991 0.01691 255
1753155454660 0.01689 256
1753155474590 0.01688 257
1753155493816 0.01691 258
1753155513333 0.01694 259
1753155532741 0.01688 260
1753155552352 0.01693 261
1753155571965 0.01688 262
1753155591521 0.01685 263
1753155611322 0.01685 264
1753155630647 0.01684 265
1753155650697 0.01686 266
1753155670132 0.01687 267
1753155689764 0.01683 268
1753155709379 0.01686 269
1753155729511 0.01688 270
1753155749513 0.0169 271
1753155769150 0.01687 272
1753155788700 0.01689 273
1753155808340 0.01685 274
1753155827926 0.01685 275
1753155847738 0.01681 276
1753155867864 0.01683 277
1753155887264 0.0168 278
1753155907054 0.01685 279
1753155926546 0.01684 280
1753155946227 0.0168 281
1753155965857 0.01683 282
1753155985563 0.01688 283
1753156005084 0.01685 284
1753156024554 0.01682 285
1753156044405 0.01682 286
1753156063870 0.01682 287
1753156083220 0.01685 288
1753156103041 0.01679 289
1753156122929 0.01683 290
1753156142521 0.01687 291
1753156162322 0.0168 292
1753156182224 0.01682 293
1753156201849 0.01681 294
1753156221960 0.01681 295
1753156241746 0.01677 296
1753156261430 0.0168 297
1753156281689 0.01675 298
1753156301596 0.01679 299
1753156321343 0.01684 300
