1752857737422 1.0 0
1752857766776 2.0 0
1752857796944 3.0 0
1752857827515 4.0 0
1752857857657 5.0 0
1752857887764 6.0 0
1752857918960 7.0 0
1752857948800 8.0 0
1752857978459 9.0 0
1752858008895 10.0 0
1752858039299 11.0 0
1752858069536 12.0 0
1752858099736 13.0 0
1752858129715 14.0 0
1752858160944 15.0 0
1752858191901 16.0 0
1752858222214 17.0 0
1752858252343 18.0 0
1752858283037 19.0 0
1752858312460 20.0 0
1752858341864 21.0 0
1752858372910 22.0 0
1752858402242 23.0 0
1752858432468 24.0 0
1752858493567 26.0 0
1752858524348 27.0 0
1752858554720 28.0 0
1752858585736 29.0 0
1752858616006 30.0 0
1752858677161 32.0 0
1752858708314 33.0 0
1752858738731 34.0 0
1752858769535 35.0 0
1752858800114 36.0 0
1752858860556 38.0 0
1752858891245 39.0 0
1752858951820 41.0 0
1752858982642 42.0 0
1752859042945 44.0 0
1752859103363 46.0 0
1752859133442 47.0 0
1752859193252 49.0 0
1752859344836 54.0 0
