1752857719896 0.62221 1
1752857750117 0.47752 2
1752857779447 0.40431 3
1752857809688 0.33889 4
1752857840142 0.28148 5
1752857870274 0.2336 6
1752857900413 0.19438 7
1752857931585 0.16249 8
1752857961450 0.13688 9
1752857991116 0.11648 10
1752858021521 0.09994 11
1752858051986 0.08503 12
1752858082210 0.07441 13
1752858112491 0.06603 14
1752858142405 0.05919 15
1752858173680 0.05371 16
1752858204554 0.04917 17
1752858234836 0.04539 18
1752858265073 0.04217 19
1752858295683 0.0396 20
1752858325174 0.03733 21
1752858354482 0.03539 22
1752858385501 0.03377 23
1752858414914 0.03233 24
1752858445222 0.03109 25
1752858475451 0.03008 26
1752858506288 0.02904 27
1752858537105 0.02809 28
1752858567393 0.02765 29
1752858598393 0.0268 30
1752858628639 0.02617 31
1752858659094 0.02558 32
1752858689914 0.02499 33
1752858721072 0.02456 34
1752858751440 0.02414 35
1752858782277 0.02379 36
1752858812886 0.02348 37
1752858842534 0.02317 38
1752858873214 0.02283 39
1752858903943 0.02263 40
1752858934974 0.02235 41
1752858964510 0.02216 42
1752858995322 0.02199 43
1752859025334 0.02187 44
1752859055599 0.02163 45
1752859085745 0.02143 46
1752859115965 0.02118 47
1752859146134 0.02103 48
1752859176333 0.0209 49
1752859205845 0.02082 50
1752859236405 0.02069 51
1752859266651 0.02051 52
1752859296830 0.02045 53
1752859326941 0.02031 54
1752859357616 0.02023 55
1752859387791 0.02015 56
1752859418417 0.02002 57
1752859447837 0.0199 58
1752859477868 0.01987 59
1752859507946 0.01987 60
1752859538156 0.01976 61
1752859568869 0.01973 62
1752859598986 0.01953 63
1752859629023 0.01945 64
