1753259653132 1.0 0
1753259677345 2.0 0
1753259702496 3.0 0
1753259726708 4.0 0
1753259750906 5.0 0
1753259775067 6.0 0
1753259799033 7.0 0
1753259823120 8.0 0
1753259847163 9.0 0
1753259871363 10.0 0
1753259895825 11.0 0
1753259919823 12.0 0
1753259943531 13.0 0
1753259967862 14.0 0
1753259991929 15.0 0
1753260016451 16.0 0
1753260040519 17.0 0
1753260064883 18.0 0
1753260089181 19.0 0
1753260113280 20.0 0
1753260137666 21.0 0
1753260161963 22.0 0
1753260260499 26.0 0
1753260356598 30.0 0
1753260624624 41.0 0
