1753259638839 0.47694 1
1753259663133 0.37057 2
1753259687391 0.3008 3
1753259712414 0.24043 4
1753259736681 0.19297 5
1753259760820 0.15625 6
1753259785073 0.12802 7
1753259808969 0.10448 8
1753259833155 0.07591 9
1753259857104 0.05689 10
1753259881333 0.04562 11
1753259905772 0.03853 12
1753259929877 0.03379 13
1753259953474 0.03058 14
1753259977920 0.02835 15
1753260002008 0.02647 16
1753260026391 0.02511 17
1753260050530 0.0241 18
1753260074895 0.02325 19
1753260099134 0.02269 20
1753260123234 0.02205 21
1753260147672 0.02161 22
1753260171926 0.0212 23
1753260196366 0.02084 24
1753260221026 0.02061 25
1753260245867 0.02044 26
1753260270473 0.02013 27
1753260294514 0.02017 28
1753260318641 0.01986 29
1753260342705 0.01969 30
1753260366626 0.01961 31
1753260390785 0.01944 32
1753260415029 0.01928 33
1753260439768 0.01919 34
1753260464317 0.01906 35
1753260488606 0.01906 36
1753260512879 0.01895 37
1753260537394 0.01891 38
1753260562071 0.01881 39
1753260586616 0.01876 40
1753260610601 0.01872 41
1753260634595 0.01867 42
1753260658981 0.01873 43
1753260682993 0.01862 44
1753260706713 0.01855 45
1753260730989 0.01849 46
1753260755246 0.01848 47
1753260779816 0.01848 48
1753260804235 0.01849 49
1753260828286 0.01836 50
1753260852746 0.01835 51
1753260876833 0.0183 52
1753260900822 0.01826 53
1753260925470 0.01828 54
1753260949500 0.01833 55
1753260973867 0.01823 56
1753260997784 0.01826 57
1753261022081 0.01824 58
1753261046416 0.01847 59
1753261070370 0.01821 60
1753261094769 0.01817 61
1753261118846 0.01812 62
1753261143017 0.01808 63
1753261167413 0.0181 64
1753261192087 0.0181 65
1753261216293 0.01808 66
1753261240356 0.01804 67
1753261264416 0.01803 68
1753261288941 0.018 69
1753261313281 0.01798 70
1753261337559 0.01813 71
1753261361948 0.01809 72
1753261386057 0.018 73
1753261410062 0.01801 74
1753261434416 0.01801 75
1753261458404 0.01796 76
1753261482699 0.01793 77
1753261506496 0.01796 78
1753261531025 0.01791 79
1753261555638 0.01796 80
1753261579632 0.0179 81
1753261603546 0.01793 82
1753261627898 0.01788 83
1753261651850 0.01786 84
1753261676161 0.01788 85
1753261700075 0.01783 86
1753261723946 0.01784 87
1753261748423 0.01786 88
1753261772468 0.01783 89
1753261797123 0.01789 90
1753261821633 0.01787 91
1753261845968 0.01781 92
1753261869953 0.01779 93
1753261893949 0.01776 94
1753261917981 0.01777 95
1753261942257 0.01776 96
1753261966401 0.01778 97
1753261990768 0.01772 98
1753262014691 0.01773 99
1753262038923 0.0177 100
1753262063055 0.01772 101
1753262087635 0.01772 102
1753262111624 0.01772 103
1753262135584 0.01786 104
1753262159844 0.01769 105
1753262183901 0.01771 106
1753262208255 0.01773 107
1753262232572 0.01783 108
1753262256505 0.01773 109
1753262280287 0.01766 110
1753262304175 0.01766 111
1753262328301 0.01772 112
1753262352393 0.01763 113
1753262376728 0.0176 114
1753262400236 0.01762 115
1753262424980 0.01764 116
1753262448950 0.01764 117
1753262473105 0.01761 118
1753262497255 0.01766 119
1753262521085 0.0176 120
1753262545314 0.01763 121
1753262569197 0.01759 122
1753262593213 0.01758 123
1753262617478 0.01757 124
1753262642243 0.01757 125
1753262666417 0.01755 126
1753262691013 0.01755 127
1753262715831 0.01753 128
1753262740231 0.01752 129
1753262764224 0.01751 130
1753262788578 0.01755 131
1753262812815 0.01754 132
1753262837073 0.01754 133
1753262861306 0.01745 134
1753262885623 0.01747 135
1753262909693 0.01751 136
1753262934022 0.01746 137
1753262958291 0.01755 138
1753262982400 0.01751 139
1753263006357 0.01746 140
1753263030919 0.01744 141
1753263055014 0.01743 142
1753263079122 0.01744 143
1753263103142 0.01742 144
1753263127840 0.01748 145
1753263152439 0.01748 146
1753263176464 0.01738 147
1753263200971 0.01738 148
1753263225304 0.01738 149
1753263249193 0.01737 150
1753263273224 0.01735 151
1753263297958 0.01733 152
1753263321898 0.01738 153
1753263346346 0.01743 154
1753263370703 0.01737 155
1753263395300 0.01735 156
1753263419576 0.01738 157
1753263443623 0.01742 158
1753263467696 0.01756 159
1753263491655 0.01739 160
1753263516036 0.01744 161
1753263540209 0.01747 162
1753263564278 0.01735 163
1753263588714 0.01747 164
1753263613172 0.01733 165
1753263637156 0.01736 166
1753263661417 0.01741 167
1753263686056 0.01732 168
1753263710822 0.01729 169
1753263735517 0.01728 170
1753263759662 0.01734 171
1753263783382 0.01731 172
1753263807934 0.01732 173
1753263832133 0.01735 174
1753263855994 0.01726 175
1753263880221 0.01727 176
1753263904132 0.01737 177
1753263928462 0.0173 178
1753263952559 0.01728 179
1753263976503 0.01724 180
1753264000503 0.01723 181
1753264024737 0.01726 182
1753264049023 0.01724 183
1753264073049 0.01728 184
1753264097342 0.01723 185
1753264121469 0.01737 186
1753264145501 0.01727 187
1753264169718 0.01727 188
1753264193794 0.01725 189
1753264218274 0.01725 190
1753264242491 0.01723 191
1753264266568 0.01728 192
1753264290538 0.01721 193
1753264314664 0.01728 194
1753264338832 0.01735 195
1753264363050 0.01726 196
1753264387505 0.01717 197
1753264411869 0.01719 198
1753264435851 0.01723 199
1753264460090 0.01727 200
1753264484052 0.0172 201
1753264508283 0.01721 202
1753264532617 0.01718 203
1753264556762 0.01713 204
1753264581098 0.01716 205
1753264605175 0.01724 206
1753264629324 0.01717 207
1753264653356 0.01715 208
1753264677620 0.01717 209
1753264702068 0.01714 210
1753264725995 0.01715 211
1753264749886 0.01716 212
1753264774091 0.01716 213
1753264798270 0.0172 214
1753264822506 0.01712 215
1753264846467 0.01714 216
1753264870885 0.01711 217
1753264895124 0.01714 218
1753264919910 0.01718 219
1753264944149 0.01714 220
1753264968894 0.01715 221
1753264992711 0.01725 222
1753265017483 0.01727 223
1753265041919 0.01716 224
1753265066432 0.01711 225
1753265090295 0.01713 226
1753265114838 0.01709 227
1753265138860 0.01715 228
1753265163477 0.01708 229
1753265187783 0.0171 230
1753265212366 0.01727 231
1753265237056 0.01709 232
1753265261229 0.01705 233
1753265285886 0.01712 234
1753265310220 0.01719 235
1753265334888 0.01723 236
1753265359554 0.01713 237
1753265384056 0.01707 238
1753265408612 0.01705 239
1753265432872 0.01711 240
1753265457588 0.01734 241
1753265481560 0.01736 242
1753265505703 0.01709 243
1753265530006 0.01706 244
1753265554032 0.01705 245
1753265578707 0.01707 246
1753265601940 0.01724 247
1753265626314 0.0171 248
1753265650056 0.0172 249
1753265674094 0.01711 250
1753265698201 0.01719 251
1753265722218 0.01716 252
1753265746629 0.01705 253
1753265771075 0.01711 254
1753265795756 0.01706 255
1753265820577 0.01702 256
1753265845346 0.01702 257
1753265869361 0.01708 258
1753265893033 0.017 259
1753265916580 0.01701 260
1753265941249 0.01702 261
1753265965851 0.01698 262
1753265989688 0.01702 263
1753266013779 0.01699 264
1753266037905 0.01703 265
1753266062025 0.01701 266
1753266086239 0.01728 267
1753266110229 0.01702 268
1753266134832 0.01703 269
1753266159000 0.017 270
1753266182868 0.01698 271
1753266207078 0.01701 272
1753266231130 0.01696 273
1753266255165 0.01699 274
1753266278982 0.01703 275
1753266303132 0.01694 276
1753266327217 0.01705 277
1753266351525 0.01701 278
1753266375596 0.01695 279
1753266400359 0.01696 280
1753266424863 0.01701 281
1753266449053 0.01702 282
1753266473766 0.0171 283
1753266497648 0.01698 284
1753266521924 0.01711 285
1753266546107 0.01696 286
1753266570773 0.01705 287
1753266595247 0.01694 288
1753266619638 0.01698 289
1753266643658 0.01703 290
1753266667332 0.01715 291
1753266691652 0.01698 292
1753266716005 0.01706 293
1753266740330 0.01691 294
1753266764596 0.01691 295
1753266788336 0.01691 296
1753266812297 0.0169 297
1753266837203 0.01695 298
1753266861304 0.01696 299
1753266885488 0.017 300
