1753243741064 1.0 0
1753243787704 2.0 0
1753243836414 3.0 0
1753243883924 4.0 0
1753243931003 5.0 0
1753243978498 6.0 0
1753244025305 7.0 0
1753244072619 8.0 0
1753244119537 9.0 0
1753244166381 10.0 0
1753244213383 11.0 0
1753244260418 12.0 0
1753244308202 13.0 0
1753244355087 14.0 0
1753244402039 15.0 0
1753244449335 16.0 0
1753244496704 17.0 0
1753244544141 18.0 0
1753244591284 19.0 0
1753244685285 21.0 0
1753244779647 23.0 0
1753244827287 24.0 0
1753244874206 25.0 0
1753245015121 28.0 0
1753245157853 31.0 0
1753245298932 34.0 0
1753245346285 35.0 0
1753245440181 37.0 0
1753245580871 40.0 0
