1753243708265 0.51176 1
1753243757630 0.32316 2
1753243805863 0.20931 3
1753243853390 0.13964 4
1753243900976 0.09834 5
1753243948145 0.07355 6
1753243995447 0.05668 7
1753244042139 0.04637 8
1753244089376 0.03973 9
1753244136659 0.03511 10
1753244183153 0.03179 11
1753244230425 0.02932 12
1753244277523 0.02746 13
1753244325042 0.02602 14
1753244372049 0.02486 15
1753244419463 0.02392 16
1753244466477 0.02316 17
1753244513674 0.02253 18
1753244561224 0.02201 19
1753244608209 0.02154 20
1753244654919 0.02116 21
1753244702467 0.02082 22
1753244749500 0.02052 23
1753244796800 0.02026 24
1753244844057 0.02003 25
1753244891023 0.01983 26
1753244937874 0.01967 27
1753244984944 0.01951 28
1753245032056 0.01937 29
1753245080142 0.01925 30
1753245127523 0.01913 31
1753245175014 0.01903 32
1753245221729 0.01895 33
1753245268741 0.01886 34
1753245315795 0.01877 35
1753245363356 0.01869 36
1753245410312 0.01863 37
1753245456997 0.01857 38
1753245504197 0.01852 39
1753245550979 0.01848 40
1753245597757 0.01841 41
1753245644722 0.01837 42
1753245692238 0.01833 43
1753245739346 0.01829 44
1753245786521 0.01826 45
1753245834050 0.01822 46
1753245881103 0.01818 47
1753245928099 0.01816 48
1753245975439 0.01813 49
1753246022577 0.0181 50
1753246069321 0.01807 51
1753246116345 0.01805 52
1753246163267 0.01803 53
1753246210356 0.01801 54
1753246258374 0.01799 55
1753246305550 0.01796 56
1753246352742 0.01796 57
1753246400259 0.01793 58
1753246447280 0.01792 59
1753246494253 0.01789 60
1753246540958 0.01787 61
1753246588311 0.01787 62
1753246635855 0.01786 63
1753246682628 0.01784 64
1753246730013 0.01784 65
1753246776993 0.01782 66
1753246823836 0.0178 67
1753246871181 0.01779 68
1753246918455 0.01778 69
1753246965289 0.01776 70
1753247012995 0.01776 71
1753247060129 0.01775 72
1753247107533 0.01775 73
1753247155262 0.01775 74
1753247202124 0.01772 75
1753247249020 0.01771 76
1753247296191 0.01771 77
1753247342866 0.01769 78
1753247389748 0.01767 79
1753247436778 0.01769 80
1753247483668 0.01767 81
1753247530847 0.01766 82
1753247578131 0.01766 83
1753247625219 0.01765 84
1753247672103 0.01764 85
1753247718793 0.01763 86
1753247766008 0.01763 87
1753247812819 0.01762 88
1753247860148 0.01761 89
1753247907635 0.01762 90
1753247954442 0.0176 91
1753248001728 0.01758 92
1753248049110 0.0176 93
1753248096354 0.01758 94
1753248143747 0.01757 95
1753248190478 0.01757 96
1753248237587 0.01756 97
1753248284926 0.01757 98
1753248332559 0.01755 99
1753248379461 0.01755 100
1753248426637 0.01754 101
1753248473631 0.01752 102
1753248521667 0.01753 103
1753248568753 0.01752 104
1753248615660 0.01752 105
1753248662531 0.01752 106
1753248710261 0.01751 107
1753248757498 0.0175 108
1753248804215 0.0175 109
1753248850939 0.01751 110
1753248898939 0.0175 111
1753248946106 0.01748 112
1753248993657 0.01748 113
1753249040794 0.01748 114
1753249087809 0.01748 115
1753249134869 0.01747 116
1753249181656 0.01746 117
1753249228414 0.01746 118
1753249274972 0.01747 119
1753249321996 0.01746 120
1753249369046 0.01745 121
1753249416463 0.01745 122
1753249463934 0.01745 123
1753249511306 0.01745 124
1753249559335 0.01743 125
1753249606337 0.01744 126
1753249653165 0.01743 127
1753249699737 0.01743 128
1753249746974 0.01742 129
1753249793852 0.01742 130
1753249840582 0.01742 131
1753249887499 0.01741 132
1753249934386 0.01741 133
1753249980742 0.01741 134
1753250027247 0.0174 135
1753250073804 0.01739 136
1753250120768 0.0174 137
1753250167948 0.0174 138
1753250214657 0.0174 139
1753250261531 0.01738 140
1753250308198 0.01739 141
1753250354996 0.01738 142
1753250402538 0.01738 143
1753250450069 0.01738 144
1753250497084 0.01737 145
1753250543909 0.01737 146
1753250590590 0.01736 147
1753250637015 0.01737 148
1753250684098 0.01737 149
1753250731066 0.01736 150
1753250778441 0.01735 151
1753250825712 0.01735 152
1753250872641 0.01734 153
1753250919600 0.01735 154
1753250966275 0.01733 155
1753251012592 0.01734 156
1753251059648 0.01734 157
1753251107063 0.01734 158
1753251154133 0.01733 159
1753251200834 0.01733 160
1753251248072 0.01733 161
1753251294753 0.01733 162
1753251341815 0.01732 163
1753251388295 0.01732 164
1753251435475 0.01731 165
1753251481997 0.01731 166
1753251528718 0.01731 167
1753251575519 0.01732 168
1753251622473 0.0173 169
1753251669173 0.0173 170
1753251715453 0.01731 171
1753251762568 0.01731 172
1753251809648 0.0173 173
1753251856309 0.01729 174
1753251903113 0.01728 175
1753251950031 0.01728 176
1753251997338 0.01728 177
1753252045103 0.01728 178
1753252092153 0.01728 179
1753252138575 0.01728 180
1753252184834 0.01728 181
1753252231624 0.01727 182
1753252278214 0.01727 183
1753252325007 0.01727 184
1753252371438 0.01727 185
1753252418189 0.01727 186
1753252464743 0.01726 187
1753252511232 0.01726 188
1753252558327 0.01726 189
1753252605084 0.01726 190
1753252651813 0.01725 191
1753252698920 0.01726 192
1753252745845 0.01726 193
1753252792561 0.01725 194
1753252839075 0.01725 195
1753252885590 0.01724 196
1753252932201 0.01725 197
1753252979043 0.01725 198
1753253025502 0.01724 199
1753253072948 0.01725 200
1753253119492 0.01724 201
1753253166091 0.01724 202
1753253212826 0.01723 203
1753253259534 0.01723 204
1753253306678 0.01722 205
1753253353755 0.01723 206
1753253400210 0.01723 207
1753253447129 0.01723 208
1753253493733 0.01723 209
1753253540296 0.01721 210
1753253586858 0.01722 211
1753253633367 0.01721 212
1753253679950 0.0172 213
1753253726331 0.01722 214
1753253773020 0.01721 215
1753253820061 0.01721 216
1753253866688 0.0172 217
1753253913776 0.01721 218
1753253961104 0.0172 219
1753254008668 0.01719 220
1753254055020 0.01719 221
1753254101513 0.01719 222
1753254148641 0.0172 223
1753254195153 0.0172 224
1753254241971 0.01719 225
1753254288658 0.01719 226
1753254335508 0.01719 227
1753254382109 0.01718 228
1753254428963 0.01719 229
1753254475541 0.01719 230
1753254521724 0.01718 231
1753254568622 0.01718 232
1753254615495 0.01718 233
1753254661841 0.01718 234
1753254709043 0.01718 235
1753254755951 0.01718 236
1753254802873 0.01717 237
1753254849702 0.01716 238
1753254896506 0.01717 239
1753254945017 0.01717 240
1753254991702 0.01718 241
1753255038573 0.01716 242
1753255085334 0.01716 243
1753255131926 0.01716 244
1753255178966 0.01715 245
1753255225697 0.01716 246
1753255273062 0.01716 247
1753255320120 0.01717 248
1753255366952 0.01716 249
1753255413724 0.01714 250
1753255460443 0.01715 251
1753255507821 0.01714 252
1753255554593 0.01714 253
1753255601127 0.01714 254
1753255647806 0.01715 255
1753255694755 0.01714 256
1753255741374 0.01714 257
1753255788182 0.01714 258
1753255835221 0.01715 259
1753255883118 0.01714 260
1753255929540 0.01713 261
1753255976604 0.01714 262
1753256023749 0.01713 263
1753256070217 0.01714 264
1753256116809 0.01714 265
1753256163896 0.01712 266
1753256211013 0.01713 267
1753256257620 0.01713 268
1753256303769 0.01712 269
1753256350568 0.01713 270
1753256397393 0.01713 271
1753256444279 0.01712 272
1753256491284 0.01711 273
1753256538524 0.01712 274
1753256585257 0.01711 275
1753256632034 0.01712 276
1753256678318 0.01711 277
1753256725053 0.01712 278
1753256771794 0.01712 279
1753256818730 0.01711 280
1753256865541 0.01711 281
1753256911869 0.01711 282
1753256958712 0.01711 283
1753257005911 0.01711 284
1753257052330 0.01712 285
1753257099250 0.01711 286
1753257146519 0.0171 287
1753257193364 0.0171 288
1753257240434 0.0171 289
1753257287977 0.0171 290
1753257334842 0.0171 291
1753257381932 0.01709 292
1753257429066 0.01709 293
1753257476176 0.01709 294
1753257522690 0.01709 295
1753257569418 0.01709 296
1753257616038 0.0171 297
1753257662914 0.01709 298
1753257709591 0.01709 299
1753257756689 0.01709 300
