1753366146471 1.0 0
1753366164665 2.0 0
1753366182870 3.0 0
1753366201510 4.0 0
1753366219327 5.0 0
1753366237178 6.0 0
1753366255508 7.0 0
1753366273267 8.0 0
1753366291184 9.0 0
1753366309423 10.0 0
1753366327964 11.0 0
1753366346361 12.0 0
1753366364427 13.0 0
1753366382931 14.0 0
1753366401680 15.0 0
1753366420206 16.0 0
1753366438767 17.0 0
1753366456914 18.0 0
1753366474975 19.0 0
1753366492976 20.0 0
1753366510853 21.0 0
1753366529344 22.0 0
1753366547969 23.0 0
1753366566677 24.0 0
1753366584475 25.0 0
1753366602602 26.0 0
1753366620883 27.0 0
1753366639017 28.0 0
1753366657363 29.0 0
1753366675949 30.0 0
1753366693833 31.0 0
1753366711405 32.0 0
1753366728913 33.0 0
1753366746335 34.0 0
1753366763895 35.0 0
1753366781268 36.0 0
1753366799148 37.0 0
1753366817003 38.0 0
1753366834902 39.0 0
1753366853070 40.0 0
1753366870891 41.0 0
1753366888668 42.0 0
1753366906068 43.0 0
1753366923838 44.0 0
1753366941236 45.0 0
1753366958522 46.0 0
1753366975974 47.0 0
1753366994096 48.0 0
1753367012510 49.0 0
1753367031030 50.0 0
1753367049765 51.0 0
1753367067489 52.0 0
1753367084835 53.0 0
1753367102642 54.0 0
1753367120687 55.0 0
1753367138433 56.0 0
1753367156209 57.0 0
1753367173886 58.0 0
1753367191513 59.0 0
1753367209315 60.0 0
1753367226736 61.0 0
1753367244173 62.0 0
1753367261720 63.0 0
1753367279683 64.0 0
1753367297225 65.0 0
1753367314593 66.0 0
1753367350000 68.0 0
1753367386077 70.0 0
1753367404339 71.0 0
1753367422609 72.0 0
1753367459029 74.0 0
1753367476313 75.0 0
1753367528629 78.0 0
1753367546297 79.0 0
1753367581722 81.0 0
1753367617310 83.0 0
1753367686982 87.0 0
1753367721986 89.0 0
1753367739424 90.0 0
1753367844886 96.0 0
