1753366132197 0.73237 1
1753366150549 0.62128 2
1753366168669 0.58128 3
1753366186892 0.53039 4
1753366205500 0.49002 5
1753366223356 0.45423 6
1753366241200 0.41891 7
1753366259499 0.38601 8
1753366277271 0.35461 9
1753366295119 0.32404 10
1753366313437 0.29493 11
1753366331971 0.26768 12
1753366350414 0.24346 13
1753366368484 0.22183 14
1753366387039 0.20246 15
1753366405737 0.18514 16
1753366424286 0.16954 17
1753366442829 0.15564 18
1753366460976 0.14322 19
1753366478961 0.13211 20
1753366497091 0.12202 21
1753366514915 0.1097 22
1753366533437 0.1003 23
1753366552009 0.09299 24
1753366570711 0.08663 25
1753366588527 0.08097 26
1753366606648 0.07582 27
1753366624909 0.07134 28
1753366643089 0.06723 29
1753366661406 0.06357 30
1753366679987 0.06024 31
1753366697898 0.05732 32
1753366715461 0.05457 33
1753366732948 0.05215 34
1753366750405 0.04994 35
1753366767941 0.04789 36
1753366785303 0.04604 37
1753366803204 0.04432 38
1753366821064 0.04276 39
1753366838990 0.04132 40
1753366857107 0.04002 41
1753366874938 0.03881 42
1753366892717 0.03769 43
1753366910124 0.03666 44
1753366927871 0.03564 45
1753366945240 0.03479 46
1753366962574 0.03397 47
1753366980206 0.03318 48
1753366998148 0.03246 49
1753367016561 0.03173 50
1753367034997 0.0311 51
1753367053783 0.03057 52
1753367071498 0.02998 53
1753367088818 0.02945 54
1753367106615 0.02893 55
1753367124676 0.02852 56
1753367142439 0.02808 57
1753367160179 0.02766 58
1753367177862 0.02726 59
1753367195592 0.02689 60
1753367213282 0.02652 61
1753367230701 0.02617 62
1753367248202 0.02588 63
1753367265684 0.02563 64
1753367283671 0.02531 65
1753367301232 0.02507 66
1753367318582 0.0248 67
1753367336233 0.02458 68
1753367354090 0.0243 69
1753367371961 0.02404 70
1753367390127 0.02389 71
1753367408384 0.02371 72
1753367426681 0.0235 73
1753367444907 0.02335 74
1753367463096 0.02316 75
1753367480362 0.02295 76
1753367497659 0.02279 77
1753367514918 0.02274 78
1753367532673 0.02246 79
1753367550342 0.02233 80
1753367568007 0.0222 81
1753367585804 0.02206 82
1753367603552 0.02194 83
1753367621370 0.0218 84
1753367638663 0.02165 85
1753367656021 0.02158 86
1753367673552 0.02143 87
1753367691012 0.02134 88
1753367708324 0.02125 89
1753367725949 0.02111 90
1753367743421 0.021 91
1753367760718 0.02093 92
1753367777963 0.02084 93
1753367795620 0.02076 94
1753367813379 0.02065 95
1753367831110 0.02064 96
1753367848814 0.0205 97
1753367866445 0.02041 98
1753367883888 0.02034 99
1753367901241 0.02023 100
1753367918710 0.02019 101
1753367936227 0.02013 102
1753367953731 0.02009 103
1753367972050 0.02001 104
1753367990263 0.01991 105
1753368008097 0.01977 106
1753368026166 0.01968 107
1753368044068 0.01963 108
1753368062163 0.01962 109
1753368080522 0.0196 110
1753368098089 0.01954 111
1753368115359 0.01958 112
1753368133413 0.01954 113
1753368151584 0.01952 114
1753368169824 0.0195 115
1753368188223 0.01945 116
1753368206517 0.01948 117
1753368225072 0.01947 118
1753368243349 0.01948 119
1753368261526 0.01943 120
1753368279716 0.01943 121
1753368297921 0.01944 122
1753368316151 0.01945 123
1753368334253 0.01941 124
1753368352091 0.01942 125
1753368369853 0.01941 126
1753368387698 0.01943 127
1753368405682 0.01942 128
1753368423933 0.01941 129
1753368441670 0.01942 130
1753368459761 0.01941 131
1753368477888 0.0194 132
1753368495806 0.0194 133
1753368514370 0.01941 134
1753368533066 0.01941 135
1753368551826 0.01941 136
1753368570394 0.01941 137
1753368588977 0.01939 138
1753368607876 0.01943 139
1753368626264 0.01941 140
1753368644710 0.01939 141
1753368663220 0.0194 142
1753368682103 0.01942 143
1753368700663 0.01938 144
1753368719173 0.01942 145
1753368737900 0.01939 146
1753368756327 0.01937 147
1753368774899 0.01941 148
1753368793359 0.01942 149
1753368811731 0.01939 150
1753368830185 0.01943 151
1753368848868 0.01939 152
1753368867373 0.01944 153
1753368886127 0.01943 154
1753368904627 0.01937 155
1753368923103 0.01944 156
1753368941523 0.01939 157
1753368960045 0.01941 158
1753368978458 0.0194 159
1753368996324 0.0194 160
1753369014240 0.0194 161
1753369032421 0.01939 162
1753369050657 0.0194 163
1753369068838 0.01939 164
1753369086345 0.01941 165
1753369103861 0.01939 166
1753369121382 0.01937 167
1753369139195 0.01942 168
1753369157075 0.01941 169
1753369175729 0.01937 170
1753369194096 0.01938 171
1753369211523 0.01938 172
1753369228966 0.01945 173
1753369247790 0.01939 174
1753369266283 0.01938 175
1753369284238 0.01939 176
1753369302142 0.01938 177
1753369320297 0.01937 178
1753369338195 0.01937 179
1753369356011 0.01942 180
1753369373859 0.01939 181
1753369391655 0.0194 182
1753369408887 0.01939 183
1753369426293 0.01941 184
1753369443638 0.0194 185
1753369460884 0.01937 186
1753369478489 0.01937 187
1753369496054 0.0194 188
1753369513218 0.01939 189
1753369530404 0.01942 190
1753369547596 0.0194 191
1753369565145 0.01941 192
1753369582344 0.0194 193
1753369599821 0.01939 194
1753369617202 0.0194 195
1753369634515 0.01941 196
1753369651702 0.01939 197
1753369668868 0.0194 198
1753369686245 0.01939 199
1753369703902 0.01937 200
1753369721119 0.01939 201
1753369738360 0.01941 202
1753369756086 0.01939 203
1753369773336 0.01938 204
1753369790830 0.01939 205
1753369809274 0.01938 206
1753369827845 0.01941 207
1753369846506 0.01937 208
1753369865289 0.01936 209
1753369884118 0.01939 210
1753369902996 0.01939 211
1753369921390 0.0194 212
1753369939935 0.01939 213
1753369958534 0.01938 214
1753369976816 0.01938 215
1753369995402 0.01939 216
1753370013719 0.01938 217
1753370031173 0.01937 218
1753370048551 0.01939 219
1753370066169 0.01938 220
1753370083930 0.01939 221
1753370101536 0.01937 222
1753370119004 0.01938 223
1753370136442 0.01937 224
1753370154184 0.01936 225
1753370171680 0.01935 226
1753370189705 0.01934 227
1753370207171 0.01936 228
1753370224819 0.01935 229
1753370242365 0.01937 230
1753370259991 0.01939 231
1753370277434 0.01939 232
1753370295379 0.01939 233
1753370313558 0.01938 234
1753370331775 0.01936 235
1753370350235 0.0194 236
1753370368463 0.01939 237
1753370386827 0.01933 238
1753370405004 0.01939 239
1753370423077 0.01936 240
1753370441414 0.01937 241
1753370459983 0.0194 242
1753370478296 0.01939 243
1753370496433 0.01936 244
1753370514715 0.01938 245
1753370532483 0.01937 246
1753370549909 0.01938 247
1753370568303 0.01936 248
1753370586514 0.01939 249
1753370604786 0.01936 250
1753370622849 0.01936 251
1753370640999 0.01939 252
1753370659360 0.01935 253
1753370677473 0.01936 254
1753370695506 0.01935 255
1753370712854 0.01938 256
1753370730689 0.01938 257
1753370748506 0.01934 258
1753370765675 0.01938 259
1753370782792 0.01936 260
1753370800336 0.01937 261
1753370817742 0.01937 262
1753370835021 0.01938 263
1753370852614 0.01938 264
1753370869696 0.01935 265
1753370887366 0.01936 266
1753370905258 0.01936 267
1753370923273 0.01939 268
1753370941262 0.01936 269
1753370959306 0.01936 270
1753370977659 0.01936 271
1753370995828 0.01934 272
1753371014221 0.01937 273
1753371032358 0.01937 274
1753371050668 0.01937 275
1753371069019 0.01936 276
1753371087482 0.01937 277
1753371105800 0.01934 278
1753371123993 0.01936 279
1753371142333 0.01938 280
1753371160429 0.01938 281
1753371178644 0.01936 282
1753371196683 0.01937 283
1753371214599 0.01934 284
1753371232928 0.01937 285
1753371251226 0.01937 286
1753371269501 0.01938 287
1753371287579 0.01935 288
1753371305893 0.01936 289
1753371324029 0.01935 290
1753371341929 0.01937 291
1753371359708 0.01936 292
1753371377473 0.01935 293
1753371395227 0.01935 294
1753371412545 0.01936 295
1753371430340 0.01934 296
1753371449165 0.01933 297
1753371467535 0.01936 298
1753371486004 0.01936 299
1753371504547 0.01935 300
