1753366146480 0.0010000000474974513 1
1753366164671 0.0010000000474974513 2
1753366182876 0.0010000000474974513 3
1753366201536 0.0010000000474974513 4
1753366219338 0.0010000000474974513 5
1753366237188 0.0010000000474974513 6
1753366255514 0.0010000000474974513 7
1753366273273 0.0010000000474974513 8
1753366291190 0.0010000000474974513 9
1753366309431 0.0010000000474974513 10
1753366327971 0.0010000000474974513 11
1753366346368 0.0010000000474974513 12
1753366364435 0.0010000000474974513 13
1753366382940 0.0010000000474974513 14
1753366401690 0.0010000000474974513 15
1753366420216 0.0010000000474974513 16
1753366438777 0.0010000000474974513 17
1753366456920 0.0010000000474974513 18
1753366474981 0.0010000000474974513 19
1753366492984 0.0010000000474974513 20
1753366510864 0.0010000000474974513 21
1753366529352 0.0010000000474974513 22
1753366547979 0.0010000000474974513 23
1753366566686 0.0010000000474974513 24
1753366584480 0.0010000000474974513 25
1753366602608 0.0010000000474974513 26
1753366620889 0.0010000000474974513 27
1753366639024 0.0010000000474974513 28
1753366657369 0.0010000000474974513 29
1753366675959 0.0010000000474974513 30
1753366693843 0.0010000000474974513 31
1753366711412 0.0010000000474974513 32
1753366728921 0.0010000000474974513 33
1753366746341 0.0010000000474974513 34
1753366763901 0.0010000000474974513 35
1753366781277 0.0010000000474974513 36
1753366799155 0.0010000000474974513 37
1753366817012 0.0010000000474974513 38
1753366834910 0.0010000000474974513 39
1753366853082 0.0010000000474974513 40
1753366870912 0.0010000000474974513 41
1753366888673 0.0010000000474974513 42
1753366906075 0.0010000000474974513 43
1753366923845 0.0010000000474974513 44
1753366941242 0.0010000000474974513 45
1753366958530 0.0010000000474974513 46
1753366975985 0.0010000000474974513 47
1753366994106 0.0010000000474974513 48
1753367012518 0.0010000000474974513 49
1753367031038 0.0010000000474974513 50
1753367049771 0.0010000000474974513 51
1753367067496 0.0010000000474974513 52
1753367084841 0.0010000000474974513 53
1753367102649 0.0010000000474974513 54
1753367120692 0.0010000000474974513 55
1753367138453 0.0010000000474974513 56
1753367156219 0.0010000000474974513 57
1753367173896 0.0010000000474974513 58
1753367191521 0.0010000000474974513 59
1753367209324 0.0010000000474974513 60
1753367226742 0.0010000000474974513 61
1753367244179 0.0010000000474974513 62
1753367261726 0.0010000000474974513 63
1753367279689 0.0010000000474974513 64
1753367297233 0.0010000000474974513 65
1753367314603 0.0010000000474974513 66
1753367332254 0.0010000000474974513 67
1753367350006 0.0010000000474974513 68
1753367367895 0.0010000000474974513 69
1753367386083 0.0010000000474974513 70
1753367404345 0.0010000000474974513 71
1753367422616 0.0010000000474974513 72
1753367440830 0.0010000000474974513 73
1753367459039 0.0010000000474974513 74
1753367476321 0.0010000000474974513 75
1753367493594 0.0010000000474974513 76
1753367510884 0.0010000000474974513 77
1753367528635 0.0010000000474974513 78
1753367546303 0.0010000000474974513 79
1753367563977 0.0010000000474974513 80
1753367581741 0.0010000000474974513 81
1753367599507 0.0010000000474974513 82
1753367617323 0.0010000000474974513 83
1753367634729 0.0010000000474974513 84
1753367652084 0.0010000000474974513 85
1753367669478 0.0010000000474974513 86
1753367686989 0.0010000000474974513 87
1753367704298 0.0010000000474974513 88
1753367721991 0.0010000000474974513 89
1753367739430 0.0010000000474974513 90
1753367756758 0.0010000000474974513 91
1753367773980 0.0010000000474974513 92
1753367791658 0.0010000000474974513 93
1753367809443 0.0010000000474974513 94
1753367827155 0.0010000000474974513 95
1753367844893 0.0010000000474974513 96
1753367862527 0.0010000000474974513 97
1753367879888 0.0010000000474974513 98
1753367897262 0.0010000000474974513 99
1753367914698 0.0010000000474974513 100
1753367932261 0.0010000000474974513 101
1753367949693 0.0010000000474974513 102
1753367968011 0.0010000000474974513 103
1753367986218 0.0010000000474974513 104
1753368004051 0.00020000000949949026 105
1753368022121 0.00020000000949949026 106
1753368040077 0.00020000000949949026 107
1753368058055 0.00020000000949949026 108
1753368076495 0.00020000000949949026 109
1753368094018 0.00020000000949949026 110
1753368111270 0.00020000000949949026 111
1753368129342 0.00020000000949949026 112
1753368147493 0.00020000000949949026 113
1753368165773 4.0000002627493814e-05 114
1753368184133 4.0000002627493814e-05 115
1753368202421 4.0000002627493814e-05 116
1753368221001 4.0000002627493814e-05 117
1753368239238 4.0000002627493814e-05 118
1753368257412 4.0000002627493814e-05 119
1753368275595 4.0000002627493814e-05 120
1753368293828 4.0000002627493814e-05 121
1753368312039 4.0000002627493814e-05 122
1753368330197 8.000000889296643e-06 123
1753368348044 8.000000889296643e-06 124
1753368365761 8.000000889296643e-06 125
1753368383630 8.000000889296643e-06 126
1753368401577 8.000000889296643e-06 127
1753368419839 8.000000889296643e-06 128
1753368437555 8.000000889296643e-06 129
1753368455788 8.000000889296643e-06 130
1753368473854 8.000000889296643e-06 131
1753368491769 1.6000001323845936e-06 132
1753368510336 1.6000001323845936e-06 133
1753368529071 1.6000001323845936e-06 134
1753368547786 1.6000001323845936e-06 135
1753368566324 1.6000001323845936e-06 136
1753368584906 1.6000001323845936e-06 137
1753368603772 1.6000001323845936e-06 138
1753368622194 1.6000001323845936e-06 139
1753368640651 1.6000001323845936e-06 140
1753368659123 9.999999974752427e-07 141
1753368678006 9.999999974752427e-07 142
1753368696636 9.999999974752427e-07 143
1753368715124 9.999999974752427e-07 144
1753368733782 9.999999974752427e-07 145
1753368752230 9.999999974752427e-07 146
1753368770830 9.999999974752427e-07 147
1753368789268 9.999999974752427e-07 148
1753368807660 9.999999974752427e-07 149
1753368826093 9.999999974752427e-07 150
1753368844901 9.999999974752427e-07 151
1753368863321 9.999999974752427e-07 152
1753368882001 9.999999974752427e-07 153
1753368900534 9.999999974752427e-07 154
1753368919008 9.999999974752427e-07 155
1753368937468 9.999999974752427e-07 156
1753368955953 9.999999974752427e-07 157
1753368974394 9.999999974752427e-07 158
1753368992259 9.999999974752427e-07 159
1753369010206 9.999999974752427e-07 160
1753369028414 9.999999974752427e-07 161
1753369046677 9.999999974752427e-07 162
1753369064820 9.999999974752427e-07 163
1753369082354 9.999999974752427e-07 164
1753369099753 9.999999974752427e-07 165
1753369117340 9.999999974752427e-07 166
1753369135148 9.999999974752427e-07 167
1753369152998 9.999999974752427e-07 168
1753369171715 9.999999974752427e-07 169
1753369190044 9.999999974752427e-07 170
1753369207457 9.999999974752427e-07 171
1753369224923 9.999999974752427e-07 172
1753369243693 9.999999974752427e-07 173
1753369262286 9.999999974752427e-07 174
1753369280172 9.999999974752427e-07 175
1753369298133 9.999999974752427e-07 176
1753369316263 9.999999974752427e-07 177
1753369334107 9.999999974752427e-07 178
1753369352044 9.999999974752427e-07 179
1753369369826 9.999999974752427e-07 180
1753369387687 9.999999974752427e-07 181
1753369404922 9.999999974752427e-07 182
1753369422230 9.999999974752427e-07 183
1753369439526 9.999999974752427e-07 184
1753369456771 9.999999974752427e-07 185
1753369474465 9.999999974752427e-07 186
1753369492030 9.999999974752427e-07 187
1753369509173 9.999999974752427e-07 188
1753369526357 9.999999974752427e-07 189
1753369543554 9.999999974752427e-07 190
1753369561103 9.999999974752427e-07 191
1753369578303 9.999999974752427e-07 192
1753369595779 9.999999974752427e-07 193
1753369613165 9.999999974752427e-07 194
1753369630435 9.999999974752427e-07 195
1753369647661 9.999999974752427e-07 196
1753369664824 9.999999974752427e-07 197
1753369682208 9.999999974752427e-07 198
1753369699815 9.999999974752427e-07 199
1753369717004 9.999999974752427e-07 200
1753369734277 9.999999974752427e-07 201
1753369751985 9.999999974752427e-07 202
1753369769253 9.999999974752427e-07 203
1753369786748 9.999999974752427e-07 204
1753369805184 9.999999974752427e-07 205
1753369823755 9.999999974752427e-07 206
1753369842396 9.999999974752427e-07 207
1753369861188 9.999999974752427e-07 208
1753369880029 9.999999974752427e-07 209
1753369898876 9.999999974752427e-07 210
1753369917361 9.999999974752427e-07 211
1753369935849 9.999999974752427e-07 212
1753369954426 9.999999974752427e-07 213
1753369972708 9.999999974752427e-07 214
1753369991332 9.999999974752427e-07 215
1753370009610 9.999999974752427e-07 216
1753370027068 9.999999974752427e-07 217
1753370044450 9.999999974752427e-07 218
1753370062080 9.999999974752427e-07 219
1753370079826 9.999999974752427e-07 220
1753370097449 9.999999974752427e-07 221
1753370114935 9.999999974752427e-07 222
1753370132332 9.999999974752427e-07 223
1753370150069 9.999999974752427e-07 224
1753370167573 9.999999974752427e-07 225
1753370185598 9.999999974752427e-07 226
1753370203058 9.999999974752427e-07 227
1753370220709 9.999999974752427e-07 228
1753370238257 9.999999974752427e-07 229
1753370255879 9.999999974752427e-07 230
1753370273326 9.999999974752427e-07 231
1753370291267 9.999999974752427e-07 232
1753370309442 9.999999974752427e-07 233
1753370327699 9.999999974752427e-07 234
1753370346194 9.999999974752427e-07 235
1753370364425 9.999999974752427e-07 236
1753370382799 9.999999974752427e-07 237
1753370401029 9.999999974752427e-07 238
1753370419111 9.999999974752427e-07 239
1753370437381 9.999999974752427e-07 240
1753370456053 9.999999974752427e-07 241
1753370474031 9.999999974752427e-07 242
1753370492429 9.999999974752427e-07 243
1753370510617 9.999999974752427e-07 244
1753370528426 9.999999974752427e-07 245
1753370545821 9.999999974752427e-07 246
1753370564250 9.999999974752427e-07 247
1753370582456 9.999999974752427e-07 248
1753370600730 9.999999974752427e-07 249
1753370618756 9.999999974752427e-07 250
1753370636965 9.999999974752427e-07 251
1753370655267 9.999999974752427e-07 252
1753370673486 9.999999974752427e-07 253
1753370691464 9.999999974752427e-07 254
1753370708865 9.999999974752427e-07 255
1753370726649 9.999999974752427e-07 256
1753370744497 9.999999974752427e-07 257
1753370761667 9.999999974752427e-07 258
1753370778714 9.999999974752427e-07 259
1753370796343 9.999999974752427e-07 260
1753370813723 9.999999974752427e-07 261
1753370831012 9.999999974752427e-07 262
1753370848511 9.999999974752427e-07 263
1753370865670 9.999999974752427e-07 264
1753370883333 9.999999974752427e-07 265
1753370901252 9.999999974752427e-07 266
1753370919217 9.999999974752427e-07 267
1753370937242 9.999999974752427e-07 268
1753370955254 9.999999974752427e-07 269
1753370973629 9.999999974752427e-07 270
1753370991743 9.999999974752427e-07 271
1753371010132 9.999999974752427e-07 272
1753371028269 9.999999974752427e-07 273
1753371046575 9.999999974752427e-07 274
1753371064953 9.999999974752427e-07 275
1753371083408 9.999999974752427e-07 276
1753371101733 9.999999974752427e-07 277
1753371119878 9.999999974752427e-07 278
1753371138239 9.999999974752427e-07 279
1753371156361 9.999999974752427e-07 280
1753371174580 9.999999974752427e-07 281
1753371192654 9.999999974752427e-07 282
1753371210574 9.999999974752427e-07 283
1753371228901 9.999999974752427e-07 284
1753371247171 9.999999974752427e-07 285
1753371265451 9.999999974752427e-07 286
1753371283574 9.999999974752427e-07 287
1753371301847 9.999999974752427e-07 288
1753371319984 9.999999974752427e-07 289
1753371337862 9.999999974752427e-07 290
1753371355747 9.999999974752427e-07 291
1753371373513 9.999999974752427e-07 292
1753371391262 9.999999974752427e-07 293
1753371408580 9.999999974752427e-07 294
1753371426245 9.999999974752427e-07 295
1753371445175 9.999999974752427e-07 296
1753371463508 9.999999974752427e-07 297
1753371481879 9.999999974752427e-07 298
1753371500462 9.999999974752427e-07 299
1753371518706 9.999999974752427e-07 300
