1752941265517 0.45991 1
1752941295495 0.24259 2
1752941324341 0.12505 3
1752941352866 0.07508 4
1752941381932 0.05217 5
1752941410698 0.04041 6
1752941439390 0.03376 7
1752941468254 0.02964 8
1752941496996 0.02697 9
1752941525899 0.02509 10
1752941554534 0.0236 11
1752941583168 0.02241 12
1752941611858 0.02167 13
1752941640708 0.02109 14
1752941669465 0.02065 15
1752941698294 0.02027 16
1752941727212 0.01999 17
1752941756343 0.01974 18
1752941785160 0.01955 19
1752941814101 0.01936 20
1752941843072 0.01919 21
1752941871756 0.01906 22
1752941900738 0.01898 23
1752941929101 0.01885 24
1752941957814 0.01876 25
1752941986792 0.01869 26
1752942015644 0.01861 27
1752942044392 0.01855 28
1752942073314 0.0185 29
1752942101983 0.01843 30
1752942130789 0.01838 31
1752942159895 0.01835 32
1752942188669 0.01832 33
1752942218032 0.01825 34
1752942246660 0.01823 35
1752942275140 0.01819 36
1752942303598 0.01816 37
1752942332417 0.01812 38
1752942361137 0.01809 39
1752942389999 0.01806 40
1752942419052 0.01806 41
1752942448214 0.01804 42
1752942476798 0.01799 43
1752942505648 0.01799 44
1752942534654 0.01795 45
1752942563610 0.01794 46
1752942592263 0.01791 47
1752942620857 0.01791 48
1752942649385 0.01789 49
1752942678398 0.01786 50
1752942707176 0.01786 51
1752942735515 0.01784 52
1752942764856 0.01783 53
1752942793596 0.01781 54
1752942822722 0.0178 55
1752942851286 0.01779 56
1752942879909 0.01779 57
1752942908649 0.01777 58
1752942937572 0.01776 59
1752942966408 0.01775 60
1752942995442 0.01772 61
1752943024398 0.01772 62
1752943052884 0.01771 63
1752943081740 0.01769 64
1752943110937 0.01767 65
1752943139976 0.01769 66
1752943168767 0.01766 67
1752943197521 0.01767 68
1752943226172 0.01764 69
1752943255344 0.01764 70
1752943283809 0.01762 71
1752943312442 0.01761 72
1752943341351 0.0176 73
1752943370187 0.01759 74
1752943398829 0.01758 75
1752943427691 0.01757 76
1752943456350 0.01757 77
1752943484851 0.01755 78
1752943513893 0.01756 79
1752943542717 0.01755 80
1752943571476 0.01755 81
1752943600233 0.01752 82
1752943629120 0.01752 83
1752943658117 0.0175 84
1752943687229 0.01752 85
1752943716201 0.0175 86
1752943744927 0.01749 87
1752943773515 0.01748 88
1752943802629 0.01746 89
1752943831301 0.01744 90
1752943860080 0.01744 91
1752943888638 0.01746 92
1752943917460 0.01745 93
1752943945863 0.01744 94
1752943974806 0.01744 95
1752944003620 0.01741 96
1752944032310 0.01742 97
1752944061058 0.01741 98
1752944089583 0.01741 99
1752944117998 0.01741 100
1752944146235 0.01739 101
1752944174896 0.01738 102
1752944203272 0.01737 103
1752944231697 0.01738 104
1752944260440 0.01738 105
1752944289675 0.01735 106
1752944318495 0.01736 107
1752944347508 0.01734 108
1752944376188 0.01734 109
1752944404475 0.01733 110
1752944433074 0.01734 111
1752944461509 0.01732 112
1752944490883 0.01732 113
1752944519177 0.01732 114
1752944548344 0.01731 115
1752944577411 0.0173 116
1752944606114 0.01728 117
1752944634463 0.0173 118
1752944662968 0.01728 119
1752944692031 0.0173 120
1752944720509 0.01726 121
1752944749462 0.01727 122
1752944778209 0.01726 123
1752944807074 0.01726 124
1752944836116 0.01724 125
1752944865150 0.01726 126
1752944894004 0.01724 127
1752944922645 0.01724 128
1752944951658 0.01725 129
1752944980463 0.01722 130
1752945009350 0.01724 131
1752945037930 0.01722 132
1752945066129 0.01723 133
1752945094756 0.01721 134
1752945123988 0.01721 135
1752945152891 0.01719 136
1752945180904 0.01719 137
1752945209774 0.01717 138
1752945238491 0.01718 139
1752945266902 0.01719 140
1752945295425 0.01718 141
1752945324342 0.01718 142
1752945353362 0.01717 143
1752945382303 0.01716 144
1752945411127 0.01716 145
1752945439780 0.01716 146
1752945468264 0.01715 147
1752945496961 0.01716 148
1752945525575 0.01716 149
1752945554317 0.01714 150
1752945583293 0.01714 151
1752945611962 0.01714 152
1752945640863 0.01714 153
1752945669562 0.01713 154
1752945698389 0.01714 155
1752945727076 0.01712 156
1752945755611 0.01713 157
1752945783951 0.01713 158
1752945812375 0.01711 159
1752945840631 0.0171 160
1752945868925 0.0171 161
1752945897374 0.0171 162
1752945926037 0.01709 163
1752945954815 0.01709 164
1752945983768 0.01708 165
1752946012678 0.01708 166
1752946041249 0.01707 167
1752946069598 0.01709 168
1752946097964 0.01707 169
1752946126321 0.01706 170
1752946155190 0.01707 171
1752946183704 0.01708 172
1752946212460 0.01706 173
1752946241285 0.01704 174
1752946269986 0.01705 175
1752946298519 0.01706 176
1752946326804 0.01704 177
1752946355049 0.01703 178
1752946384462 0.01705 179
1752946413163 0.01705 180
1752946441884 0.01705 181
1752946470272 0.01702 182
1752946498946 0.01703 183
1752946527821 0.01703 184
1752946556032 0.01702 185
1752946584893 0.01701 186
1752946613504 0.01701 187
1752946642153 0.01702 188
1752946671103 0.01702 189
1752946699969 0.01701 190
1752946728347 0.01702 191
1752946756472 0.017 192
1752946785101 0.017 193
1752946813947 0.01702 194
1752946842692 0.017 195
1752946871501 0.017 196
1752946899760 0.01697 197
1752946928577 0.01697 198
1752946957725 0.01699 199
1752946986378 0.01699 200
1752947014985 0.01698 201
1752947043527 0.01697 202
1752947072215 0.01698 203
1752947100686 0.01697 204
1752947129268 0.01698 205
1752947158195 0.01695 206
1752947186594 0.01697 207
1752947215453 0.01696 208
1752947244450 0.01695 209
1752947273260 0.01698 210
1752947301760 0.01695 211
1752947330576 0.01698 212
1752947359349 0.01696 213
1752947387456 0.01694 214
1752947415860 0.01694 215
1752947444456 0.01696 216
1752947473393 0.01695 217
1752947502338 0.01696 218
1752947530851 0.01695 219
1752947559677 0.01694 220
1752947588220 0.01694 221
1752947616934 0.01695 222
1752947645544 0.01693 223
1752947674212 0.01693 224
1752947702989 0.01693 225
1752947731563 0.01694 226
1752947760444 0.01691 227
1752947789433 0.01692 228
1752947818173 0.01692 229
1752947846915 0.01693 230
1752947875547 0.01691 231
1752947903798 0.01692 232
1752947932410 0.01691 233
1752947960812 0.0169 234
1752947989298 0.01689 235
1752948018109 0.01689 236
1752948047124 0.01692 237
1752948075928 0.01691 238
1752948104910 0.0169 239
1752948133982 0.0169 240
1752948162518 0.01689 241
1752948191544 0.01689 242
1752948220616 0.0169 243
1752948249165 0.01689 244
1752948277865 0.0169 245
1752948306852 0.0169 246
1752948334943 0.01688 247
1752948363352 0.01688 248
1752948392024 0.01688 249
1752948420433 0.01686 250
1752948448693 0.01687 251
1752948477810 0.01688 252
1752948506586 0.01688 253
1752948535030 0.01686 254
1752948563928 0.01687 255
1752948592464 0.01687 256
1752948620829 0.01686 257
1752948649522 0.01686 258
1752948677865 0.01686 259
1752948706197 0.01685 260
1752948734366 0.01685 261
1752948763852 0.01686 262
1752948792119 0.01688 263
1752948820579 0.01686 264
1752948849253 0.01685 265
1752948877810 0.01686 266
1752948906761 0.01685 267
1752948935115 0.01685 268
1752948963776 0.01684 269
1752948992001 0.01686 270
1752949020373 0.01684 271
1752949049237 0.01685 272
1752949077601 0.01682 273
1752949106062 0.01683 274
1752949135193 0.01684 275
1752949163535 0.01683 276
1752949192256 0.01682 277
1752949221170 0.01682 278
1752949249566 0.01683 279
1752949278037 0.01684 280
1752949306392 0.01683 281
1752949335090 0.01682 282
1752949363859 0.01682 283
1752949392501 0.01682 284
1752949421371 0.01682 285
1752949450063 0.01681 286
1752949479253 0.01682 287
1752949507686 0.01683 288
1752949536214 0.01682 289
1752949564920 0.01682 290
1752949593638 0.01682 291
1752949622599 0.01681 292
1752949651157 0.0168 293
1752949679819 0.0168 294
1752949708246 0.0168 295
1752949737095 0.0168 296
1752949765948 0.01679 297
1752949794560 0.0168 298
1752949823538 0.01681 299
1752949852237 0.01679 300
