1753365029596 1.0 0
1753365043351 2.0 0
1753365057069 3.0 0
1753365071199 4.0 0
1753365085424 5.0 0
1753365099048 6.0 0
1753365112655 7.0 0
1753365126716 8.0 0
1753365140434 9.0 0
1753365154155 10.0 0
1753365167879 11.0 0
1753365181633 12.0 0
1753365195729 13.0 0
1753365209425 14.0 0
1753365223090 15.0 0
1753365237096 16.0 0
1753365250606 17.0 0
1753365264137 18.0 0
1753365277821 19.0 0
1753365291719 20.0 0
1753365305412 21.0 0
1753365319024 22.0 0
1753365333065 23.0 0
1753365346689 24.0 0
1753365360283 25.0 0
1753365373802 26.0 0
1753365387455 27.0 0
1753365401419 28.0 0
1753365415132 29.0 0
1753365428566 30.0 0
1753365442515 31.0 0
1753365456002 32.0 0
1753365469862 33.0 0
1753365483412 34.0 0
1753365497260 35.0 0
1753365511114 36.0 0
1753365524716 37.0 0
1753365538970 38.0 0
1753365552651 39.0 0
1753365566324 40.0 0
1753365580020 41.0 0
1753365593772 42.0 0
1753365607568 43.0 0
1753365621365 44.0 0
1753365634946 45.0 0
1753365648870 46.0 0
1753365662637 47.0 0
1753365676101 48.0 0
1753365689678 49.0 0
1753365703534 50.0 0
1753365717118 51.0 0
1753365730736 52.0 0
1753365744664 53.0 0
1753365758333 54.0 0
1753365771866 55.0 0
1753365785658 56.0 0
1753365799646 57.0 0
1753365813573 58.0 0
1753365855139 61.0 0
1753365868993 62.0 0
1753365937463 67.0 0
1753365951320 68.0 0
1753365965409 69.0 0
1753365992861 71.0 0
1753366006957 72.0 0
1753366103286 79.0 0
1753366144620 82.0 0
