1753365016895 0.73473 1
1753365032135 0.62316 2
1753365046075 0.56498 3
1753365060157 0.51932 4
1753365073827 0.4748 5
1753365088050 0.43016 6
1753365101680 0.38979 7
1753365115326 0.3534 8
1753365129411 0.32029 9
1753365143099 0.28967 10
1753365156845 0.26186 11
1753365170605 0.23695 12
1753365184377 0.21477 13
1753365198394 0.19509 14
1753365212171 0.17756 15
1753365225688 0.16202 16
1753365239713 0.14816 17
1753365253238 0.13599 18
1753365266745 0.12516 19
1753365280475 0.11562 20
1753365294406 0.10707 21
1753365308036 0.09945 22
1753365321626 0.09269 23
1753365335672 0.08664 24
1753365349349 0.08127 25
1753365362804 0.07643 26
1753365376409 0.07208 27
1753365390061 0.06809 28
1753365404060 0.06458 29
1753365417689 0.06141 30
1753365431178 0.05845 31
1753365445083 0.05585 32
1753365458700 0.05341 33
1753365472456 0.05121 34
1753365485966 0.04925 35
1753365499957 0.0474 36
1753365513643 0.04567 37
1753365527453 0.04413 38
1753365541583 0.0427 39
1753365555262 0.04136 40
1753365568876 0.04015 41
1753365582659 0.03901 42
1753365596362 0.03788 43
1753365610262 0.03691 44
1753365623932 0.03603 45
1753365637556 0.03519 46
1753365651526 0.03436 47
1753365665265 0.03363 48
1753365678693 0.03291 49
1753365692310 0.03221 50
1753365706170 0.03133 51
1753365719819 0.03031 52
1753365733323 0.02949 53
1753365747250 0.02885 54
1753365760976 0.02833 55
1753365774531 0.0278 56
1753365788281 0.02739 57
1753365802642 0.02702 58
1753365816509 0.02666 59
1753365830609 0.02627 60
1753365844040 0.02596 61
1753365857712 0.02561 62
1753365871593 0.02533 63
1753365885184 0.02511 64
1753365899099 0.02486 65
1753365912574 0.02462 66
1753365926440 0.02434 67
1753365940170 0.02414 68
1753365953926 0.02396 69
1753365968010 0.02374 70
1753365981806 0.02351 71
1753365995546 0.02334 72
1753366009581 0.02315 73
1753366023663 0.02301 74
1753366037113 0.02285 75
1753366050857 0.02268 76
1753366064767 0.02256 77
1753366078208 0.02236 78
1753366091949 0.02229 79
1753366105986 0.02207 80
1753366119632 0.02204 81
1753366133531 0.0219 82
1753366147194 0.02171 83
1753366161062 0.0216 84
1753366175001 0.0215 85
1753366188656 0.02139 86
1753366202176 0.0213 87
1753366216012 0.02121 88
1753366229876 0.0211 89
1753366243431 0.02101 90
1753366257035 0.02089 91
1753366270916 0.02071 92
1753366284583 0.02064 93
1753366298379 0.02056 94
1753366312115 0.02054 95
1753366325821 0.02051 96
1753366339860 0.0205 97
1753366353378 0.02044 98
1753366367095 0.0204 99
1753366381225 0.02042 100
1753366395078 0.02035 101
1753366408810 0.02034 102
1753366422492 0.02036 103
1753366436499 0.02033 104
1753366450150 0.02032 105
1753366464039 0.02031 106
1753366477807 0.02032 107
1753366491429 0.02031 108
1753366505298 0.02031 109
1753366519108 0.0203 110
1753366532700 0.02027 111
1753366546940 0.02032 112
1753366560719 0.02029 113
1753366574320 0.02031 114
1753366587958 0.02027 115
1753366601929 0.02027 116
1753366615572 0.02028 117
1753366629247 0.02029 118
1753366643132 0.02029 119
1753366656696 0.02029 120
1753366670328 0.02029 121
1753366684193 0.02032 122
1753366697869 0.02029 123
1753366711667 0.02026 124
1753366725890 0.02025 125
1753366739876 0.0203 126
1753366753644 0.0203 127
1753366767219 0.02031 128
1753366780807 0.02029 129
1753366794591 0.02027 130
1753366808405 0.02029 131
1753366822046 0.02029 132
1753366835917 0.02028 133
1753366849690 0.02026 134
1753366863348 0.02029 135
1753366877147 0.02027 136
1753366890796 0.02026 137
1753366904545 0.0203 138
1753366918347 0.02028 139
1753366931904 0.02027 140
1753366945825 0.0203 141
1753366959506 0.02029 142
1753366973257 0.02027 143
1753366987359 0.0203 144
1753367000874 0.02028 145
1753367014624 0.02026 146
1753367028256 0.02027 147
1753367041843 0.02027 148
1753367056049 0.02027 149
1753367069596 0.02026 150
1753367083529 0.02028 151
1753367097354 0.02029 152
1753367110814 0.0203 153
1753367124513 0.02026 154
1753367138170 0.02029 155
1753367152099 0.02026 156
1753367165880 0.02027 157
1753367179547 0.02028 158
1753367193796 0.02026 159
1753367207423 0.02029 160
1753367221057 0.02027 161
1753367234781 0.02027 162
1753367248299 0.02025 163
1753367262204 0.02024 164
1753367275786 0.02028 165
1753367290082 0.02027 166
1753367304313 0.02029 167
1753367317884 0.02028 168
1753367331551 0.02027 169
1753367345180 0.02024 170
1753367359206 0.02028 171
1753367373124 0.02023 172
1753367386735 0.02026 173
1753367400937 0.02028 174
1753367414622 0.02027 175
1753367428256 0.02025 176
1753367441785 0.02027 177
1753367455495 0.02025 178
1753367469426 0.02028 179
1753367483248 0.02029 180
1753367497173 0.02025 181
1753367511127 0.02025 182
1753367524767 0.02026 183
1753367538499 0.02029 184
1753367552216 0.02025 185
1753367566260 0.02025 186
1753367580006 0.02026 187
1753367593544 0.02026 188
1753367607368 0.02029 189
1753367621064 0.02022 190
1753367634717 0.02025 191
1753367648290 0.02028 192
1753367661900 0.02024 193
1753367675749 0.02027 194
1753367689447 0.02025 195
1753367703474 0.02027 196
1753367717266 0.02026 197
1753367730954 0.02024 198
1753367744781 0.02026 199
1753367758176 0.02026 200
1753367772023 0.02025 201
1753367785694 0.02023 202
1753367799260 0.02025 203
1753367813289 0.02027 204
1753367826882 0.02024 205
1753367840579 0.02028 206
1753367854159 0.02028 207
1753367867833 0.02026 208
1753367881787 0.02026 209
1753367895424 0.02027 210
1753367909276 0.02026 211
1753367923081 0.02026 212
1753367936783 0.02024 213
1753367950414 0.02027 214
1753367964031 0.0203 215
1753367977992 0.02027 216
1753367991581 0.0202 217
1753368005302 0.02026 218
1753368019401 0.02029 219
1753368033208 0.02027 220
1753368047051 0.02028 221
1753368060776 0.02026 222
1753368074374 0.02025 223
1753368088270 0.02024 224
1753368101770 0.02026 225
1753368115588 0.02027 226
1753368129512 0.02023 227
1753368143008 0.02027 228
1753368156440 0.02028 229
1753368170124 0.02028 230
1753368184006 0.02025 231
1753368197563 0.02022 232
1753368211108 0.02024 233
1753368225058 0.02022 234
1753368238811 0.02022 235
1753368252379 0.02026 236
1753368265940 0.02025 237
1753368279756 0.02026 238
1753368293788 0.02024 239
1753368307386 0.02025 240
1753368321367 0.02024 241
1753368335249 0.02026 242
1753368348863 0.02023 243
1753368362400 0.02025 244
1753368376059 0.02024 245
1753368390189 0.02028 246
1753368403882 0.02027 247
1753368417418 0.02023 248
1753368431299 0.02025 249
1753368444875 0.02026 250
1753368458560 0.02025 251
1753368472131 0.02024 252
1753368486043 0.02023 253
1753368499942 0.02025 254
1753368514038 0.02025 255
1753368527819 0.02024 256
1753368541529 0.02023 257
1753368555527 0.02021 258
1753368569098 0.02025 259
1753368583039 0.02024 260
1753368596793 0.02024 261
1753368610496 0.02024 262
1753368624079 0.02025 263
1753368637938 0.02023 264
1753368651786 0.02025 265
1753368665416 0.02026 266
1753368679250 0.02024 267
1753368692809 0.02026 268
1753368706577 0.02025 269
1753368720225 0.02021 270
1753368734194 0.02021 271
1753368748083 0.02023 272
1753368761722 0.02023 273
1753368775848 0.02022 274
1753368789856 0.02021 275
1753368803312 0.02024 276
1753368817000 0.02021 277
1753368830667 0.02023 278
1753368844534 0.02021 279
1753368858319 0.02022 280
1753368871877 0.02021 281
1753368885825 0.02021 282
1753368899508 0.02023 283
1753368912858 0.02023 284
1753368926388 0.02023 285
1753368940060 0.0202 286
1753368953866 0.02021 287
1753368967381 0.02021 288
1753368981367 0.02026 289
1753368995442 0.02024 290
1753369009098 0.02023 291
1753369022526 0.02023 292
1753369036088 0.02022 293
1753369050059 0.02023 294
1753369064062 0.02022 295
1753369077722 0.02025 296
1753369091682 0.02024 297
1753369105273 0.02025 298
1753369118976 0.02021 299
1753369132402 0.02021 300
