1753365029602 0.0010000000474974513 1
1753365043355 0.0010000000474974513 2
1753365057074 0.0010000000474974513 3
1753365071203 0.0010000000474974513 4
1753365085429 0.0010000000474974513 5
1753365099053 0.0010000000474974513 6
1753365112660 0.0010000000474974513 7
1753365126720 0.0010000000474974513 8
1753365140438 0.0010000000474974513 9
1753365154159 0.0010000000474974513 10
1753365167883 0.0010000000474974513 11
1753365181638 0.0010000000474974513 12
1753365195734 0.0010000000474974513 13
1753365209430 0.0010000000474974513 14
1753365223094 0.0010000000474974513 15
1753365237100 0.0010000000474974513 16
1753365250610 0.0010000000474974513 17
1753365264141 0.0010000000474974513 18
1753365277826 0.0010000000474974513 19
1753365291724 0.0010000000474974513 20
1753365305416 0.0010000000474974513 21
1753365319028 0.0010000000474974513 22
1753365333069 0.0010000000474974513 23
1753365346694 0.0010000000474974513 24
1753365360287 0.0010000000474974513 25
1753365373806 0.0010000000474974513 26
1753365387459 0.0010000000474974513 27
1753365401423 0.0010000000474974513 28
1753365415137 0.0010000000474974513 29
1753365428571 0.0010000000474974513 30
1753365442519 0.0010000000474974513 31
1753365456007 0.0010000000474974513 32
1753365469867 0.0010000000474974513 33
1753365483416 0.0010000000474974513 34
1753365497264 0.0010000000474974513 35
1753365511119 0.0010000000474974513 36
1753365524720 0.0010000000474974513 37
1753365538974 0.0010000000474974513 38
1753365552656 0.0010000000474974513 39
1753365566329 0.0010000000474974513 40
1753365580024 0.0010000000474974513 41
1753365593776 0.0010000000474974513 42
1753365607573 0.0010000000474974513 43
1753365621369 0.0010000000474974513 44
1753365634951 0.0010000000474974513 45
1753365648875 0.0010000000474974513 46
1753365662642 0.0010000000474974513 47
1753365676106 0.0010000000474974513 48
1753365689682 0.0010000000474974513 49
1753365703538 0.0010000000474974513 50
1753365717122 0.0010000000474974513 51
1753365730740 0.0010000000474974513 52
1753365744668 0.0010000000474974513 53
1753365758338 0.0010000000474974513 54
1753365771870 0.0010000000474974513 55
1753365785663 0.0010000000474974513 56
1753365799650 0.0010000000474974513 57
1753365813578 0.0010000000474974513 58
1753365828019 0.0010000000474974513 59
1753365841418 0.0010000000474974513 60
1753365855143 0.0010000000474974513 61
1753365868998 0.0010000000474974513 62
1753365882497 0.0010000000474974513 63
1753365896528 0.0010000000474974513 64
1753365909963 0.0010000000474974513 65
1753365923897 0.0010000000474974513 66
1753365937467 0.0010000000474974513 67
1753365951325 0.0010000000474974513 68
1753365965414 0.0010000000474974513 69
1753365979169 0.0010000000474974513 70
1753365992867 0.0010000000474974513 71
1753366006962 0.0010000000474974513 72
1753366021024 0.0010000000474974513 73
1753366034530 0.0010000000474974513 74
1753366048171 0.0010000000474974513 75
1753366062158 0.0010000000474974513 76
1753366075659 0.0010000000474974513 77
1753366089339 0.0010000000474974513 78
1753366103290 0.0010000000474974513 79
1753366116962 0.0010000000474974513 80
1753366130880 0.0010000000474974513 81
1753366144625 0.0010000000474974513 82
1753366158323 0.0010000000474974513 83
1753366172302 0.0010000000474974513 84
1753366186072 0.0010000000474974513 85
1753366199635 0.0010000000474974513 86
1753366213308 0.0010000000474974513 87
1753366227306 0.0010000000474974513 88
1753366240836 0.0010000000474974513 89
1753366254459 0.0010000000474974513 90
1753366268286 0.00020000000949949026 91
1753366281914 0.00020000000949949026 92
1753366295820 0.00020000000949949026 93
1753366309546 0.00020000000949949026 94
1753366323151 0.00020000000949949026 95
1753366337223 0.00020000000949949026 96
1753366350810 0.00020000000949949026 97
1753366364436 0.00020000000949949026 98
1753366378567 0.00020000000949949026 99
1753366392437 4.0000002627493814e-05 100
1753366406149 4.0000002627493814e-05 101
1753366419824 4.0000002627493814e-05 102
1753366433794 4.0000002627493814e-05 103
1753366447469 4.0000002627493814e-05 104
1753366461412 4.0000002627493814e-05 105
1753366475205 4.0000002627493814e-05 106
1753366488775 4.0000002627493814e-05 107
1753366502642 4.0000002627493814e-05 108
1753366516632 8.000000889296643e-06 109
1753366530095 8.000000889296643e-06 110
1753366543937 8.000000889296643e-06 111
1753366557841 8.000000889296643e-06 112
1753366571716 8.000000889296643e-06 113
1753366585399 8.000000889296643e-06 114
1753366599273 8.000000889296643e-06 115
1753366612943 8.000000889296643e-06 116
1753366626687 8.000000889296643e-06 117
1753366640457 1.6000001323845936e-06 118
1753366654091 1.6000001323845936e-06 119
1753366667632 1.6000001323845936e-06 120
1753366681536 1.6000001323845936e-06 121
1753366695266 1.6000001323845936e-06 122
1753366708973 1.6000001323845936e-06 123
1753366723304 1.6000001323845936e-06 124
1753366737276 1.6000001323845936e-06 125
1753366751057 1.6000001323845936e-06 126
1753366764564 9.999999974752427e-07 127
1753366778210 9.999999974752427e-07 128
1753366791974 9.999999974752427e-07 129
1753366805708 9.999999974752427e-07 130
1753366819474 9.999999974752427e-07 131
1753366833292 9.999999974752427e-07 132
1753366846997 9.999999974752427e-07 133
1753366860642 9.999999974752427e-07 134
1753366874454 9.999999974752427e-07 135
1753366888225 9.999999974752427e-07 136
1753366901920 9.999999974752427e-07 137
1753366915679 9.999999974752427e-07 138
1753366929239 9.999999974752427e-07 139
1753366943208 9.999999974752427e-07 140
1753366956907 9.999999974752427e-07 141
1753366970558 9.999999974752427e-07 142
1753366984687 9.999999974752427e-07 143
1753366998316 9.999999974752427e-07 144
1753367012020 9.999999974752427e-07 145
1753367025561 9.999999974752427e-07 146
1753367039142 9.999999974752427e-07 147
1753367053409 9.999999974752427e-07 148
1753367066959 9.999999974752427e-07 149
1753367080795 9.999999974752427e-07 150
1753367094686 9.999999974752427e-07 151
1753367108237 9.999999974752427e-07 152
1753367121837 9.999999974752427e-07 153
1753367135472 9.999999974752427e-07 154
1753367149498 9.999999974752427e-07 155
1753367163255 9.999999974752427e-07 156
1753367176906 9.999999974752427e-07 157
1753367191095 9.999999974752427e-07 158
1753367204752 9.999999974752427e-07 159
1753367218509 9.999999974752427e-07 160
1753367232160 9.999999974752427e-07 161
1753367245640 9.999999974752427e-07 162
1753367259539 9.999999974752427e-07 163
1753367273174 9.999999974752427e-07 164
1753367287171 9.999999974752427e-07 165
1753367301187 9.999999974752427e-07 166
1753367315315 9.999999974752427e-07 167
1753367328941 9.999999974752427e-07 168
1753367342570 9.999999974752427e-07 169
1753367356540 9.999999974752427e-07 170
1753367370486 9.999999974752427e-07 171
1753367384190 9.999999974752427e-07 172
1753367398332 9.999999974752427e-07 173
1753367411942 9.999999974752427e-07 174
1753367425659 9.999999974752427e-07 175
1753367439205 9.999999974752427e-07 176
1753367452906 9.999999974752427e-07 177
1753367466756 9.999999974752427e-07 178
1753367480615 9.999999974752427e-07 179
1753367494521 9.999999974752427e-07 180
1753367508487 9.999999974752427e-07 181
1753367522046 9.999999974752427e-07 182
1753367535841 9.999999974752427e-07 183
1753367549624 9.999999974752427e-07 184
1753367563586 9.999999974752427e-07 185
1753367577305 9.999999974752427e-07 186
1753367590891 9.999999974752427e-07 187
1753367604814 9.999999974752427e-07 188
1753367618366 9.999999974752427e-07 189
1753367631986 9.999999974752427e-07 190
1753367645653 9.999999974752427e-07 191
1753367659288 9.999999974752427e-07 192
1753367673077 9.999999974752427e-07 193
1753367686732 9.999999974752427e-07 194
1753367700931 9.999999974752427e-07 195
1753367714653 9.999999974752427e-07 196
1753367728227 9.999999974752427e-07 197
1753367742104 9.999999974752427e-07 198
1753367755667 9.999999974752427e-07 199
1753367769381 9.999999974752427e-07 200
1753367783025 9.999999974752427e-07 201
1753367796563 9.999999974752427e-07 202
1753367810689 9.999999974752427e-07 203
1753367824268 9.999999974752427e-07 204
1753367837879 9.999999974752427e-07 205
1753367851541 9.999999974752427e-07 206
1753367865284 9.999999974752427e-07 207
1753367879094 9.999999974752427e-07 208
1753367892732 9.999999974752427e-07 209
1753367906642 9.999999974752427e-07 210
1753367920438 9.999999974752427e-07 211
1753367934166 9.999999974752427e-07 212
1753367947753 9.999999974752427e-07 213
1753367961402 9.999999974752427e-07 214
1753367975400 9.999999974752427e-07 215
1753367988981 9.999999974752427e-07 216
1753368002657 9.999999974752427e-07 217
1753368016758 9.999999974752427e-07 218
1753368030284 9.999999974752427e-07 219
1753368044206 9.999999974752427e-07 220
1753368058203 9.999999974752427e-07 221
1753368071677 9.999999974752427e-07 222
1753368085720 9.999999974752427e-07 223
1753368099157 9.999999974752427e-07 224
1753368112897 9.999999974752427e-07 225
1753368126880 9.999999974752427e-07 226
1753368140404 9.999999974752427e-07 227
1753368153849 9.999999974752427e-07 228
1753368167448 9.999999974752427e-07 229
1753368181386 9.999999974752427e-07 230
1753368194970 9.999999974752427e-07 231
1753368208478 9.999999974752427e-07 232
1753368222366 9.999999974752427e-07 233
1753368236172 9.999999974752427e-07 234
1753368249772 9.999999974752427e-07 235
1753368263369 9.999999974752427e-07 236
1753368277060 9.999999974752427e-07 237
1753368291172 9.999999974752427e-07 238
1753368304761 9.999999974752427e-07 239
1753368318762 9.999999974752427e-07 240
1753368332555 9.999999974752427e-07 241
1753368346210 9.999999974752427e-07 242
1753368359858 9.999999974752427e-07 243
1753368373473 9.999999974752427e-07 244
1753368387501 9.999999974752427e-07 245
1753368401165 9.999999974752427e-07 246
1753368414847 9.999999974752427e-07 247
1753368428644 9.999999974752427e-07 248
1753368442199 9.999999974752427e-07 249
1753368455813 9.999999974752427e-07 250
1753368469570 9.999999974752427e-07 251
1753368483378 9.999999974752427e-07 252
1753368497248 9.999999974752427e-07 253
1753368511386 9.999999974752427e-07 254
1753368525324 9.999999974752427e-07 255
1753368538884 9.999999974752427e-07 256
1753368552855 9.999999974752427e-07 257
1753368566446 9.999999974752427e-07 258
1753368580453 9.999999974752427e-07 259
1753368594184 9.999999974752427e-07 260
1753368607810 9.999999974752427e-07 261
1753368621484 9.999999974752427e-07 262
1753368635419 9.999999974752427e-07 263
1753368649148 9.999999974752427e-07 264
1753368662746 9.999999974752427e-07 265
1753368676632 9.999999974752427e-07 266
1753368690318 9.999999974752427e-07 267
1753368703969 9.999999974752427e-07 268
1753368717567 9.999999974752427e-07 269
1753368731588 9.999999974752427e-07 270
1753368745430 9.999999974752427e-07 271
1753368759092 9.999999974752427e-07 272
1753368772907 9.999999974752427e-07 273
1753368787022 9.999999974752427e-07 274
1753368800694 9.999999974752427e-07 275
1753368814401 9.999999974752427e-07 276
1753368827970 9.999999974752427e-07 277
1753368841878 9.999999974752427e-07 278
1753368855716 9.999999974752427e-07 279
1753368869218 9.999999974752427e-07 280
1753368883134 9.999999974752427e-07 281
1753368896896 9.999999974752427e-07 282
1753368910314 9.999999974752427e-07 283
1753368923772 9.999999974752427e-07 284
1753368937402 9.999999974752427e-07 285
1753368951196 9.999999974752427e-07 286
1753368964875 9.999999974752427e-07 287
1753368978781 9.999999974752427e-07 288
1753368992792 9.999999974752427e-07 289
1753369006477 9.999999974752427e-07 290
1753369020030 9.999999974752427e-07 291
1753369033514 9.999999974752427e-07 292
1753369047433 9.999999974752427e-07 293
1753369061445 9.999999974752427e-07 294
1753369075091 9.999999974752427e-07 295
1753369089085 9.999999974752427e-07 296
1753369102595 9.999999974752427e-07 297
1753369116354 9.999999974752427e-07 298
1753369129876 9.999999974752427e-07 299
1753369143787 9.999999974752427e-07 300
