1753222004917 0.22317 1
1753222075972 0.04153 2
1753222145405 0.02526 3
1753222214887 0.02162 4
1753222284705 0.02019 5
1753222354387 0.01933 6
1753222424350 0.0189 7
1753222494029 0.01866 8
1753222563762 0.01849 9
1753222633775 0.01837 10
1753222703782 0.01827 11
1753222773971 0.01821 12
1753222843339 0.01815 13
1753222913261 0.0181 14
1753222983212 0.01805 15
1753223053241 0.01802 16
1753223123174 0.01797 17
1753223193480 0.01796 18
1753223263395 0.01793 19
1753223333830 0.0179 20
1753223403752 0.01788 21
1753223473805 0.01787 22
1753223543924 0.01784 23
1753223613939 0.01782 24
1753223684423 0.01781 25
1753223754557 0.01779 26
1753223824282 0.01777 27
1753223894985 0.01776 28
1753223965369 0.01775 29
1753224035167 0.01774 30
1753224105540 0.01773 31
1753224176411 0.01771 32
1753224247163 0.01771 33
1753224317610 0.0177 34
1753224387971 0.01768 35
1753224458257 0.01767 36
1753224528327 0.01766 37
1753224598786 0.01766 38
1753224669117 0.01764 39
1753224738942 0.01763 40
1753224809229 0.01763 41
1753224879409 0.01762 42
1753224949472 0.01761 43
1753225019797 0.01761 44
1753225090239 0.0176 45
1753225160391 0.01759 46
1753225230327 0.01759 47
1753225300727 0.01758 48
1753225371293 0.01757 49
1753225441257 0.01757 50
1753225511158 0.01757 51
1753225581308 0.01755 52
1753225651652 0.01755 53
1753225721840 0.01753 54
1753225791662 0.01754 55
1753225861772 0.01753 56
1753225931674 0.01752 57
1753226002201 0.01751 58
1753226072555 0.01751 59
1753226142363 0.0175 60
1753226212589 0.0175 61
1753226282799 0.0175 62
1753226352888 0.0175 63
1753226422740 0.01749 64
1753226492617 0.01748 65
1753226562848 0.01747 66
1753226632754 0.01747 67
1753226702694 0.01747 68
1753226773163 0.01746 69
1753226842816 0.01746 70
1753226912617 0.01745 71
1753226982878 0.01744 72
1753227052984 0.01744 73
1753227122944 0.01744 74
1753227193238 0.01743 75
1753227263087 0.01743 76
1753227333359 0.01743 77
1753227403726 0.01742 78
1753227473716 0.01742 79
1753227543382 0.01742 80
1753227613386 0.01741 81
1753227683418 0.01741 82
1753227753733 0.0174 83
1753227823916 0.0174 84
1753227894088 0.01739 85
1753227964283 0.01739 86
1753228034365 0.01739 87
1753228104632 0.01738 88
1753228175008 0.01738 89
1753228245023 0.01737 90
1753228315143 0.01737 91
1753228384892 0.01737 92
1753228455114 0.01736 93
1753228525230 0.01736 94
1753228595386 0.01736 95
1753228666429 0.01735 96
1753228736564 0.01735 97
1753228806649 0.01735 98
1753228876992 0.01734 99
1753228946711 0.01734 100
