1753242445131 0.66111 1
1753242474816 0.42957 2
1753242503896 0.27208 3
1753242532167 0.16815 4
1753242560595 0.10976 5
1753242589665 0.07745 6
1753242618465 0.05882 7
1753242646878 0.04744 8
1753242675229 0.04009 9
1753242704637 0.03527 10
1753242734049 0.03165 11
1753242762720 0.02912 12
1753242791450 0.02722 13
1753242820495 0.02577 14
1753242849463 0.02464 15
1753242878530 0.0237 16
1753242907508 0.02298 17
1753242935827 0.02236 18
1753242964808 0.02186 19
1753242993704 0.02144 20
1753243022839 0.02108 21
1753243051823 0.02076 22
1753243081059 0.02052 23
1753243110285 0.02025 24
1753243139003 0.02007 25
1753243167940 0.01988 26
1753243196781 0.01971 27
1753243225039 0.01962 28
1753243253634 0.01946 29
1753243282512 0.01934 30
1753243311264 0.01923 31
1753243340330 0.01913 32
1753243369299 0.01904 33
1753243398426 0.01896 34
1753243427747 0.01891 35
1753243456006 0.01882 36
1753243484786 0.01875 37
1753243513422 0.01871 38
1753243542301 0.01867 39
1753243570982 0.01862 40
1753243600151 0.01856 41
1753243629007 0.0185 42
1753243658294 0.01848 43
1753243687039 0.01843 44
1753243716397 0.0184 45
1753243745651 0.01837 46
1753243774362 0.01837 47
1753243802874 0.01831 48
1753243831940 0.01829 49
1753243860686 0.01826 50
1753243890094 0.01825 51
1753243919057 0.01821 52
1753243948682 0.01821 53
1753243977528 0.01818 54
1753244006413 0.01814 55
1753244035037 0.01813 56
1753244063744 0.0181 57
1753244092760 0.01809 58
1753244121815 0.01807 59
1753244150620 0.01806 60
1753244179560 0.01805 61
1753244208021 0.01802 62
1753244236789 0.01801 63
1753244265249 0.01799 64
1753244294214 0.01797 65
1753244323377 0.01796 66
1753244352358 0.01797 67
1753244380992 0.01795 68
1753244410059 0.0179 69
1753244438569 0.01791 70
1753244467682 0.01789 71
1753244496457 0.01789 72
1753244525343 0.01787 73
1753244554495 0.01784 74
1753244583799 0.01784 75
1753244612859 0.01785 76
1753244642022 0.01783 77
1753244671468 0.01781 78
1753244700254 0.0178 79
1753244729471 0.01781 80
1753244758045 0.01778 81
1753244786602 0.01776 82
1753244815836 0.01778 83
1753244844506 0.01774 84
1753244873452 0.01775 85
1753244903252 0.01773 86
1753244932472 0.01772 87
1753244961067 0.0177 88
1753244990383 0.01769 89
1753245019166 0.01768 90
1753245048397 0.0177 91
1753245077215 0.01768 92
1753245106695 0.01768 93
1753245135506 0.01766 94
1753245164536 0.01764 95
1753245193432 0.01764 96
1753245222217 0.01763 97
1753245251059 0.01763 98
1753245279523 0.01762 99
1753245308564 0.01761 100
1753245337449 0.01763 101
1753245366308 0.0176 102
1753245395181 0.01759 103
1753245423844 0.01757 104
1753245452907 0.01758 105
1753245481493 0.01757 106
1753245510322 0.01756 107
1753245539017 0.01754 108
1753245568210 0.01753 109
1753245597090 0.01753 110
1753245625785 0.01753 111
1753245655234 0.01751 112
1753245684276 0.01752 113
1753245713569 0.01751 114
1753245742499 0.01748 115
1753245771899 0.01748 116
1753245800416 0.01749 117
1753245828966 0.01747 118
1753245857851 0.01748 119
1753245887078 0.01748 120
1753245915724 0.01746 121
1753245944781 0.01745 122
1753245973913 0.01746 123
1753246002935 0.01743 124
1753246031514 0.01744 125
1753246060593 0.01744 126
1753246089495 0.01743 127
1753246118608 0.01743 128
1753246147604 0.0174 129
1753246176635 0.0174 130
1753246205670 0.01741 131
1753246234165 0.0174 132
1753246263877 0.0174 133
1753246292884 0.01739 134
1753246322389 0.01739 135
1753246351299 0.01735 136
1753246380588 0.01737 137
1753246409857 0.01737 138
1753246438512 0.01736 139
1753246467573 0.01736 140
1753246496488 0.01733 141
1753246525376 0.01733 142
1753246554937 0.01733 143
1753246584442 0.01734 144
1753246613415 0.01734 145
1753246642329 0.01733 146
1753246671463 0.01731 147
1753246700265 0.01733 148
1753246728819 0.0173 149
1753246758104 0.01731 150
1753246786984 0.01728 151
1753246815628 0.01729 152
1753246844258 0.0173 153
1753246873452 0.01727 154
1753246902574 0.01727 155
1753246931390 0.01726 156
1753246960463 0.01727 157
1753246989245 0.01727 158
1753247018330 0.01726 159
1753247046854 0.01725 160
1753247075747 0.01724 161
1753247104824 0.01725 162
1753247134123 0.01724 163
1753247162702 0.01724 164
1753247191776 0.01723 165
1753247220889 0.01723 166
1753247249983 0.01724 167
1753247278625 0.01723 168
1753247307479 0.01722 169
1753247336442 0.01722 170
1753247365021 0.01721 171
1753247393877 0.0172 172
1753247422714 0.0172 173
1753247451435 0.0172 174
1753247480238 0.01719 175
1753247509089 0.0172 176
1753247538223 0.01718 177
1753247567073 0.01719 178
1753247596067 0.01719 179
1753247625227 0.01717 180
1753247654249 0.01718 181
1753247682614 0.01717 182
1753247712140 0.01717 183
1753247741389 0.01716 184
1753247770355 0.01715 185
1753247798613 0.01716 186
1753247827703 0.01716 187
1753247856300 0.01716 188
1753247885460 0.01713 189
1753247914331 0.01715 190
1753247942892 0.01713 191
1753247972218 0.01712 192
1753248001099 0.01712 193
1753248030177 0.01712 194
1753248059253 0.01714 195
1753248088050 0.01713 196
1753248116692 0.01712 197
1753248146410 0.01711 198
1753248175781 0.01711 199
1753248204611 0.01711 200
1753248234035 0.0171 201
1753248262516 0.01712 202
1753248291797 0.01709 203
1753248320551 0.01709 204
1753248350158 0.01708 205
1753248378868 0.0171 206
1753248408233 0.01709 207
1753248437085 0.0171 208
1753248465861 0.01708 209
1753248495261 0.01707 210
1753248524199 0.01708 211
1753248552753 0.01708 212
1753248582197 0.01705 213
1753248611502 0.01707 214
1753248640262 0.01706 215
1753248669436 0.01707 216
1753248698866 0.01704 217
1753248728298 0.01705 218
1753248757512 0.01705 219
1753248785628 0.01706 220
1753248814247 0.01705 221
1753248842931 0.01705 222
1753248872032 0.01704 223
1753248900891 0.01706 224
1753248929711 0.01704 225
1753248958663 0.01705 226
1753248987617 0.01703 227
1753249016560 0.01703 228
1753249045559 0.01703 229
1753249074698 0.01703 230
1753249104269 0.01701 231
1753249133404 0.01702 232
1753249162754 0.01702 233
1753249191803 0.01702 234
1753249220639 0.01702 235
1753249249596 0.01701 236
1753249278430 0.01702 237
1753249306951 0.01701 238
1753249335729 0.017 239
1753249364171 0.01701 240
1753249393242 0.01701 241
1753249421845 0.01699 242
1753249451357 0.01701 243
1753249480177 0.01701 244
1753249509016 0.017 245
1753249538022 0.01698 246
1753249567219 0.01698 247
1753249596137 0.01699 248
1753249625215 0.01697 249
1753249653997 0.01699 250
1753249682788 0.01697 251
1753249711726 0.01698 252
1753249741253 0.01696 253
1753249770076 0.01698 254
1753249798701 0.01698 255
1753249827906 0.01697 256
1753249856764 0.01697 257
1753249885608 0.01697 258
1753249914377 0.01697 259
1753249943564 0.01697 260
1753249972446 0.01696 261
1753250001400 0.01695 262
1753250030088 0.01696 263
1753250059184 0.01695 264
1753250088293 0.01694 265
1753250116943 0.01697 266
1753250146084 0.01695 267
1753250175348 0.01694 268
1753250204623 0.01694 269
1753250233793 0.01693 270
1753250262840 0.01694 271
1753250291707 0.01692 272
1753250320605 0.01693 273
1753250349602 0.01694 274
1753250378123 0.01694 275
1753250406893 0.01692 276
1753250435915 0.01694 277
1753250465157 0.01692 278
1753250494311 0.01692 279
1753250523527 0.01692 280
1753250552942 0.01691 281
1753250581841 0.01693 282
1753250610652 0.01693 283
1753250639957 0.01691 284
1753250669265 0.01691 285
1753250698550 0.01693 286
1753250727311 0.01693 287
1753250756068 0.01691 288
1753250785255 0.0169 289
1753250813924 0.0169 290
1753250842521 0.0169 291
1753250871316 0.01691 292
1753250899733 0.01689 293
1753250928600 0.01689 294
1753250957458 0.01689 295
1753250986680 0.0169 296
1753251015430 0.01688 297
1753251044242 0.01689 298
1753251073065 0.0169 299
1753251101598 0.01689 300
