1753239120426 1.0 0
1753239135606 2.0 0
1753239150573 3.0 0
1753239165285 4.0 0
1753239180124 5.0 0
1753239194763 6.0 0
1753239209955 7.0 0
1753239224796 8.0 0
1753239239601 9.0 0
1753239254559 10.0 0
1753239269552 11.0 0
1753239284349 12.0 0
1753239299294 13.0 0
1753239314339 14.0 0
1753239329026 15.0 0
1753239343742 16.0 0
1753239359074 17.0 0
1753239374345 18.0 0
1753239389167 19.0 0
1753239403797 20.0 0
1753239418544 21.0 0
1753239433706 22.0 0
1753239448701 23.0 0
1753239463563 24.0 0
1753239478675 25.0 0
1753239493735 26.0 0
1753239508563 27.0 0
1753239523188 28.0 0
1753239538329 29.0 0
1753239553157 30.0 0
1753239567835 31.0 0
1753239582976 32.0 0
1753239597770 33.0 0
1753239612497 34.0 0
1753239627373 35.0 0
1753239642039 36.0 0
1753239657072 37.0 0
1753239672014 38.0 0
1753239687007 39.0 0
1753239702169 40.0 0
1753239716789 41.0 0
1753239746706 43.0 0
1753239761634 44.0 0
1753239776384 45.0 0
1753239791308 46.0 0
1753239806444 47.0 0
1753239821683 48.0 0
1753239851156 50.0 0
1753239866590 51.0 0
1753239881682 52.0 0
1753239896518 53.0 0
1753239926864 55.0 0
1753239971330 58.0 0
1753239986180 59.0 0
1753240015740 61.0 0
1753240030793 62.0 0
1753240045809 63.0 0
1753240075360 65.0 0
1753240105352 67.0 0
1753240134943 69.0 0
1753240164535 71.0 0
1753240179349 72.0 0
1753240194435 73.0 0
1753240224518 75.0 0
1753240254436 77.0 0
1753240269553 78.0 0
1753240299347 80.0 0
1753240314538 81.0 0
1753240374389 85.0 0
1753240404071 87.0 0
1753240419175 88.0 0
1753240434140 89.0 0
1753240448963 90.0 0
1753240523215 95.0 0
1753240597563 100.0 0
1753240612386 101.0 0
1753240656921 104.0 0
1753240686436 106.0 0
1753240730815 109.0 0
1753240775134 112.0 0
1753240819756 115.0 0
1753240849661 117.0 0
1753240982972 126.0 0
1753241027460 129.0 0
1753241146293 137.0 0
1753241161443 138.0 0
1753241191404 140.0 0
1753241399235 154.0 0
1753241413910 155.0 0
1753241517433 162.0 0
1753241591892 167.0 0
1753241621271 169.0 0
