1753239107877 0.56553 1
1753239124226 0.43859 2
1753239139241 0.37984 3
1753239154136 0.33068 4
1753239168970 0.28748 5
1753239183671 0.25036 6
1753239198512 0.21908 7
1753239213688 0.19281 8
1753239228458 0.17093 9
1753239243181 0.15276 10
1753239258160 0.13766 11
1753239273198 0.12516 12
1753239287995 0.11469 13
1753239302876 0.10597 14
1753239317900 0.09864 15
1753239332699 0.09242 16
1753239347500 0.08711 17
1753239363207 0.08256 18
1753239377933 0.07865 19
1753239392817 0.07522 20
1753239407431 0.07225 21
1753239422154 0.0696 22
1753239437534 0.06731 23
1753239452315 0.06527 24
1753239467292 0.06348 25
1753239482329 0.06182 26
1753239497472 0.06035 27
1753239512161 0.05902 28
1753239526848 0.05781 29
1753239542020 0.05669 30
1753239556780 0.05562 31
1753239571531 0.05468 32
1753239586656 0.05384 33
1753239601406 0.05303 34
1753239616223 0.05227 35
1753239630988 0.05153 36
1753239645742 0.05087 37
1753239660760 0.05025 38
1753239675634 0.04961 39
1753239690612 0.04905 40
1753239705783 0.04851 41
1753239720499 0.04802 42
1753239735252 0.04749 43
1753239750333 0.04701 44
1753239765248 0.04657 45
1753239780133 0.04612 46
1753239794930 0.04568 47
1753239810079 0.0453 48
1753239825328 0.04491 49
1753239840129 0.04452 50
1753239854994 0.04413 51
1753239870292 0.04379 52
1753239885364 0.04343 53
1753239900213 0.04311 54
1753239915336 0.04275 55
1753239930590 0.04243 56
1753239945219 0.04208 57
1753239959929 0.04178 58
1753239974896 0.04152 59
1753239989847 0.04118 60
1753240004643 0.0409 61
1753240019381 0.04059 62
1753240034421 0.04025 63
1753240049415 0.03998 64
1753240064137 0.03973 65
1753240079049 0.03942 66
1753240093817 0.03917 67
1753240108979 0.03892 68
1753240123591 0.03863 69
1753240138516 0.03835 70
1753240153485 0.03814 71
1753240168301 0.03786 72
1753240183074 0.0376 73
1753240198101 0.03732 74
1753240213280 0.03712 75
1753240228128 0.03685 76
1753240243087 0.03659 77
1753240258108 0.0364 78
1753240273296 0.03614 79
1753240288181 0.03592 80
1753240303001 0.03565 81
1753240318259 0.03543 82
1753240333199 0.03518 83
1753240348095 0.03496 84
1753240363010 0.03478 85
1753240378092 0.03452 86
1753240392959 0.03427 87
1753240407722 0.03411 88
1753240422856 0.03387 89
1753240437714 0.03366 90
1753240452609 0.03341 91
1753240467182 0.03324 92
1753240482180 0.03304 93
1753240497493 0.03281 94
1753240512227 0.03259 95
1753240526877 0.03237 96
1753240542067 0.03216 97
1753240556648 0.03198 98
1753240571471 0.03178 99
1753240586133 0.03158 100
1753240601281 0.0314 101
1753240616107 0.03121 102
1753240631019 0.03099 103
1753240645876 0.03084 104
1753240660525 0.03067 105
1753240675286 0.0304 106
1753240690068 0.03025 107
1753240704899 0.03008 108
1753240719750 0.0299 109
1753240734378 0.02973 110
1753240749089 0.02957 111
1753240764015 0.02936 112
1753240778864 0.02914 113
1753240793665 0.02903 114
1753240808381 0.02889 115
1753240823648 0.02869 116
1753240838497 0.02856 117
1753240853320 0.02841 118
1753240868619 0.02827 119
1753240883179 0.02806 120
1753240897914 0.02792 121
1753240912666 0.02772 122
1753240927276 0.02756 123
1753240942137 0.02743 124
1753240956852 0.02726 125
1753240971475 0.02714 126
1753240986675 0.02697 127
1753241001437 0.02686 128
1753241016161 0.0267 129
1753241031110 0.02658 130
1753241046320 0.02642 131
1753241060972 0.02627 132
1753241075809 0.02615 133
1753241091102 0.02598 134
1753241105748 0.02586 135
1753241120414 0.02571 136
1753241135235 0.02562 137
1753241150062 0.02552 138
1753241165086 0.02539 139
1753241179969 0.02525 140
1753241195096 0.02512 141
1753241210148 0.02499 142
1753241224977 0.02487 143
1753241239706 0.02472 144
1753241254462 0.02464 145
1753241269609 0.02454 146
1753241284401 0.02442 147
1753241299109 0.02428 148
1753241314145 0.02421 149
1753241329035 0.02411 150
1753241343789 0.02395 151
1753241358470 0.02389 152
1753241373254 0.02374 153
1753241388229 0.02363 154
1753241402857 0.02356 155
1753241417579 0.0234 156
1753241432601 0.02334 157
1753241447236 0.02325 158
1753241461924 0.02314 159
1753241476614 0.02303 160
1753241491603 0.02295 161
1753241506229 0.02286 162
1753241520961 0.02279 163
1753241536125 0.02267 164
1753241550894 0.02261 165
1753241565489 0.02252 166
1753241580370 0.02228 167
1753241595558 0.01756 168
1753241610285 0.01747 169
1753241624938 0.01742 170
1753241639515 0.01747 171
1753241654550 0.0174 172
1753241669301 0.01741 173
1753241684038 0.01739 174
1753241699064 0.01737 175
1753241714478 0.01738 176
1753241729318 0.01732 177
1753241744465 0.01733 178
1753241759535 0.01733 179
1753241774589 0.01733 180
1753241789287 0.01731 181
1753241804003 0.01731 182
1753241819108 0.0173 183
1753241833899 0.01731 184
1753241848637 0.0173 185
1753241863540 0.01727 186
1753241878535 0.01723 187
1753241893144 0.01726 188
1753241907787 0.01726 189
1753241922896 0.01722 190
1753241937897 0.01727 191
1753241952697 0.01726 192
1753241967477 0.01723 193
1753241982516 0.01727 194
1753241997522 0.01722 195
1753242012183 0.01718 196
1753242027118 0.01719 197
1753242042117 0.01724 198
1753242057084 0.01724 199
1753242071747 0.01719 200
1753242086548 0.01715 201
1753242101658 0.01719 202
1753242116403 0.01719 203
1753242131120 0.01717 204
1753242145946 0.01718 205
1753242160853 0.01717 206
1753242175645 0.0171 207
1753242190456 0.01719 208
1753242205257 0.01715 209
1753242220240 0.01711 210
1753242234959 0.01709 211
1753242249810 0.01714 212
1753242264915 0.01714 213
1753242280096 0.01711 214
1753242295206 0.01709 215
1753242309992 0.01706 216
1753242324856 0.01709 217
1753242339398 0.0171 218
1753242354019 0.01708 219
1753242369064 0.01708 220
1753242383648 0.01708 221
1753242398235 0.0171 222
1753242412858 0.01705 223
1753242427581 0.01704 224
1753242442816 0.01705 225
1753242457283 0.01708 226
1753242472002 0.01706 227
1753242486888 0.01705 228
1753242501439 0.01701 229
1753242516155 0.01704 230
1753242530842 0.01706 231
1753242545955 0.01697 232
1753242560906 0.01701 233
1753242575504 0.01702 234
1753242590737 0.01701 235
1753242605329 0.01697 236
1753242620093 0.01702 237
1753242634787 0.01697 238
1753242649451 0.01698 239
1753242664414 0.01698 240
1753242679147 0.01703 241
1753242693865 0.01701 242
1753242708877 0.017 243
1753242723527 0.01699 244
1753242738147 0.01698 245
1753242752918 0.01693 246
1753242767893 0.01694 247
1753242782672 0.01696 248
1753242797337 0.01695 249
1753242812441 0.01696 250
1753242827285 0.01694 251
1753242842117 0.01696 252
1753242856647 0.01695 253
1753242871396 0.01692 254
1753242886593 0.01691 255
1753242901386 0.01688 256
1753242916114 0.0169 257
1753242930956 0.01695 258
1753242945957 0.01694 259
1753242960880 0.01696 260
1753242975855 0.0169 261
1753242990934 0.01694 262
1753243005603 0.01693 263
1753243020347 0.01688 264
1753243035530 0.01686 265
1753243050314 0.01689 266
1753243065123 0.01687 267
1753243079767 0.01684 268
1753243094480 0.01688 269
1753243109557 0.01691 270
1753243124608 0.01685 271
1753243139148 0.01687 272
1753243154073 0.01686 273
1753243168913 0.01688 274
1753243183651 0.01686 275
1753243198325 0.01684 276
1753243213292 0.01683 277
1753243228158 0.01686 278
1753243243011 0.01686 279
1753243257925 0.01691 280
1753243272757 0.01689 281
1753243287509 0.01682 282
1753243302020 0.01687 283
1753243316819 0.01683 284
1753243331495 0.01687 285
1753243346212 0.01684 286
1753243361191 0.01684 287
1753243376141 0.01682 288
1753243391019 0.0168 289
1753243405590 0.01681 290
1753243420370 0.0168 291
1753243435477 0.01678 292
1753243450337 0.01682 293
1753243465690 0.0168 294
1753243480626 0.0168 295
1753243495400 0.01682 296
1753243510200 0.01682 297
1753243524855 0.01685 298
1753243539876 0.01682 299
1753243554989 0.01681 300
