1752949669150 1.0 0
1752949684708 2.0 0
1752949700221 3.0 0
1752949715896 4.0 0
1752949731260 5.0 0
1752949746740 6.0 0
1752949762141 7.0 0
1752949777667 8.0 0
1752949793081 9.0 0
1752949808495 10.0 0
1752949824173 11.0 0
1752949839656 12.0 0
1752949855157 13.0 0
1752949871569 14.0 0
1752949887563 15.0 0
1752949903062 16.0 0
1752949918604 17.0 0
1752949934221 18.0 0
1752949950199 19.0 0
1752949965989 20.0 0
1752949981530 21.0 0
1752949997123 22.0 0
1752950012672 23.0 0
1752950043900 25.0 0
1752950074775 27.0 0
1752950137898 31.0 0
1752950168914 33.0 0
1752950184390 34.0 0
1752950262542 39.0 0
1752950278036 40.0 0
1752950324494 43.0 0
1752950340307 44.0 0
1752950356010 45.0 0
