1752949656024 0.39534 1
1752949673618 0.2783 2
1752949689133 0.20811 3
1752949704715 0.16053 4
1752949720279 0.12612 5
1752949735690 0.10123 6
1752949751106 0.08308 7
1752949766605 0.06986 8
1752949782095 0.06001 9
1752949797479 0.0526 10
1752949812998 0.04698 11
1752949828700 0.04253 12
1752949844218 0.03901 13
1752949859635 0.03624 14
1752949876041 0.03391 15
1752949892038 0.03204 16
1752949907601 0.03046 17
1752949923067 0.02919 18
1752949938704 0.02805 19
1752949954720 0.02707 20
1752949970538 0.02626 21
1752949986075 0.02555 22
1752950001706 0.0249 23
1752950017163 0.02436 24
1752950032713 0.02384 25
1752950048386 0.02342 26
1752950063771 0.02301 27
1752950079195 0.02269 28
1752950095218 0.02241 29
1752950110720 0.02213 30
1752950126747 0.02184 31
1752950142368 0.02157 32
1752950157893 0.02135 33
1752950173431 0.02113 34
1752950188903 0.021 35
1752950204373 0.02084 36
1752950219895 0.02069 37
1752950235502 0.02057 38
1752950251061 0.02039 39
1752950267062 0.02026 40
1752950282488 0.02013 41
1752950298044 0.02003 42
1752950313522 0.01994 43
1752950328885 0.01981 44
1752950344869 0.01975 45
1752950360541 0.01965 46
1752950376437 0.01957 47
1752950392093 0.01951 48
1752950407692 0.01942 49
1752950423353 0.01932 50
1752950438949 0.01927 51
1752950454386 0.01924 52
1752950469897 0.01916 53
1752950485799 0.01909 54
1752950501617 0.01907 55
1752950517149 0.01901 56
1752950532676 0.019 57
1752950548432 0.01889 58
1752950563874 0.01888 59
1752950579452 0.01884 60
1752950594898 0.0188 61
1752950610375 0.01872 62
1752950625874 0.01869 63
1752950641459 0.01869 64
1752950657144 0.01864 65
1752950672701 0.01862 66
1752950688179 0.01857 67
1752950703666 0.0185 68
1752950719712 0.01851 69
1752950735255 0.01843 70
1752950750871 0.0184 71
1752950766561 0.01839 72
1752950782303 0.01839 73
1752950797811 0.01834 74
1752950813288 0.0183 75
1752950828784 0.01834 76
1752950844199 0.01829 77
1752950860341 0.01823 78
1752950875831 0.01823 79
1752950891422 0.01818 80
1752950907001 0.01819 81
1752950922612 0.01818 82
1752950938312 0.01816 83
1752950953960 0.01813 84
1752950969336 0.01808 85
1752950984815 0.01806 86
1752951000478 0.01808 87
1752951015792 0.01806 88
1752951031798 0.01802 89
1752951047457 0.01799 90
1752951062895 0.01798 91
1752951078400 0.01796 92
1752951093802 0.01793 93
1752951109713 0.0179 94
1752951125080 0.01794 95
1752951140481 0.01787 96
1752951155919 0.01786 97
1752951171722 0.01786 98
1752951187230 0.01783 99
1752951202517 0.01782 100
1752951217995 0.01781 101
1752951233564 0.0178 102
1752951249684 0.01776 103
1752951265546 0.01772 104
1752951281090 0.01774 105
1752951296581 0.01773 106
1752951312142 0.0177 107
1752951327961 0.0177 108
1752951343368 0.01768 109
1752951359119 0.01769 110
1752951374564 0.01766 111
1752951390093 0.01763 112
1752951405520 0.01762 113
1752951421726 0.01762 114
1752951437086 0.0176 115
1752951452618 0.01761 116
1752951468034 0.01763 117
1752951483917 0.01759 118
1752951499519 0.01759 119
1752951514856 0.01753 120
1752951530329 0.01754 121
1752951545857 0.01751 122
1752951561070 0.01755 123
1752951576900 0.01752 124
1752951592470 0.01749 125
1752951608995 0.01751 126
1752951625158 0.01749 127
1752951640609 0.0175 128
1752951656566 0.01747 129
1752951671954 0.01747 130
1752951687414 0.01744 131
1752951702784 0.01742 132
1752951718470 0.01742 133
1752951734006 0.0174 134
1752951749446 0.0174 135
1752951764796 0.01738 136
1752951780169 0.01742 137
1752951795929 0.01745 138
1752951811494 0.0174 139
1752951827135 0.01738 140
1752951842634 0.01736 141
1752951857987 0.01733 142
1752951873888 0.01736 143
1752951889293 0.01738 144
1752951904887 0.01735 145
1752951920392 0.01734 146
1752951935833 0.01729 147
1752951951338 0.01729 148
1752951966798 0.01733 149
1752951982280 0.01724 150
1752951997842 0.0173 151
1752952013721 0.01726 152
1752952029643 0.01725 153
1752952045293 0.01725 154
1752952060739 0.01724 155
1752952076146 0.01727 156
1752952091581 0.01719 157
1752952107043 0.01723 158
1752952122620 0.01723 159
1752952138029 0.01721 160
1752952153577 0.01722 161
1752952169362 0.01722 162
1752952184643 0.0172 163
1752952200005 0.0172 164
1752952215354 0.0172 165
1752952230686 0.01719 166
1752952246441 0.01718 167
1752952261913 0.01717 168
1752952277291 0.01716 169
1752952292744 0.01714 170
1752952308351 0.01717 171
1752952323714 0.01717 172
1752952339037 0.01713 173
1752952354620 0.01715 174
1752952370133 0.01712 175
1752952385833 0.01711 176
1752952401268 0.01713 177
1752952416900 0.01714 178
1752952432415 0.01712 179
1752952447911 0.01709 180
1752952463256 0.01707 181
1752952478641 0.01708 182
1752952493976 0.0171 183
1752952509347 0.01707 184
1752952524866 0.01711 185
1752952540354 0.01703 186
1752952556059 0.01708 187
1752952571539 0.01706 188
1752952587092 0.01704 189
1752952602520 0.01703 190
1752952618496 0.01703 191
1752952633822 0.01705 192
1752952649466 0.01704 193
1752952665003 0.017 194
1752952680447 0.017 195
1752952695790 0.01703 196
1752952711348 0.01699 197
1752952726885 0.017 198
1752952742628 0.01702 199
1752952758109 0.01701 200
1752952774094 0.01704 201
1752952789929 0.01702 202
1752952805459 0.01701 203
1752952821033 0.01698 204
1752952836445 0.01699 205
1752952851868 0.01696 206
1752952867298 0.01699 207
1752952883016 0.01697 208
1752952898479 0.01696 209
1752952913909 0.01699 210
1752952929622 0.01696 211
1752952945017 0.01701 212
1752952960514 0.01698 213
1752952975900 0.01694 214
1752952991445 0.01698 215
1752953007337 0.01698 216
1752953022763 0.01691 217
1752953038141 0.01695 218
1752953053744 0.01697 219
1752953069217 0.01692 220
1752953084749 0.01692 221
1752953100120 0.01694 222
1752953115471 0.01694 223
1752953130882 0.01692 224
1752953146624 0.01695 225
1752953162095 0.01692 226
1752953177714 0.01689 227
1752953193364 0.0169 228
1752953208865 0.01689 229
1752953224193 0.01691 230
1752953239695 0.01693 231
1752953255096 0.01692 232
1752953270535 0.0169 233
1752953286156 0.01688 234
1752953301426 0.01688 235
1752953317355 0.01691 236
1752953332857 0.01687 237
1752953348291 0.01689 238
1752953363772 0.01686 239
1752953379629 0.01684 240
1752953395097 0.01689 241
1752953410595 0.0169 242
1752953426111 0.01684 243
1752953441442 0.01686 244
1752953456953 0.01688 245
1752953472413 0.0169 246
1752953487693 0.01687 247
1752953503299 0.01684 248
1752953518994 0.01687 249
1752953534922 0.01683 250
1752953550683 0.01682 251
1752953566146 0.01684 252
1752953581526 0.01683 253
1752953596940 0.01682 254
1752953612308 0.01683 255
1752953627852 0.01682 256
1752953643269 0.01682 257
1752953658736 0.01681 258
1752953674111 0.0168 259
1752953690224 0.01682 260
1752953705705 0.01682 261
1752953721217 0.01681 262
1752953736702 0.01681 263
1752953752447 0.01683 264
1752953768121 0.0168 265
1752953783555 0.01682 266
1752953799021 0.0168 267
1752953814505 0.01677 268
1752953829820 0.01679 269
1752953845397 0.01681 270
1752953860645 0.01683 271
1752953876439 0.01678 272
1752953891843 0.01678 273
1752953907502 0.01677 274
1752953922829 0.01679 275
1752953938560 0.01675 276
1752953954084 0.01674 277
1752953969664 0.01681 278
1752953985004 0.01676 279
1752954000480 0.01676 280
1752954016019 0.01676 281
1752954031522 0.01676 282
1752954047111 0.01675 283
1752954062598 0.01679 284
1752954078563 0.01675 285
1752954094131 0.01672 286
1752954109800 0.01676 287
1752954125418 0.01676 288
1752954141180 0.01678 289
1752954156495 0.01676 290
1752954171978 0.01672 291
1752954187451 0.01673 292
1752954202865 0.01671 293
1752954218742 0.01674 294
1752954234004 0.01671 295
1752954249477 0.01676 296
1752954264919 0.01675 297
1752954280328 0.01672 298
1752954296271 0.01674 299
1752954312154 0.01673 300
