1753340669691 1.0 0
1753340684376 2.0 0
1753340699449 3.0 0
1753340714597 4.0 0
1753340729479 5.0 0
1753340744775 6.0 0
1753340759450 7.0 0
1753340774138 8.0 0
1753340788842 9.0 0
1753340803425 10.0 0
1753340818044 11.0 0
1753340832689 12.0 0
1753340847299 13.0 0
1753340861916 14.0 0
1753340876908 15.0 0
1753340891571 16.0 0
1753340906235 17.0 0
1753340920784 18.0 0
1753340935742 19.0 0
1753340950564 20.0 0
1753340965240 21.0 0
1753340979856 22.0 0
1753340994449 23.0 0
1753341009025 24.0 0
1753341023541 25.0 0
1753341038127 26.0 0
1753341053028 27.0 0
1753341068022 28.0 0
1753341082925 29.0 0
1753341097812 30.0 0
1753341112551 31.0 0
1753341127258 32.0 0
1753341141940 33.0 0
1753341171170 35.0 0
1753341185823 36.0 0
1753341200426 37.0 0
1753341229975 39.0 0
1753341244751 40.0 0
1753341274289 42.0 0
1753341303678 44.0 0
1753341318264 45.0 0
1753341332839 46.0 0
1753341362834 48.0 0
1753341392364 50.0 0
1753341437171 53.0 0
1753341510818 58.0 0
1753341599622 64.0 0
1753341674467 69.0 0
1753341689016 70.0 0
