1753340657355 0.56185 1
1753340673018 0.46628 2
1753340687635 0.3975 3
1753340702702 0.34152 4
1753340717875 0.29011 5
1753340732723 0.24585 6
1753340748043 0.20841 7
1753340762694 0.17725 8
1753340777411 0.15157 9
1753340792087 0.13066 10
1753340806672 0.11364 11
1753340821299 0.0997 12
1753340835942 0.0883 13
1753340850553 0.07891 14
1753340865150 0.07116 15
1753340880144 0.06471 16
1753340894829 0.05931 17
1753340909462 0.05474 18
1753340924051 0.05084 19
1753340938915 0.04754 20
1753340953858 0.0447 21
1753340968483 0.0422 22
1753340983117 0.04006 23
1753340997630 0.03819 24
1753341012206 0.03656 25
1753341026782 0.03504 26
1753341041403 0.03373 27
1753341056297 0.03253 28
1753341071182 0.03153 29
1753341086167 0.03062 30
1753341100949 0.02979 31
1753341115732 0.02902 32
1753341130542 0.02831 33
1753341145257 0.02771 34
1753341159824 0.02714 35
1753341174407 0.02656 36
1753341189110 0.0261 37
1753341203694 0.02568 38
1753341218281 0.02523 39
1753341233162 0.02484 40
1753341247936 0.02452 41
1753341262620 0.02421 42
1753341277450 0.02393 43
1753341291970 0.02368 44
1753341306925 0.02332 45
1753341321539 0.0231 46
1753341336466 0.02283 47
1753341351613 0.02262 48
1753341366107 0.02244 49
1753341380976 0.02226 50
1753341395638 0.02207 51
1753341410609 0.0219 52
1753341425511 0.02173 53
1753341440417 0.02158 54
1753341455181 0.02147 55
1753341470032 0.02134 56
1753341484644 0.02118 57
1753341499354 0.02106 58
1753341514067 0.02093 59
1753341528760 0.02083 60
1753341543331 0.02076 61
1753341558409 0.02058 62
1753341573132 0.02053 63
1753341587839 0.02037 64
1753341602842 0.02032 65
1753341617614 0.02028 66
1753341632588 0.02017 67
1753341647517 0.0201 68
1753341662375 0.02012 69
1753341677637 0.01995 70
1753341692302 0.01985 71
1753341706769 0.01981 72
1753341721292 0.01972 73
1753341735905 0.0197 74
1753341750447 0.01958 75
1753341765021 0.01957 76
1753341779862 0.01952 77
1753341794981 0.01949 78
1753341809535 0.01944 79
1753341824459 0.01926 80
1753341839303 0.0192 81
1753341853868 0.01917 82
1753341868475 0.01915 83
1753341883375 0.01912 84
1753341897920 0.01911 85
1753341912484 0.0191 86
1753341927417 0.01907 87
1753341941953 0.01909 88
1753341956753 0.01902 89
1753341971582 0.01902 90
1753341986524 0.01904 91
1753342001381 0.01901 92
1753342016325 0.01901 93
1753342031159 0.01902 94
1753342045786 0.01901 95
1753342060330 0.019 96
1753342075023 0.019 97
1753342089548 0.019 98
1753342104155 0.01897 99
1753342118680 0.01898 100
1753342133593 0.01897 101
1753342148486 0.01896 102
1753342163302 0.01897 103
1753342177937 0.01897 104
1753342192706 0.01896 105
1753342207256 0.01895 106
1753342221824 0.01897 107
1753342236303 0.01897 108
1753342250860 0.01898 109
1753342265445 0.01897 110
1753342280434 0.01897 111
1753342295167 0.01898 112
1753342309757 0.01897 113
1753342324679 0.01897 114
1753342339707 0.01897 115
1753342354713 0.01896 116
1753342369512 0.01898 117
1753342384283 0.01897 118
1753342398934 0.01898 119
1753342413702 0.01899 120
1753342428270 0.01896 121
1753342442889 0.01897 122
1753342457516 0.01897 123
1753342472310 0.01896 124
1753342487000 0.01896 125
1753342502127 0.01896 126
1753342517331 0.01899 127
1753342531978 0.01899 128
1753342547125 0.01895 129
1753342562389 0.01896 130
1753342577070 0.01897 131
1753342591691 0.01896 132
1753342606316 0.01897 133
1753342620873 0.01894 134
1753342635471 0.01897 135
1753342650426 0.01896 136
1753342665338 0.01895 137
1753342680254 0.01895 138
1753342695092 0.01898 139
1753342709813 0.01894 140
1753342724697 0.01896 141
1753342739625 0.01896 142
1753342754366 0.01895 143
1753342769163 0.01896 144
1753342783882 0.01896 145
1753342798483 0.01897 146
1753342813318 0.01895 147
1753342827971 0.01896 148
1753342842556 0.01897 149
1753342857528 0.01897 150
1753342872526 0.01898 151
1753342887404 0.01897 152
1753342902237 0.01896 153
1753342917055 0.01897 154
1753342931668 0.01895 155
1753342946172 0.01895 156
1753342960781 0.01897 157
1753342975378 0.01898 158
1753342989910 0.01895 159
1753343004870 0.01895 160
1753343019478 0.01897 161
1753343034286 0.01896 162
1753343049107 0.01897 163
1753343063845 0.01898 164
1753343078801 0.01896 165
1753343093553 0.01894 166
1753343108281 0.019 167
1753343122792 0.01899 168
1753343137357 0.01894 169
1753343152171 0.01897 170
1753343166985 0.01895 171
1753343181615 0.01896 172
1753343196267 0.01897 173
1753343210814 0.01895 174
1753343225735 0.01895 175
1753343240536 0.01894 176
1753343255160 0.01895 177
1753343269998 0.01895 178
1753343284777 0.01896 179
1753343299301 0.01895 180
1753343314041 0.01893 181
1753343328662 0.01894 182
1753343343565 0.01895 183
1753343358422 0.01897 184
1753343373354 0.01894 185
1753343388159 0.01896 186
1753343403066 0.01896 187
1753343417883 0.01895 188
1753343432518 0.01894 189
1753343447440 0.01897 190
1753343462229 0.01896 191
1753343476771 0.01898 192
1753343491358 0.01894 193
1753343505942 0.01894 194
1753343520510 0.01895 195
1753343535314 0.01897 196
1753343549785 0.01899 197
1753343564362 0.01895 198
1753343579293 0.01895 199
1753343594266 0.01895 200
1753343609096 0.01895 201
1753343624090 0.01893 202
1753343638950 0.01895 203
1753343653554 0.01896 204
1753343668202 0.01894 205
1753343682805 0.01894 206
1753343697372 0.01894 207
1753343711956 0.01896 208
1753343726909 0.01896 209
1753343741644 0.01896 210
1753343756462 0.01893 211
1753343771359 0.01895 212
1753343785877 0.01894 213
1753343800743 0.01894 214
1753343815320 0.01895 215
1753343830172 0.01897 216
1753343844748 0.01895 217
1753343859300 0.01893 218
1753343873923 0.01892 219
1753343888704 0.01898 220
1753343903269 0.01894 221
1753343917977 0.01895 222
1753343932982 0.01893 223
1753343947980 0.01894 224
1753343962836 0.01892 225
1753343977367 0.01893 226
1753343992126 0.01895 227
1753344006947 0.01895 228
1753344021535 0.01894 229
1753344036271 0.01894 230
1753344050915 0.01892 231
1753344065532 0.01897 232
1753344080110 0.01894 233
1753344095022 0.01896 234
1753344109869 0.01894 235
1753344124570 0.01893 236
1753344139310 0.01892 237
1753344154029 0.01894 238
1753344168928 0.01895 239
1753344183799 0.01891 240
1753344198318 0.01895 241
1753344213002 0.01895 242
1753344227482 0.01892 243
1753344242010 0.01896 244
1753344256680 0.01894 245
1753344271476 0.01892 246
1753344286364 0.01895 247
1753344300905 0.01896 248
1753344315903 0.01893 249
1753344330754 0.01891 250
1753344345571 0.01895 251
1753344360364 0.01897 252
1753344374854 0.01893 253
1753344389377 0.01894 254
1753344403933 0.01892 255
1753344418865 0.01894 256
1753344433391 0.01891 257
1753344448275 0.01894 258
1753344463094 0.01893 259
1753344477916 0.01891 260
1753344492729 0.01894 261
1753344507365 0.01895 262
1753344521931 0.01891 263
1753344536517 0.01895 264
1753344551355 0.01896 265
1753344565863 0.01894 266
1753344580392 0.01894 267
1753344594899 0.0189 268
1753344609867 0.0189 269
1753344624407 0.01892 270
1753344639390 0.01892 271
1753344653985 0.01892 272
1753344668947 0.01893 273
1753344683750 0.01893 274
1753344698249 0.01893 275
1753344713107 0.01892 276
1753344727928 0.01894 277
1753344742504 0.01892 278
1753344757117 0.01892 279
1753344772096 0.01892 280
1753344786734 0.01896 281
1753344801523 0.01893 282
1753344816384 0.01893 283
1753344831231 0.01893 284
1753344845936 0.01892 285
1753344860794 0.01892 286
1753344875489 0.01892 287
1753344890051 0.0189 288
1753344904640 0.01891 289
1753344919093 0.01892 290
1753344933661 0.01894 291
1753344948305 0.01891 292
1753344962822 0.01893 293
1753344977489 0.01891 294
1753344992497 0.01894 295
1753345007002 0.01891 296
1753345021896 0.01894 297
1753345036731 0.01894 298
1753345051424 0.01892 299
1753345066248 0.01892 300
