1753340669701 0.0010000000474974513 1
1753340684392 0.0010000000474974513 2
1753340699456 0.0010000000474974513 3
1753340714603 0.0010000000474974513 4
1753340729484 0.0010000000474974513 5
1753340744781 0.0010000000474974513 6
1753340759455 0.0010000000474974513 7
1753340774151 0.0010000000474974513 8
1753340788850 0.0010000000474974513 9
1753340803432 0.0010000000474974513 10
1753340818051 0.0010000000474974513 11
1753340832696 0.0010000000474974513 12
1753340847306 0.0010000000474974513 13
1753340861922 0.0010000000474974513 14
1753340876913 0.0010000000474974513 15
1753340891578 0.0010000000474974513 16
1753340906241 0.0010000000474974513 17
1753340920790 0.0010000000474974513 18
1753340935748 0.0010000000474974513 19
1753340950582 0.0010000000474974513 20
1753340965250 0.0010000000474974513 21
1753340979864 0.0010000000474974513 22
1753340994457 0.0010000000474974513 23
1753341009033 0.0010000000474974513 24
1753341023550 0.0010000000474974513 25
1753341038134 0.0010000000474974513 26
1753341053034 0.0010000000474974513 27
1753341068028 0.0010000000474974513 28
1753341082931 0.0010000000474974513 29
1753341097818 0.0010000000474974513 30
1753341112556 0.0010000000474974513 31
1753341127267 0.0010000000474974513 32
1753341141973 0.0010000000474974513 33
1753341156621 0.0010000000474974513 34
1753341171178 0.0010000000474974513 35
1753341185830 0.0010000000474974513 36
1753341200432 0.0010000000474974513 37
1753341215072 0.0010000000474974513 38
1753341229981 0.0010000000474974513 39
1753341244756 0.0010000000474974513 40
1753341259391 0.0010000000474974513 41
1753341274295 0.0010000000474974513 42
1753341288787 0.0010000000474974513 43
1753341303684 0.0010000000474974513 44
1753341318272 0.0010000000474974513 45
1753341332846 0.0010000000474974513 46
1753341347902 0.0010000000474974513 47
1753341362842 0.0010000000474974513 48
1753341377426 0.0010000000474974513 49
1753341392379 0.0010000000474974513 50
1753341407368 0.0010000000474974513 51
1753341422317 0.0010000000474974513 52
1753341437176 0.0010000000474974513 53
1753341451953 0.0010000000474974513 54
1753341466779 0.0010000000474974513 55
1753341481393 0.0010000000474974513 56
1753341496111 0.0010000000474974513 57
1753341510825 0.0010000000474974513 58
1753341525482 0.0010000000474974513 59
1753341540093 0.0010000000474974513 60
1753341555139 0.0010000000474974513 61
1753341569848 0.0010000000474974513 62
1753341584546 0.0010000000474974513 63
1753341599628 0.0010000000474974513 64
1753341614148 0.0010000000474974513 65
1753341629368 0.0010000000474974513 66
1753341644343 0.0010000000474974513 67
1753341659213 0.0010000000474974513 68
1753341674479 0.0010000000474974513 69
1753341689023 0.0010000000474974513 70
1753341703589 0.0010000000474974513 71
1753341718062 0.0010000000474974513 72
1753341732589 0.0010000000474974513 73
1753341747217 0.0010000000474974513 74
1753341761820 0.0010000000474974513 75
1753341776711 0.0010000000474974513 76
1753341791751 0.0010000000474974513 77
1753341806299 0.0010000000474974513 78
1753341821256 0.00020000000949949026 79
1753341836022 0.00020000000949949026 80
1753341850599 0.00020000000949949026 81
1753341865206 0.00020000000949949026 82
1753341880118 0.00020000000949949026 83
1753341894691 0.00020000000949949026 84
1753341909264 0.00020000000949949026 85
1753341924161 0.00020000000949949026 86
1753341938734 0.00020000000949949026 87
1753341953506 4.0000002627493814e-05 88
1753341968354 4.0000002627493814e-05 89
1753341983263 4.0000002627493814e-05 90
1753341998147 4.0000002627493814e-05 91
1753342013098 4.0000002627493814e-05 92
1753342027927 4.0000002627493814e-05 93
1753342042588 4.0000002627493814e-05 94
1753342057074 4.0000002627493814e-05 95
1753342071798 4.0000002627493814e-05 96
1753342086288 8.000000889296643e-06 97
1753342100887 8.000000889296643e-06 98
1753342115495 8.000000889296643e-06 99
1753342130313 8.000000889296643e-06 100
1753342145263 8.000000889296643e-06 101
1753342160036 8.000000889296643e-06 102
1753342174653 8.000000889296643e-06 103
1753342189436 8.000000889296643e-06 104
1753342204002 8.000000889296643e-06 105
1753342218614 1.6000001323845936e-06 106
1753342233082 1.6000001323845936e-06 107
1753342247638 1.6000001323845936e-06 108
1753342262189 1.6000001323845936e-06 109
1753342277168 1.6000001323845936e-06 110
1753342291899 1.6000001323845936e-06 111
1753342306482 1.6000001323845936e-06 112
1753342321414 1.6000001323845936e-06 113
1753342336438 1.6000001323845936e-06 114
1753342351445 9.999999974752427e-07 115
1753342366234 9.999999974752427e-07 116
1753342381016 9.999999974752427e-07 117
1753342395655 9.999999974752427e-07 118
1753342410443 9.999999974752427e-07 119
1753342425016 9.999999974752427e-07 120
1753342439631 9.999999974752427e-07 121
1753342454256 9.999999974752427e-07 122
1753342469061 9.999999974752427e-07 123
1753342483740 9.999999974752427e-07 124
1753342498828 9.999999974752427e-07 125
1753342514074 9.999999974752427e-07 126
1753342528702 9.999999974752427e-07 127
1753342543860 9.999999974752427e-07 128
1753342559117 9.999999974752427e-07 129
1753342573793 9.999999974752427e-07 130
1753342588415 9.999999974752427e-07 131
1753342603059 9.999999974752427e-07 132
1753342617615 9.999999974752427e-07 133
1753342632204 9.999999974752427e-07 134
1753342647158 9.999999974752427e-07 135
1753342662063 9.999999974752427e-07 136
1753342676993 9.999999974752427e-07 137
1753342691819 9.999999974752427e-07 138
1753342706546 9.999999974752427e-07 139
1753342721435 9.999999974752427e-07 140
1753342736394 9.999999974752427e-07 141
1753342751083 9.999999974752427e-07 142
1753342765907 9.999999974752427e-07 143
1753342780602 9.999999974752427e-07 144
1753342795212 9.999999974752427e-07 145
1753342810049 9.999999974752427e-07 146
1753342824687 9.999999974752427e-07 147
1753342839322 9.999999974752427e-07 148
1753342854302 9.999999974752427e-07 149
1753342869292 9.999999974752427e-07 150
1753342884120 9.999999974752427e-07 151
1753342899074 9.999999974752427e-07 152
1753342913827 9.999999974752427e-07 153
1753342928406 9.999999974752427e-07 154
1753342942975 9.999999974752427e-07 155
1753342957513 9.999999974752427e-07 156
1753342972116 9.999999974752427e-07 157
1753342986696 9.999999974752427e-07 158
1753343001620 9.999999974752427e-07 159
1753343016290 9.999999974752427e-07 160
1753343031050 9.999999974752427e-07 161
1753343045983 9.999999974752427e-07 162
1753343060582 9.999999974752427e-07 163
1753343075579 9.999999974752427e-07 164
1753343090278 9.999999974752427e-07 165
1753343105107 9.999999974752427e-07 166
1753343119620 9.999999974752427e-07 167
1753343134122 9.999999974752427e-07 168
1753343148927 9.999999974752427e-07 169
1753343163846 9.999999974752427e-07 170
1753343178394 9.999999974752427e-07 171
1753343193000 9.999999974752427e-07 172
1753343207575 9.999999974752427e-07 173
1753343222462 9.999999974752427e-07 174
1753343237267 9.999999974752427e-07 175
1753343251904 9.999999974752427e-07 176
1753343266768 9.999999974752427e-07 177
1753343281520 9.999999974752427e-07 178
1753343296104 9.999999974752427e-07 179
1753343310680 9.999999974752427e-07 180
1753343325384 9.999999974752427e-07 181
1753343339998 9.999999974752427e-07 182
1753343354926 9.999999974752427e-07 183
1753343370067 9.999999974752427e-07 184
1753343384968 9.999999974752427e-07 185
1753343399801 9.999999974752427e-07 186
1753343414650 9.999999974752427e-07 187
1753343429261 9.999999974752427e-07 188
1753343444164 9.999999974752427e-07 189
1753343458990 9.999999974752427e-07 190
1753343473503 9.999999974752427e-07 191
1753343488113 9.999999974752427e-07 192
1753343502692 9.999999974752427e-07 193
1753343517242 9.999999974752427e-07 194
1753343532028 9.999999974752427e-07 195
1753343546630 9.999999974752427e-07 196
1753343561111 9.999999974752427e-07 197
1753343576038 9.999999974752427e-07 198
1753343591000 9.999999974752427e-07 199
1753343605803 9.999999974752427e-07 200
1753343620833 9.999999974752427e-07 201
1753343635679 9.999999974752427e-07 202
1753343650317 9.999999974752427e-07 203
1753343664929 9.999999974752427e-07 204
1753343679555 9.999999974752427e-07 205
1753343694106 9.999999974752427e-07 206
1753343708684 9.999999974752427e-07 207
1753343723636 9.999999974752427e-07 208
1753343738436 9.999999974752427e-07 209
1753343753290 9.999999974752427e-07 210
1753343768095 9.999999974752427e-07 211
1753343782611 9.999999974752427e-07 212
1753343797548 9.999999974752427e-07 213
1753343812067 9.999999974752427e-07 214
1753343826899 9.999999974752427e-07 215
1753343841494 9.999999974752427e-07 216
1753343856069 9.999999974752427e-07 217
1753343870648 9.999999974752427e-07 218
1753343885468 9.999999974752427e-07 219
1753343900008 9.999999974752427e-07 220
1753343914710 9.999999974752427e-07 221
1753343929763 9.999999974752427e-07 222
1753343944716 9.999999974752427e-07 223
1753343959620 9.999999974752427e-07 224
1753343974211 9.999999974752427e-07 225
1753343988937 9.999999974752427e-07 226
1753344003706 9.999999974752427e-07 227
1753344018267 9.999999974752427e-07 228
1753344033004 9.999999974752427e-07 229
1753344047657 9.999999974752427e-07 230
1753344062274 9.999999974752427e-07 231
1753344076888 9.999999974752427e-07 232
1753344091794 9.999999974752427e-07 233
1753344106631 9.999999974752427e-07 234
1753344121414 9.999999974752427e-07 235
1753344136135 9.999999974752427e-07 236
1753344150748 9.999999974752427e-07 237
1753344165662 9.999999974752427e-07 238
1753344180490 9.999999974752427e-07 239
1753344195124 9.999999974752427e-07 240
1753344209724 9.999999974752427e-07 241
1753344224369 9.999999974752427e-07 242
1753344238849 9.999999974752427e-07 243
1753344253465 9.999999974752427e-07 244
1753344268239 9.999999974752427e-07 245
1753344283097 9.999999974752427e-07 246
1753344297693 9.999999974752427e-07 247
1753344312634 9.999999974752427e-07 248
1753344327461 9.999999974752427e-07 249
1753344342389 9.999999974752427e-07 250
1753344357108 9.999999974752427e-07 251
1753344371675 9.999999974752427e-07 252
1753344386186 9.999999974752427e-07 253
1753344400730 9.999999974752427e-07 254
1753344415661 9.999999974752427e-07 255
1753344430201 9.999999974752427e-07 256
1753344445120 9.999999974752427e-07 257
1753344459890 9.999999974752427e-07 258
1753344474683 9.999999974752427e-07 259
1753344489469 9.999999974752427e-07 260
1753344504130 9.999999974752427e-07 261
1753344518721 9.999999974752427e-07 262
1753344533246 9.999999974752427e-07 263
1753344548113 9.999999974752427e-07 264
1753344562674 9.999999974752427e-07 265
1753344577194 9.999999974752427e-07 266
1753344591701 9.999999974752427e-07 267
1753344606619 9.999999974752427e-07 268
1753344621224 9.999999974752427e-07 269
1753344636160 9.999999974752427e-07 270
1753344650713 9.999999974752427e-07 271
1753344665708 9.999999974752427e-07 272
1753344680512 9.999999974752427e-07 273
1753344695086 9.999999974752427e-07 274
1753344709899 9.999999974752427e-07 275
1753344724711 9.999999974752427e-07 276
1753344739261 9.999999974752427e-07 277
1753344753859 9.999999974752427e-07 278
1753344768873 9.999999974752427e-07 279
1753344783461 9.999999974752427e-07 280
1753344798272 9.999999974752427e-07 281
1753344813185 9.999999974752427e-07 282
1753344828040 9.999999974752427e-07 283
1753344842751 9.999999974752427e-07 284
1753344857547 9.999999974752427e-07 285
1753344872210 9.999999974752427e-07 286
1753344886820 9.999999974752427e-07 287
1753344901497 9.999999974752427e-07 288
1753344915968 9.999999974752427e-07 289
1753344930408 9.999999974752427e-07 290
1753344945022 9.999999974752427e-07 291
1753344959648 9.999999974752427e-07 292
1753344974315 9.999999974752427e-07 293
1753344989291 9.999999974752427e-07 294
1753345003752 9.999999974752427e-07 295
1753345018633 9.999999974752427e-07 296
1753345033541 9.999999974752427e-07 297
1753345048244 9.999999974752427e-07 298
1753345062997 9.999999974752427e-07 299
1753345077776 9.999999974752427e-07 300
