1752950033904 1.0 0
1752950057670 2.0 0
1752950081477 3.0 0
1752950105240 4.0 0
1752950129160 5.0 0
1752950153444 6.0 0
1752950177175 7.0 0
1752950201500 8.0 0
1752950226259 9.0 0
1752950249912 10.0 0
1752950273590 11.0 0
1752950297338 12.0 0
1752950320828 13.0 0
1752950344717 14.0 0
1752950368331 15.0 0
1752950392106 16.0 0
1752950415967 17.0 0
1752950439627 18.0 0
1752950463463 19.0 0
1752950582312 24.0 0
1752950629905 26.0 0
1752950677140 28.0 0
1752950701131 29.0 0
1752950797226 33.0 0
1752950986719 41.0 0
