1752950019180 0.54273 1
1752950043845 0.35594 2
1752950067529 0.21889 3
1752950091247 0.13871 4
1752950115170 0.09477 5
1752950139092 0.0699 6
1752950163416 0.05501 7
1752950187191 0.04558 8
1752950211412 0.03929 9
1752950236171 0.03492 10
1752950259831 0.03178 11
1752950283503 0.02942 12
1752950307209 0.02764 13
1752950330695 0.02625 14
1752950354566 0.02511 15
1752950378236 0.02422 16
1752950401954 0.02349 17
1752950425849 0.02287 18
1752950449495 0.02235 19
1752950473372 0.0219 20
1752950497160 0.02152 21
1752950520876 0.02119 22
1752950544992 0.0209 23
1752950568346 0.02068 24
1752950592208 0.02043 25
1752950615897 0.02022 26
1752950639769 0.02005 27
1752950663435 0.01989 28
1752950686923 0.01975 29
1752950710964 0.01959 30
1752950734953 0.01944 31
1752950758999 0.01936 32
1752950782751 0.01927 33
1752950807085 0.01917 34
1752950831149 0.01911 35
1752950854720 0.01899 36
1752950877693 0.01894 37
1752950901569 0.01889 38
1752950925477 0.01883 39
1752950949307 0.01875 40
1752950972908 0.0187 41
1752950996595 0.01866 42
1752951020837 0.01859 43
1752951045040 0.01853 44
1752951068763 0.01851 45
1752951092578 0.01849 46
1752951116457 0.01843 47
1752951140394 0.01842 48
1752951164046 0.01838 49
1752951188153 0.01834 50
1752951212428 0.01829 51
1752951236424 0.01829 52
1752951260099 0.01823 53
1752951283979 0.01821 54
1752951308015 0.0182 55
1752951331842 0.01817 56
1752951355748 0.01815 57
1752951379486 0.01814 58
1752951403592 0.0181 59
1752951427575 0.01809 60
1752951451346 0.01805 61
1752951475451 0.01804 62
1752951499324 0.01802 63
1752951523211 0.01798 64
1752951546940 0.01796 65
1752951570733 0.01795 66
1752951594594 0.01793 67
1752951618241 0.01793 68
1752951641830 0.01789 69
1752951665575 0.01789 70
1752951689099 0.01788 71
1752951713042 0.01783 72
1752951737062 0.01785 73
1752951761220 0.01783 74
1752951785329 0.01782 75
1752951809901 0.0178 76
1752951833538 0.01776 77
1752951857331 0.01778 78
1752951881268 0.01774 79
1752951904847 0.01773 80
1752951928528 0.01774 81
1752951952445 0.01773 82
1752951976368 0.0177 83
1752952000494 0.0177 84
1752952024591 0.01768 85
1752952048621 0.01767 86
1752952072509 0.01765 87
1752952096111 0.01764 88
1752952119700 0.01763 89
1752952143402 0.01763 90
1752952167005 0.01759 91
1752952191217 0.01759 92
1752952215253 0.01759 93
1752952238899 0.01758 94
1752952262149 0.01758 95
1752952285794 0.01759 96
1752952309633 0.01754 97
1752952333736 0.01755 98
1752952357419 0.01755 99
1752952381277 0.01752 100
1752952404959 0.01752 101
1752952429139 0.0175 102
1752952452662 0.01748 103
1752952475921 0.01749 104
1752952499799 0.01751 105
1752952523626 0.01746 106
1752952547400 0.01747 107
1752952571339 0.01747 108
1752952595303 0.01744 109
1752952619056 0.01743 110
1752952643066 0.01744 111
1752952666775 0.01741 112
1752952690553 0.01742 113
1752952713881 0.0174 114
1752952737967 0.0174 115
1752952761483 0.01741 116
1752952785455 0.0174 117
1752952809365 0.01738 118
1752952833351 0.01737 119
1752952857271 0.01737 120
1752952881307 0.01736 121
1752952905012 0.01737 122
1752952929168 0.01737 123
1752952953123 0.01733 124
1752952976944 0.01731 125
1752953001313 0.01731 126
1752953025179 0.01733 127
1752953049158 0.01731 128
1752953073231 0.01731 129
1752953097381 0.01729 130
1752953121360 0.01728 131
1752953145731 0.01727 132
1752953169872 0.01728 133
1752953193742 0.01727 134
1752953218186 0.01727 135
1752953241975 0.01726 136
1752953266198 0.01727 137
1752953289669 0.01726 138
1752953313358 0.01727 139
1752953337157 0.01724 140
1752953360772 0.01724 141
1752953384158 0.01723 142
1752953407945 0.01724 143
1752953431692 0.01723 144
1752953455372 0.01721 145
1752953479134 0.01721 146
1752953503013 0.01718 147
1752953526741 0.01718 148
1752953550512 0.01722 149
1752953574369 0.0172 150
1752953598035 0.01719 151
1752953621480 0.01717 152
1752953645300 0.01718 153
1752953668750 0.01717 154
1752953692504 0.01717 155
1752953716383 0.01718 156
1752953740512 0.01717 157
1752953764330 0.01716 158
1752953787927 0.01713 159
1752953811646 0.01712 160
1752953835546 0.01716 161
1752953859146 0.01717 162
1752953882926 0.01715 163
1752953906596 0.01713 164
1752953930516 0.01713 165
1752953954527 0.01711 166
1752953978068 0.01712 167
1752954001727 0.01712 168
1752954025303 0.01711 169
1752954049252 0.01712 170
1752954072950 0.0171 171
1752954097218 0.01709 172
1752954121337 0.01708 173
1752954144727 0.01711 174
1752954168064 0.01708 175
1752954191320 0.01708 176
1752954215243 0.01706 177
1752954239114 0.01707 178
1752954262826 0.01707 179
1752954286374 0.01709 180
1752954310393 0.01708 181
1752954334205 0.01706 182
1752954358278 0.01705 183
1752954382050 0.01706 184
1752954405706 0.01704 185
1752954428803 0.01704 186
1752954452566 0.01703 187
1752954475857 0.01704 188
1752954499638 0.01704 189
1752954523443 0.01701 190
1752954547081 0.01705 191
1752954570969 0.01703 192
1752954594646 0.01703 193
1752954618405 0.01702 194
1752954642070 0.01703 195
1752954666004 0.01701 196
1752954689448 0.01702 197
1752954713098 0.01699 198
1752954736957 0.01699 199
1752954760891 0.01701 200
1752954784459 0.017 201
1752954808388 0.01699 202
1752954832192 0.017 203
1752954856057 0.01698 204
1752954879896 0.017 205
1752954903934 0.01698 206
1752954927764 0.017 207
1752954951241 0.01696 208
1752954974993 0.01696 209
1752954998705 0.01699 210
1752955022392 0.017 211
1752955046513 0.01695 212
1752955070484 0.01695 213
1752955094436 0.01697 214
1752955118182 0.01695 215
1752955141970 0.01697 216
1752955165714 0.01692 217
1752955189711 0.01694 218
1752955213486 0.01693 219
1752955237265 0.01696 220
1752955261678 0.01696 221
1752955285729 0.01692 222
1752955309394 0.01694 223
1752955333432 0.01695 224
1752955357118 0.01692 225
1752955380979 0.01692 226
1752955404570 0.01691 227
1752955428260 0.01691 228
1752955452205 0.01694 229
1752955476290 0.01691 230
1752955499726 0.01691 231
1752955523487 0.01691 232
1752955547355 0.01692 233
1752955570858 0.01689 234
1752955594726 0.0169 235
1752955618411 0.0169 236
1752955642092 0.01691 237
1752955665716 0.01692 238
1752955689347 0.01689 239
1752955712998 0.01689 240
1752955736873 0.01689 241
1752955760793 0.01688 242
1752955784935 0.01688 243
1752955809273 0.01689 244
1752955833628 0.01686 245
1752955857708 0.0169 246
1752955881523 0.01685 247
1752955905529 0.01687 248
1752955929155 0.01687 249
1752955952903 0.01687 250
1752955977252 0.0169 251
1752956000880 0.01688 252
1752956024799 0.01685 253
1752956049017 0.01687 254
1752956073215 0.01688 255
1752956096732 0.01685 256
1752956120099 0.01685 257
1752956143909 0.01685 258
1752956167868 0.01685 259
1752956191583 0.01685 260
1752956215644 0.01685 261
1752956239497 0.01686 262
1752956263316 0.01685 263
1752956287073 0.01682 264
1752956310946 0.01684 265
1752956334988 0.01685 266
1752956359026 0.01685 267
1752956382806 0.01683 268
1752956406718 0.01682 269
1752956431226 0.01682 270
1752956455269 0.01685 271
1752956478742 0.01683 272
1752956502423 0.01683 273
1752956526262 0.01683 274
1752956550086 0.01684 275
1752956573739 0.01682 276
1752956597520 0.01679 277
1752956621540 0.01682 278
1752956645648 0.01682 279
1752956669537 0.01681 280
1752956693159 0.01681 281
1752956717075 0.01681 282
1752956740954 0.01681 283
1752956765002 0.01681 284
1752956788654 0.01681 285
1752956811736 0.01681 286
1752956835120 0.01682 287
1752956858370 0.0168 288
1752956881430 0.01679 289
1752956904563 0.01678 290
1752956928274 0.0168 291
1752956951529 0.01679 292
1752956974765 0.01681 293
1752956998345 0.01679 294
1752957021803 0.01679 295
1752957045605 0.01679 296
1752957069201 0.01677 297
1752957092581 0.01678 298
1752957116180 0.01677 299
1752957139641 0.01677 300
